security,horizon,fold,regime,scheme,feature,importance_type,value,bucket
NOR_10Y,5,Block_GFC,GFC,block_cv,chg_lag1,gain,0.016936825588345528,momentum
NOR_10Y,5,Block_GFC,GFC,block_cv,chg_lag2,gain,0.005945251323282719,momentum
NOR_10Y,5,Block_GFC,GFC,block_cv,chg_lag3,gain,0.039865702390670776,momentum
NOR_10Y,5,Block_GFC,GFC,block_cv,chg_lag4,gain,0.0,momentum
NOR_10Y,5,Block_GFC,GFC,block_cv,chg_lag5,gain,0.004737839102745056,momentum
NOR_10Y,5,Block_GFC,GFC,block_cv,carry_roll,gain,0.0,carry_roll
NOR_10Y,5,Block_GFC,GFC,block_cv,mom_63d,gain,0.041538797318935394,momentum
NOR_10Y,5,Block_GFC,GFC,block_cv,mom_1m,gain,0.0,momentum
NOR_10Y,5,Block_GFC,GFC,block_cv,mom_3m,gain,0.0,momentum
NOR_10Y,5,Block_GFC,GFC,block_cv,mom_6m,gain,0.0,momentum
NOR_10Y,5,Block_GFC,GFC,block_cv,mom_12m,gain,0.0,momentum
NOR_10Y,5,Block_GFC,GFC,block_cv,dev_ma_3m,gain,0.033536139875650406,curve
NOR_10Y,5,Block_GFC,GFC,block_cv,dev_ma_12m,gain,0.0,curve
NOR_10Y,5,Block_GFC,GFC,block_cv,vol_20d,gain,0.0,vol
NOR_10Y,5,Block_GFC,GFC,block_cv,vol_regime,gain,0.0,vol
NOR_10Y,5,Block_GFC,GFC,block_cv,vol_zscore,gain,0.08277947455644608,vol
NOR_10Y,5,Block_GFC,GFC,block_cv,level_zscore,gain,0.09649717807769775,curve
NOR_10Y,5,Block_GFC,GFC,block_cv,slope_10_1,gain,0.04864785075187683,curve
NOR_10Y,5,Block_GFC,GFC,block_cv,slope_10_5,gain,0.0,curve
NOR_10Y,5,Block_GFC,GFC,block_cv,slope_5_1,gain,0.062015872448682785,curve
NOR_10Y,5,Block_GFC,GFC,block_cv,sofr_mom_1m,gain,0.03902298957109451,macro
NOR_10Y,5,Block_GFC,GFC,block_cv,ibor_level,gain,0.0645177960395813,macro
NOR_10Y,5,Block_GFC,GFC,block_cv,ibor_chg_1d,gain,0.0,macro
NOR_10Y,5,Block_GFC,GFC,block_cv,ibor_mom_1m,gain,0.0,macro
NOR_10Y,5,Block_GFC,GFC,block_cv,ibor_term_slope,gain,0.0,macro
NOR_10Y,5,Block_GFC,GFC,block_cv,swap_ibor_basis,gain,0.0,curve
NOR_10Y,5,Block_GFC,GFC,block_cv,move_level,gain,0.0,vol
NOR_10Y,5,Block_GFC,GFC,block_cv,move_zscore,gain,0.035324789583683014,vol
NOR_10Y,5,Block_GFC,GFC,block_cv,vix_level,gain,0.0,vol
NOR_10Y,5,Block_GFC,GFC,block_cv,vix_zscore,gain,0.0,vol
NOR_10Y,5,Block_GFC,GFC,block_cv,v2x_level,gain,0.08027902990579605,vol
NOR_10Y,5,Block_GFC,GFC,block_cv,vxn_level,gain,0.06393136084079742,vol
NOR_10Y,5,Block_GFC,GFC,block_cv,ovx_level,gain,0.0,vol
NOR_10Y,5,Block_GFC,GFC,block_cv,gvz_level,gain,0.0,vol
NOR_10Y,5,Block_GFC,GFC,block_cv,spx_mom_1m,gain,0.005729354918003082,macro
NOR_10Y,5,Block_GFC,GFC,block_cv,spx_mom_3m,gain,0.08852905035018921,macro
NOR_10Y,5,Block_GFC,GFC,block_cv,sx5e_mom_1m,gain,0.0,macro
NOR_10Y,5,Block_GFC,GFC,block_cv,sx5e_mom_3m,gain,0.049773748964071274,macro
NOR_10Y,5,Block_GFC,GFC,block_cv,mxwo_mom_1m,gain,0.0,macro
NOR_10Y,5,Block_GFC,GFC,block_cv,ndx_mom_1m,gain,0.08563303202390671,macro
NOR_10Y,5,Block_GFC,GFC,block_cv,oil_mom_1m,gain,0.08606068789958954,macro
NOR_10Y,5,Block_GFC,GFC,block_cv,oil_mom_3m,gain,0.0,macro
NOR_10Y,5,Block_GFC,GFC,block_cv,copper_mom_1m,gain,0.22005699574947357,macro
NOR_10Y,5,Block_GFC,GFC,block_cv,opec_prod,gain,0.0,macro
NOR_10Y,5,Block_GFC,GFC,block_cv,natgas_mom_1m,gain,0.0,macro
NOR_10Y,5,Block_GFC,GFC,block_cv,be5y_level,gain,0.0,macro
NOR_10Y,5,Block_GFC,GFC,block_cv,be10y_level,gain,0.0,macro
NOR_10Y,5,Block_GFC,GFC,block_cv,be_slope,gain,0.0,macro
NOR_10Y,5,Block_GFC,GFC,block_cv,be5y_chg_1m,gain,0.0,macro
NOR_10Y,5,Block_GFC,GFC,block_cv,ig_spread,gain,0.0,credit
NOR_10Y,5,Block_GFC,GFC,block_cv,hy_spread,gain,0.0,credit
NOR_10Y,5,Block_GFC,GFC,block_cv,ig_chg_1m,gain,0.0,credit
NOR_10Y,5,Block_GFC,GFC,block_cv,hy_chg_1m,gain,0.0,credit
NOR_10Y,5,Block_GFC,GFC,block_cv,cpi_yoy,gain,0.16013145446777344,macro
NOR_10Y,5,Block_GFC,GFC,block_cv,pce_core_chg,gain,0.03332199901342392,macro
NOR_10Y,5,Block_GFC,GFC,block_cv,nfp_change,gain,0.0,macro
NOR_10Y,5,Block_GFC,GFC,block_cv,pmi_us,gain,0.0,macro
NOR_10Y,5,Block_GFC,GFC,block_cv,pmi_eur,gain,0.11351189017295837,macro
NOR_10Y,5,Block_GFC,GFC,block_cv,unemp_eur,gain,0.0,macro
NOR_10Y,5,Block_GFC,GFC,block_cv,cpi_nsa_level,gain,0.0,macro
NOR_10Y,5,Block_GFC,GFC,block_cv,pce_core_level,gain,0.0,macro
NOR_10Y,5,Block_GFC,GFC,block_cv,eur_3m,gain,0.07409973442554474,macro
NOR_10Y,5,Block_GFC,GFC,block_cv,eur_1w,gain,0.0,macro
NOR_10Y,5,Block_GFC,GFC,block_cv,nor_ibor_1m,gain,0.0,norway
NOR_10Y,5,Block_GFC,GFC,block_cv,nor_ibor_6m,gain,0.0,norway
NOR_10Y,5,Block_GFC,GFC,block_cv,nor_ecb_dfr_chg,gain,0.0,norway
NOR_10Y,5,Block_GFC,GFC,block_cv,nor_ecb_dfr_level,gain,0.0,norway
NOR_10Y,5,Block_GFC,GFC,block_cv,nor_eurnok_chg_1d,gain,0.04282701015472412,norway
NOR_10Y,5,Block_GFC,GFC,block_cv,nor_eurnok_level,gain,0.0,norway
NOR_10Y,5,Block_GFC,GFC,block_cv,nor_eurnok_mom_1m,gain,0.052234798669815063,norway
NOR_10Y,5,Block_GFC,GFC,block_cv,nor_eurnok_mom_3m,gain,0.0,norway
NOR_10Y,5,Block_GFC,GFC,block_cv,nor_eurnok_rvol_20d,gain,0.0,norway
NOR_10Y,5,Block_GFC,GFC,block_cv,nor_govt_10y,gain,0.0,norway
NOR_10Y,5,Block_GFC,GFC,block_cv,nor_govt_3y,gain,0.024402864277362823,norway
NOR_10Y,5,Block_GFC,GFC,block_cv,nor_govt_5y,gain,0.0,norway
NOR_10Y,5,Block_GFC,GFC,block_cv,nor_i44_chg_1d,gain,0.0,norway
NOR_10Y,5,Block_GFC,GFC,block_cv,nor_i44_level,gain,0.0,norway
NOR_10Y,5,Block_GFC,GFC,block_cv,nor_i44_mom_1m,gain,0.0,norway
NOR_10Y,5,Block_GFC,GFC,block_cv,nor_i44_mom_3m,gain,0.048482537269592285,norway
NOR_10Y,5,Block_GFC,GFC,block_cv,nor_i44_rvol_20d,gain,0.0,norway
NOR_10Y,5,Block_GFC,GFC,block_cv,nor_kpi_yoy,gain,0.0,norway
NOR_10Y,5,Block_GFC,GFC,block_cv,nor_kpijae_yoy,gain,0.0,norway
NOR_10Y,5,Block_GFC,GFC,block_cv,nor_nibor_nowa_spread,gain,0.0,norway
NOR_10Y,5,Block_GFC,GFC,block_cv,nor_nowa_level,gain,0.0,norway
NOR_10Y,5,Block_GFC,GFC,block_cv,nor_polrate_chg_1d,gain,0.0,norway
NOR_10Y,5,Block_GFC,GFC,block_cv,nor_polrate_days_since_chg,gain,0.0,norway
NOR_10Y,5,Block_GFC,GFC,block_cv,nor_polrate_level,gain,0.0,norway
NOR_10Y,5,Block_GFC,GFC,block_cv,nor_rb_rate_chg,gain,0.0,norway
NOR_10Y,5,Block_GFC,GFC,block_cv,nor_rb_rate_level,gain,0.0,norway
NOR_10Y,5,Block_GFC,GFC,block_cv,nor_unemp,gain,0.0,norway
NOR_10Y,5,Block_GFC,GFC,block_cv,nor_usdnok_chg_1d,gain,0.0,norway
NOR_10Y,5,Block_GFC,GFC,block_cv,nor_usdnok_level,gain,0.0,norway
NOR_10Y,5,Block_GFC,GFC,block_cv,nor_usdnok_mom_1m,gain,0.0,norway
NOR_10Y,5,Block_GFC,GFC,block_cv,nor_usdnok_mom_3m,gain,0.14709225296974182,norway
NOR_10Y,5,Block_GFC,GFC,block_cv,nor_usdnok_rvol_20d,gain,0.0,norway
NOR_10Y,5,Block_GFC,GFC,block_cv,swap_govt_spread,gain,0.0,norway
NOR_10Y,5,Block_GFC,GFC,block_cv,xmpca_01,gain,0.07115232944488525,cross_market
NOR_10Y,5,Block_GFC,GFC,block_cv,xmpca_02,gain,0.012789182364940643,cross_market
NOR_10Y,5,Block_GFC,GFC,block_cv,xmpca_03,gain,0.0,cross_market
NOR_10Y,5,Block_GFC,GFC,block_cv,xmpca_04,gain,0.0,cross_market
NOR_10Y,5,Block_GFC,GFC,block_cv,xmpca_05,gain,0.10448251664638519,cross_market
NOR_10Y,5,Block_GFC,GFC,block_cv,xmpca_06,gain,0.06487230211496353,cross_market
NOR_10Y,5,Block_GFC,GFC,block_cv,xmpca_07,gain,0.0,cross_market
NOR_10Y,5,Block_GFC,GFC,block_cv,xmpca_08,gain,0.0,cross_market
NOR_10Y,5,Block_GFC,GFC,block_cv,xmpca_09,gain,0.0,cross_market
NOR_10Y,5,Block_GFC,GFC,block_cv,xmpca_10,gain,0.11614830791950226,cross_market
NOR_10Y,5,Block_GFC,GFC,block_cv,xmpca_11,gain,0.0,cross_market
NOR_10Y,5,Block_GFC,GFC,block_cv,xmpca_12,gain,0.02435353398323059,cross_market
NOR_10Y,5,Block_GFC,GFC,block_cv,chg_lag1,weight,2.0,momentum
NOR_10Y,5,Block_GFC,GFC,block_cv,chg_lag2,weight,2.0,momentum
NOR_10Y,5,Block_GFC,GFC,block_cv,chg_lag3,weight,2.0,momentum
NOR_10Y,5,Block_GFC,GFC,block_cv,chg_lag4,weight,0.0,momentum
NOR_10Y,5,Block_GFC,GFC,block_cv,chg_lag5,weight,1.0,momentum
NOR_10Y,5,Block_GFC,GFC,block_cv,carry_roll,weight,0.0,carry_roll
NOR_10Y,5,Block_GFC,GFC,block_cv,mom_63d,weight,1.0,momentum
NOR_10Y,5,Block_GFC,GFC,block_cv,mom_1m,weight,0.0,momentum
NOR_10Y,5,Block_GFC,GFC,block_cv,mom_3m,weight,0.0,momentum
NOR_10Y,5,Block_GFC,GFC,block_cv,mom_6m,weight,0.0,momentum
NOR_10Y,5,Block_GFC,GFC,block_cv,mom_12m,weight,0.0,momentum
NOR_10Y,5,Block_GFC,GFC,block_cv,dev_ma_3m,weight,2.0,curve
NOR_10Y,5,Block_GFC,GFC,block_cv,dev_ma_12m,weight,0.0,curve
NOR_10Y,5,Block_GFC,GFC,block_cv,vol_20d,weight,0.0,vol
NOR_10Y,5,Block_GFC,GFC,block_cv,vol_regime,weight,0.0,vol
NOR_10Y,5,Block_GFC,GFC,block_cv,vol_zscore,weight,1.0,vol
NOR_10Y,5,Block_GFC,GFC,block_cv,level_zscore,weight,1.0,curve
NOR_10Y,5,Block_GFC,GFC,block_cv,slope_10_1,weight,1.0,curve
NOR_10Y,5,Block_GFC,GFC,block_cv,slope_10_5,weight,0.0,curve
NOR_10Y,5,Block_GFC,GFC,block_cv,slope_5_1,weight,2.0,curve
NOR_10Y,5,Block_GFC,GFC,block_cv,sofr_mom_1m,weight,2.0,macro
NOR_10Y,5,Block_GFC,GFC,block_cv,ibor_level,weight,2.0,macro
NOR_10Y,5,Block_GFC,GFC,block_cv,ibor_chg_1d,weight,0.0,macro
NOR_10Y,5,Block_GFC,GFC,block_cv,ibor_mom_1m,weight,0.0,macro
NOR_10Y,5,Block_GFC,GFC,block_cv,ibor_term_slope,weight,0.0,macro
NOR_10Y,5,Block_GFC,GFC,block_cv,swap_ibor_basis,weight,0.0,curve
NOR_10Y,5,Block_GFC,GFC,block_cv,move_level,weight,0.0,vol
NOR_10Y,5,Block_GFC,GFC,block_cv,move_zscore,weight,1.0,vol
NOR_10Y,5,Block_GFC,GFC,block_cv,vix_level,weight,0.0,vol
NOR_10Y,5,Block_GFC,GFC,block_cv,vix_zscore,weight,0.0,vol
NOR_10Y,5,Block_GFC,GFC,block_cv,v2x_level,weight,2.0,vol
NOR_10Y,5,Block_GFC,GFC,block_cv,vxn_level,weight,1.0,vol
NOR_10Y,5,Block_GFC,GFC,block_cv,ovx_level,weight,0.0,vol
NOR_10Y,5,Block_GFC,GFC,block_cv,gvz_level,weight,0.0,vol
NOR_10Y,5,Block_GFC,GFC,block_cv,spx_mom_1m,weight,1.0,macro
NOR_10Y,5,Block_GFC,GFC,block_cv,spx_mom_3m,weight,1.0,macro
NOR_10Y,5,Block_GFC,GFC,block_cv,sx5e_mom_1m,weight,0.0,macro
NOR_10Y,5,Block_GFC,GFC,block_cv,sx5e_mom_3m,weight,1.0,macro
NOR_10Y,5,Block_GFC,GFC,block_cv,mxwo_mom_1m,weight,0.0,macro
NOR_10Y,5,Block_GFC,GFC,block_cv,ndx_mom_1m,weight,1.0,macro
NOR_10Y,5,Block_GFC,GFC,block_cv,oil_mom_1m,weight,2.0,macro
NOR_10Y,5,Block_GFC,GFC,block_cv,oil_mom_3m,weight,0.0,macro
NOR_10Y,5,Block_GFC,GFC,block_cv,copper_mom_1m,weight,1.0,macro
NOR_10Y,5,Block_GFC,GFC,block_cv,opec_prod,weight,0.0,macro
NOR_10Y,5,Block_GFC,GFC,block_cv,natgas_mom_1m,weight,0.0,macro
NOR_10Y,5,Block_GFC,GFC,block_cv,be5y_level,weight,0.0,macro
NOR_10Y,5,Block_GFC,GFC,block_cv,be10y_level,weight,0.0,macro
NOR_10Y,5,Block_GFC,GFC,block_cv,be_slope,weight,0.0,macro
NOR_10Y,5,Block_GFC,GFC,block_cv,be5y_chg_1m,weight,0.0,macro
NOR_10Y,5,Block_GFC,GFC,block_cv,ig_spread,weight,0.0,credit
NOR_10Y,5,Block_GFC,GFC,block_cv,hy_spread,weight,0.0,credit
NOR_10Y,5,Block_GFC,GFC,block_cv,ig_chg_1m,weight,0.0,credit
NOR_10Y,5,Block_GFC,GFC,block_cv,hy_chg_1m,weight,0.0,credit
NOR_10Y,5,Block_GFC,GFC,block_cv,cpi_yoy,weight,1.0,macro
NOR_10Y,5,Block_GFC,GFC,block_cv,pce_core_chg,weight,1.0,macro
NOR_10Y,5,Block_GFC,GFC,block_cv,nfp_change,weight,0.0,macro
NOR_10Y,5,Block_GFC,GFC,block_cv,pmi_us,weight,0.0,macro
NOR_10Y,5,Block_GFC,GFC,block_cv,pmi_eur,weight,1.0,macro
NOR_10Y,5,Block_GFC,GFC,block_cv,unemp_eur,weight,0.0,macro
NOR_10Y,5,Block_GFC,GFC,block_cv,cpi_nsa_level,weight,0.0,macro
NOR_10Y,5,Block_GFC,GFC,block_cv,pce_core_level,weight,0.0,macro
NOR_10Y,5,Block_GFC,GFC,block_cv,eur_3m,weight,2.0,macro
NOR_10Y,5,Block_GFC,GFC,block_cv,eur_1w,weight,0.0,macro
NOR_10Y,5,Block_GFC,GFC,block_cv,nor_ibor_1m,weight,0.0,norway
NOR_10Y,5,Block_GFC,GFC,block_cv,nor_ibor_6m,weight,0.0,norway
NOR_10Y,5,Block_GFC,GFC,block_cv,nor_ecb_dfr_chg,weight,0.0,norway
NOR_10Y,5,Block_GFC,GFC,block_cv,nor_ecb_dfr_level,weight,0.0,norway
NOR_10Y,5,Block_GFC,GFC,block_cv,nor_eurnok_chg_1d,weight,1.0,norway
NOR_10Y,5,Block_GFC,GFC,block_cv,nor_eurnok_level,weight,0.0,norway
NOR_10Y,5,Block_GFC,GFC,block_cv,nor_eurnok_mom_1m,weight,1.0,norway
NOR_10Y,5,Block_GFC,GFC,block_cv,nor_eurnok_mom_3m,weight,0.0,norway
NOR_10Y,5,Block_GFC,GFC,block_cv,nor_eurnok_rvol_20d,weight,0.0,norway
NOR_10Y,5,Block_GFC,GFC,block_cv,nor_govt_10y,weight,0.0,norway
NOR_10Y,5,Block_GFC,GFC,block_cv,nor_govt_3y,weight,1.0,norway
NOR_10Y,5,Block_GFC,GFC,block_cv,nor_govt_5y,weight,0.0,norway
NOR_10Y,5,Block_GFC,GFC,block_cv,nor_i44_chg_1d,weight,0.0,norway
NOR_10Y,5,Block_GFC,GFC,block_cv,nor_i44_level,weight,0.0,norway
NOR_10Y,5,Block_GFC,GFC,block_cv,nor_i44_mom_1m,weight,0.0,norway
NOR_10Y,5,Block_GFC,GFC,block_cv,nor_i44_mom_3m,weight,2.0,norway
NOR_10Y,5,Block_GFC,GFC,block_cv,nor_i44_rvol_20d,weight,0.0,norway
NOR_10Y,5,Block_GFC,GFC,block_cv,nor_kpi_yoy,weight,0.0,norway
NOR_10Y,5,Block_GFC,GFC,block_cv,nor_kpijae_yoy,weight,0.0,norway
NOR_10Y,5,Block_GFC,GFC,block_cv,nor_nibor_nowa_spread,weight,0.0,norway
NOR_10Y,5,Block_GFC,GFC,block_cv,nor_nowa_level,weight,0.0,norway
NOR_10Y,5,Block_GFC,GFC,block_cv,nor_polrate_chg_1d,weight,0.0,norway
NOR_10Y,5,Block_GFC,GFC,block_cv,nor_polrate_days_since_chg,weight,0.0,norway
NOR_10Y,5,Block_GFC,GFC,block_cv,nor_polrate_level,weight,0.0,norway
NOR_10Y,5,Block_GFC,GFC,block_cv,nor_rb_rate_chg,weight,0.0,norway
NOR_10Y,5,Block_GFC,GFC,block_cv,nor_rb_rate_level,weight,0.0,norway
NOR_10Y,5,Block_GFC,GFC,block_cv,nor_unemp,weight,0.0,norway
NOR_10Y,5,Block_GFC,GFC,block_cv,nor_usdnok_chg_1d,weight,0.0,norway
NOR_10Y,5,Block_GFC,GFC,block_cv,nor_usdnok_level,weight,0.0,norway
NOR_10Y,5,Block_GFC,GFC,block_cv,nor_usdnok_mom_1m,weight,0.0,norway
NOR_10Y,5,Block_GFC,GFC,block_cv,nor_usdnok_mom_3m,weight,1.0,norway
NOR_10Y,5,Block_GFC,GFC,block_cv,nor_usdnok_rvol_20d,weight,0.0,norway
NOR_10Y,5,Block_GFC,GFC,block_cv,swap_govt_spread,weight,0.0,norway
NOR_10Y,5,Block_GFC,GFC,block_cv,xmpca_01,weight,1.0,cross_market
NOR_10Y,5,Block_GFC,GFC,block_cv,xmpca_02,weight,2.0,cross_market
NOR_10Y,5,Block_GFC,GFC,block_cv,xmpca_03,weight,0.0,cross_market
NOR_10Y,5,Block_GFC,GFC,block_cv,xmpca_04,weight,0.0,cross_market
NOR_10Y,5,Block_GFC,GFC,block_cv,xmpca_05,weight,1.0,cross_market
NOR_10Y,5,Block_GFC,GFC,block_cv,xmpca_06,weight,1.0,cross_market
NOR_10Y,5,Block_GFC,GFC,block_cv,xmpca_07,weight,0.0,cross_market
NOR_10Y,5,Block_GFC,GFC,block_cv,xmpca_08,weight,0.0,cross_market
NOR_10Y,5,Block_GFC,GFC,block_cv,xmpca_09,weight,0.0,cross_market
NOR_10Y,5,Block_GFC,GFC,block_cv,xmpca_10,weight,1.0,cross_market
NOR_10Y,5,Block_GFC,GFC,block_cv,xmpca_11,weight,0.0,cross_market
NOR_10Y,5,Block_GFC,GFC,block_cv,xmpca_12,weight,1.0,cross_market
NOR_10Y,5,Block_GFC,GFC,block_cv,chg_lag1,cover,12.5,momentum
NOR_10Y,5,Block_GFC,GFC,block_cv,chg_lag2,cover,9.5,momentum
NOR_10Y,5,Block_GFC,GFC,block_cv,chg_lag3,cover,86.5,momentum
NOR_10Y,5,Block_GFC,GFC,block_cv,chg_lag4,cover,0.0,momentum
NOR_10Y,5,Block_GFC,GFC,block_cv,chg_lag5,cover,16.0,momentum
NOR_10Y,5,Block_GFC,GFC,block_cv,carry_roll,cover,0.0,carry_roll
NOR_10Y,5,Block_GFC,GFC,block_cv,mom_63d,cover,34.0,momentum
NOR_10Y,5,Block_GFC,GFC,block_cv,mom_1m,cover,0.0,momentum
NOR_10Y,5,Block_GFC,GFC,block_cv,mom_3m,cover,0.0,momentum
NOR_10Y,5,Block_GFC,GFC,block_cv,mom_6m,cover,0.0,momentum
NOR_10Y,5,Block_GFC,GFC,block_cv,mom_12m,cover,0.0,momentum
NOR_10Y,5,Block_GFC,GFC,block_cv,dev_ma_3m,cover,13.5,curve
NOR_10Y,5,Block_GFC,GFC,block_cv,dev_ma_12m,cover,0.0,curve
NOR_10Y,5,Block_GFC,GFC,block_cv,vol_20d,cover,0.0,vol
NOR_10Y,5,Block_GFC,GFC,block_cv,vol_regime,cover,0.0,vol
NOR_10Y,5,Block_GFC,GFC,block_cv,vol_zscore,cover,77.0,vol
NOR_10Y,5,Block_GFC,GFC,block_cv,level_zscore,cover,646.0,curve
NOR_10Y,5,Block_GFC,GFC,block_cv,slope_10_1,cover,124.0,curve
NOR_10Y,5,Block_GFC,GFC,block_cv,slope_10_5,cover,0.0,curve
NOR_10Y,5,Block_GFC,GFC,block_cv,slope_5_1,cover,529.0,curve
NOR_10Y,5,Block_GFC,GFC,block_cv,sofr_mom_1m,cover,458.0,macro
NOR_10Y,5,Block_GFC,GFC,block_cv,ibor_level,cover,376.0,macro
NOR_10Y,5,Block_GFC,GFC,block_cv,ibor_chg_1d,cover,0.0,macro
NOR_10Y,5,Block_GFC,GFC,block_cv,ibor_mom_1m,cover,0.0,macro
NOR_10Y,5,Block_GFC,GFC,block_cv,ibor_term_slope,cover,0.0,macro
NOR_10Y,5,Block_GFC,GFC,block_cv,swap_ibor_basis,cover,0.0,curve
NOR_10Y,5,Block_GFC,GFC,block_cv,move_level,cover,0.0,vol
NOR_10Y,5,Block_GFC,GFC,block_cv,move_zscore,cover,22.0,vol
NOR_10Y,5,Block_GFC,GFC,block_cv,vix_level,cover,0.0,vol
NOR_10Y,5,Block_GFC,GFC,block_cv,vix_zscore,cover,0.0,vol
NOR_10Y,5,Block_GFC,GFC,block_cv,v2x_level,cover,82.5,vol
NOR_10Y,5,Block_GFC,GFC,block_cv,vxn_level,cover,522.0,vol
NOR_10Y,5,Block_GFC,GFC,block_cv,ovx_level,cover,0.0,vol
NOR_10Y,5,Block_GFC,GFC,block_cv,gvz_level,cover,0.0,vol
NOR_10Y,5,Block_GFC,GFC,block_cv,spx_mom_1m,cover,6.0,macro
NOR_10Y,5,Block_GFC,GFC,block_cv,spx_mom_3m,cover,54.0,macro
NOR_10Y,5,Block_GFC,GFC,block_cv,sx5e_mom_1m,cover,0.0,macro
NOR_10Y,5,Block_GFC,GFC,block_cv,sx5e_mom_3m,cover,15.0,macro
NOR_10Y,5,Block_GFC,GFC,block_cv,mxwo_mom_1m,cover,0.0,macro
NOR_10Y,5,Block_GFC,GFC,block_cv,ndx_mom_1m,cover,1475.0,macro
NOR_10Y,5,Block_GFC,GFC,block_cv,oil_mom_1m,cover,881.5,macro
NOR_10Y,5,Block_GFC,GFC,block_cv,oil_mom_3m,cover,0.0,macro
NOR_10Y,5,Block_GFC,GFC,block_cv,copper_mom_1m,cover,100.0,macro
NOR_10Y,5,Block_GFC,GFC,block_cv,opec_prod,cover,0.0,macro
NOR_10Y,5,Block_GFC,GFC,block_cv,natgas_mom_1m,cover,0.0,macro
NOR_10Y,5,Block_GFC,GFC,block_cv,be5y_level,cover,0.0,macro
NOR_10Y,5,Block_GFC,GFC,block_cv,be10y_level,cover,0.0,macro
NOR_10Y,5,Block_GFC,GFC,block_cv,be_slope,cover,0.0,macro
NOR_10Y,5,Block_GFC,GFC,block_cv,be5y_chg_1m,cover,0.0,macro
NOR_10Y,5,Block_GFC,GFC,block_cv,ig_spread,cover,0.0,credit
NOR_10Y,5,Block_GFC,GFC,block_cv,hy_spread,cover,0.0,credit
NOR_10Y,5,Block_GFC,GFC,block_cv,ig_chg_1m,cover,0.0,credit
NOR_10Y,5,Block_GFC,GFC,block_cv,hy_chg_1m,cover,0.0,credit
NOR_10Y,5,Block_GFC,GFC,block_cv,cpi_yoy,cover,1809.0,macro
NOR_10Y,5,Block_GFC,GFC,block_cv,pce_core_chg,cover,50.0,macro
NOR_10Y,5,Block_GFC,GFC,block_cv,nfp_change,cover,0.0,macro
NOR_10Y,5,Block_GFC,GFC,block_cv,pmi_us,cover,0.0,macro
NOR_10Y,5,Block_GFC,GFC,block_cv,pmi_eur,cover,1713.0,macro
NOR_10Y,5,Block_GFC,GFC,block_cv,unemp_eur,cover,0.0,macro
NOR_10Y,5,Block_GFC,GFC,block_cv,cpi_nsa_level,cover,0.0,macro
NOR_10Y,5,Block_GFC,GFC,block_cv,pce_core_level,cover,0.0,macro
NOR_10Y,5,Block_GFC,GFC,block_cv,eur_3m,cover,96.5,macro
NOR_10Y,5,Block_GFC,GFC,block_cv,eur_1w,cover,0.0,macro
NOR_10Y,5,Block_GFC,GFC,block_cv,nor_ibor_1m,cover,0.0,norway
NOR_10Y,5,Block_GFC,GFC,block_cv,nor_ibor_6m,cover,0.0,norway
NOR_10Y,5,Block_GFC,GFC,block_cv,nor_ecb_dfr_chg,cover,0.0,norway
NOR_10Y,5,Block_GFC,GFC,block_cv,nor_ecb_dfr_level,cover,0.0,norway
NOR_10Y,5,Block_GFC,GFC,block_cv,nor_eurnok_chg_1d,cover,44.0,norway
NOR_10Y,5,Block_GFC,GFC,block_cv,nor_eurnok_level,cover,0.0,norway
NOR_10Y,5,Block_GFC,GFC,block_cv,nor_eurnok_mom_1m,cover,38.0,norway
NOR_10Y,5,Block_GFC,GFC,block_cv,nor_eurnok_mom_3m,cover,0.0,norway
NOR_10Y,5,Block_GFC,GFC,block_cv,nor_eurnok_rvol_20d,cover,0.0,norway
NOR_10Y,5,Block_GFC,GFC,block_cv,nor_govt_10y,cover,0.0,norway
NOR_10Y,5,Block_GFC,GFC,block_cv,nor_govt_3y,cover,18.0,norway
NOR_10Y,5,Block_GFC,GFC,block_cv,nor_govt_5y,cover,0.0,norway
NOR_10Y,5,Block_GFC,GFC,block_cv,nor_i44_chg_1d,cover,0.0,norway
NOR_10Y,5,Block_GFC,GFC,block_cv,nor_i44_level,cover,0.0,norway
NOR_10Y,5,Block_GFC,GFC,block_cv,nor_i44_mom_1m,cover,0.0,norway
NOR_10Y,5,Block_GFC,GFC,block_cv,nor_i44_mom_3m,cover,672.0,norway
NOR_10Y,5,Block_GFC,GFC,block_cv,nor_i44_rvol_20d,cover,0.0,norway
NOR_10Y,5,Block_GFC,GFC,block_cv,nor_kpi_yoy,cover,0.0,norway
NOR_10Y,5,Block_GFC,GFC,block_cv,nor_kpijae_yoy,cover,0.0,norway
NOR_10Y,5,Block_GFC,GFC,block_cv,nor_nibor_nowa_spread,cover,0.0,norway
NOR_10Y,5,Block_GFC,GFC,block_cv,nor_nowa_level,cover,0.0,norway
NOR_10Y,5,Block_GFC,GFC,block_cv,nor_polrate_chg_1d,cover,0.0,norway
NOR_10Y,5,Block_GFC,GFC,block_cv,nor_polrate_days_since_chg,cover,0.0,norway
NOR_10Y,5,Block_GFC,GFC,block_cv,nor_polrate_level,cover,0.0,norway
NOR_10Y,5,Block_GFC,GFC,block_cv,nor_rb_rate_chg,cover,0.0,norway
NOR_10Y,5,Block_GFC,GFC,block_cv,nor_rb_rate_level,cover,0.0,norway
NOR_10Y,5,Block_GFC,GFC,block_cv,nor_unemp,cover,0.0,norway
NOR_10Y,5,Block_GFC,GFC,block_cv,nor_usdnok_chg_1d,cover,0.0,norway
NOR_10Y,5,Block_GFC,GFC,block_cv,nor_usdnok_level,cover,0.0,norway
NOR_10Y,5,Block_GFC,GFC,block_cv,nor_usdnok_mom_1m,cover,0.0,norway
NOR_10Y,5,Block_GFC,GFC,block_cv,nor_usdnok_mom_3m,cover,1767.0,norway
NOR_10Y,5,Block_GFC,GFC,block_cv,nor_usdnok_rvol_20d,cover,0.0,norway
NOR_10Y,5,Block_GFC,GFC,block_cv,swap_govt_spread,cover,0.0,norway
NOR_10Y,5,Block_GFC,GFC,block_cv,xmpca_01,cover,945.0,cross_market
NOR_10Y,5,Block_GFC,GFC,block_cv,xmpca_02,cover,8.0,cross_market
NOR_10Y,5,Block_GFC,GFC,block_cv,xmpca_03,cover,0.0,cross_market
NOR_10Y,5,Block_GFC,GFC,block_cv,xmpca_04,cover,0.0,cross_market
NOR_10Y,5,Block_GFC,GFC,block_cv,xmpca_05,cover,223.0,cross_market
NOR_10Y,5,Block_GFC,GFC,block_cv,xmpca_06,cover,1382.0,cross_market
NOR_10Y,5,Block_GFC,GFC,block_cv,xmpca_07,cover,0.0,cross_market
NOR_10Y,5,Block_GFC,GFC,block_cv,xmpca_08,cover,0.0,cross_market
NOR_10Y,5,Block_GFC,GFC,block_cv,xmpca_09,cover,0.0,cross_market
NOR_10Y,5,Block_GFC,GFC,block_cv,xmpca_10,cover,238.0,cross_market
NOR_10Y,5,Block_GFC,GFC,block_cv,xmpca_11,cover,0.0,cross_market
NOR_10Y,5,Block_GFC,GFC,block_cv,xmpca_12,cover,23.0,cross_market
NOR_10Y,5,Block_GFC,GFC,block_cv,chg_lag1,total_gain,0.033873651176691055,momentum
NOR_10Y,5,Block_GFC,GFC,block_cv,chg_lag2,total_gain,0.011890502646565437,momentum
NOR_10Y,5,Block_GFC,GFC,block_cv,chg_lag3,total_gain,0.07973140478134155,momentum
NOR_10Y,5,Block_GFC,GFC,block_cv,chg_lag4,total_gain,0.0,momentum
NOR_10Y,5,Block_GFC,GFC,block_cv,chg_lag5,total_gain,0.004737839102745056,momentum
NOR_10Y,5,Block_GFC,GFC,block_cv,carry_roll,total_gain,0.0,carry_roll
NOR_10Y,5,Block_GFC,GFC,block_cv,mom_63d,total_gain,0.041538797318935394,momentum
NOR_10Y,5,Block_GFC,GFC,block_cv,mom_1m,total_gain,0.0,momentum
NOR_10Y,5,Block_GFC,GFC,block_cv,mom_3m,total_gain,0.0,momentum
NOR_10Y,5,Block_GFC,GFC,block_cv,mom_6m,total_gain,0.0,momentum
NOR_10Y,5,Block_GFC,GFC,block_cv,mom_12m,total_gain,0.0,momentum
NOR_10Y,5,Block_GFC,GFC,block_cv,dev_ma_3m,total_gain,0.06707227975130081,curve
NOR_10Y,5,Block_GFC,GFC,block_cv,dev_ma_12m,total_gain,0.0,curve
NOR_10Y,5,Block_GFC,GFC,block_cv,vol_20d,total_gain,0.0,vol
NOR_10Y,5,Block_GFC,GFC,block_cv,vol_regime,total_gain,0.0,vol
NOR_10Y,5,Block_GFC,GFC,block_cv,vol_zscore,total_gain,0.08277947455644608,vol
NOR_10Y,5,Block_GFC,GFC,block_cv,level_zscore,total_gain,0.09649717807769775,curve
NOR_10Y,5,Block_GFC,GFC,block_cv,slope_10_1,total_gain,0.04864785075187683,curve
NOR_10Y,5,Block_GFC,GFC,block_cv,slope_10_5,total_gain,0.0,curve
NOR_10Y,5,Block_GFC,GFC,block_cv,slope_5_1,total_gain,0.12403174489736557,curve
NOR_10Y,5,Block_GFC,GFC,block_cv,sofr_mom_1m,total_gain,0.07804597914218903,macro
NOR_10Y,5,Block_GFC,GFC,block_cv,ibor_level,total_gain,0.1290355920791626,macro
NOR_10Y,5,Block_GFC,GFC,block_cv,ibor_chg_1d,total_gain,0.0,macro
NOR_10Y,5,Block_GFC,GFC,block_cv,ibor_mom_1m,total_gain,0.0,macro
NOR_10Y,5,Block_GFC,GFC,block_cv,ibor_term_slope,total_gain,0.0,macro
NOR_10Y,5,Block_GFC,GFC,block_cv,swap_ibor_basis,total_gain,0.0,curve
NOR_10Y,5,Block_GFC,GFC,block_cv,move_level,total_gain,0.0,vol
NOR_10Y,5,Block_GFC,GFC,block_cv,move_zscore,total_gain,0.035324789583683014,vol
NOR_10Y,5,Block_GFC,GFC,block_cv,vix_level,total_gain,0.0,vol
NOR_10Y,5,Block_GFC,GFC,block_cv,vix_zscore,total_gain,0.0,vol
NOR_10Y,5,Block_GFC,GFC,block_cv,v2x_level,total_gain,0.1605580598115921,vol
NOR_10Y,5,Block_GFC,GFC,block_cv,vxn_level,total_gain,0.06393136084079742,vol
NOR_10Y,5,Block_GFC,GFC,block_cv,ovx_level,total_gain,0.0,vol
NOR_10Y,5,Block_GFC,GFC,block_cv,gvz_level,total_gain,0.0,vol
NOR_10Y,5,Block_GFC,GFC,block_cv,spx_mom_1m,total_gain,0.005729354918003082,macro
NOR_10Y,5,Block_GFC,GFC,block_cv,spx_mom_3m,total_gain,0.08852905035018921,macro
NOR_10Y,5,Block_GFC,GFC,block_cv,sx5e_mom_1m,total_gain,0.0,macro
NOR_10Y,5,Block_GFC,GFC,block_cv,sx5e_mom_3m,total_gain,0.049773748964071274,macro
NOR_10Y,5,Block_GFC,GFC,block_cv,mxwo_mom_1m,total_gain,0.0,macro
NOR_10Y,5,Block_GFC,GFC,block_cv,ndx_mom_1m,total_gain,0.08563303202390671,macro
NOR_10Y,5,Block_GFC,GFC,block_cv,oil_mom_1m,total_gain,0.17212137579917908,macro
NOR_10Y,5,Block_GFC,GFC,block_cv,oil_mom_3m,total_gain,0.0,macro
NOR_10Y,5,Block_GFC,GFC,block_cv,copper_mom_1m,total_gain,0.22005699574947357,macro
NOR_10Y,5,Block_GFC,GFC,block_cv,opec_prod,total_gain,0.0,macro
NOR_10Y,5,Block_GFC,GFC,block_cv,natgas_mom_1m,total_gain,0.0,macro
NOR_10Y,5,Block_GFC,GFC,block_cv,be5y_level,total_gain,0.0,macro
NOR_10Y,5,Block_GFC,GFC,block_cv,be10y_level,total_gain,0.0,macro
NOR_10Y,5,Block_GFC,GFC,block_cv,be_slope,total_gain,0.0,macro
NOR_10Y,5,Block_GFC,GFC,block_cv,be5y_chg_1m,total_gain,0.0,macro
NOR_10Y,5,Block_GFC,GFC,block_cv,ig_spread,total_gain,0.0,credit
NOR_10Y,5,Block_GFC,GFC,block_cv,hy_spread,total_gain,0.0,credit
NOR_10Y,5,Block_GFC,GFC,block_cv,ig_chg_1m,total_gain,0.0,credit
NOR_10Y,5,Block_GFC,GFC,block_cv,hy_chg_1m,total_gain,0.0,credit
NOR_10Y,5,Block_GFC,GFC,block_cv,cpi_yoy,total_gain,0.16013145446777344,macro
NOR_10Y,5,Block_GFC,GFC,block_cv,pce_core_chg,total_gain,0.03332199901342392,macro
NOR_10Y,5,Block_GFC,GFC,block_cv,nfp_change,total_gain,0.0,macro
NOR_10Y,5,Block_GFC,GFC,block_cv,pmi_us,total_gain,0.0,macro
NOR_10Y,5,Block_GFC,GFC,block_cv,pmi_eur,total_gain,0.11351189017295837,macro
NOR_10Y,5,Block_GFC,GFC,block_cv,unemp_eur,total_gain,0.0,macro
NOR_10Y,5,Block_GFC,GFC,block_cv,cpi_nsa_level,total_gain,0.0,macro
NOR_10Y,5,Block_GFC,GFC,block_cv,pce_core_level,total_gain,0.0,macro
NOR_10Y,5,Block_GFC,GFC,block_cv,eur_3m,total_gain,0.14819946885108948,macro
NOR_10Y,5,Block_GFC,GFC,block_cv,eur_1w,total_gain,0.0,macro
NOR_10Y,5,Block_GFC,GFC,block_cv,nor_ibor_1m,total_gain,0.0,norway
NOR_10Y,5,Block_GFC,GFC,block_cv,nor_ibor_6m,total_gain,0.0,norway
NOR_10Y,5,Block_GFC,GFC,block_cv,nor_ecb_dfr_chg,total_gain,0.0,norway
NOR_10Y,5,Block_GFC,GFC,block_cv,nor_ecb_dfr_level,total_gain,0.0,norway
NOR_10Y,5,Block_GFC,GFC,block_cv,nor_eurnok_chg_1d,total_gain,0.04282701015472412,norway
NOR_10Y,5,Block_GFC,GFC,block_cv,nor_eurnok_level,total_gain,0.0,norway
NOR_10Y,5,Block_GFC,GFC,block_cv,nor_eurnok_mom_1m,total_gain,0.052234798669815063,norway
NOR_10Y,5,Block_GFC,GFC,block_cv,nor_eurnok_mom_3m,total_gain,0.0,norway
NOR_10Y,5,Block_GFC,GFC,block_cv,nor_eurnok_rvol_20d,total_gain,0.0,norway
NOR_10Y,5,Block_GFC,GFC,block_cv,nor_govt_10y,total_gain,0.0,norway
NOR_10Y,5,Block_GFC,GFC,block_cv,nor_govt_3y,total_gain,0.024402864277362823,norway
NOR_10Y,5,Block_GFC,GFC,block_cv,nor_govt_5y,total_gain,0.0,norway
NOR_10Y,5,Block_GFC,GFC,block_cv,nor_i44_chg_1d,total_gain,0.0,norway
NOR_10Y,5,Block_GFC,GFC,block_cv,nor_i44_level,total_gain,0.0,norway
NOR_10Y,5,Block_GFC,GFC,block_cv,nor_i44_mom_1m,total_gain,0.0,norway
NOR_10Y,5,Block_GFC,GFC,block_cv,nor_i44_mom_3m,total_gain,0.09696507453918457,norway
NOR_10Y,5,Block_GFC,GFC,block_cv,nor_i44_rvol_20d,total_gain,0.0,norway
NOR_10Y,5,Block_GFC,GFC,block_cv,nor_kpi_yoy,total_gain,0.0,norway
NOR_10Y,5,Block_GFC,GFC,block_cv,nor_kpijae_yoy,total_gain,0.0,norway
NOR_10Y,5,Block_GFC,GFC,block_cv,nor_nibor_nowa_spread,total_gain,0.0,norway
NOR_10Y,5,Block_GFC,GFC,block_cv,nor_nowa_level,total_gain,0.0,norway
NOR_10Y,5,Block_GFC,GFC,block_cv,nor_polrate_chg_1d,total_gain,0.0,norway
NOR_10Y,5,Block_GFC,GFC,block_cv,nor_polrate_days_since_chg,total_gain,0.0,norway
NOR_10Y,5,Block_GFC,GFC,block_cv,nor_polrate_level,total_gain,0.0,norway
NOR_10Y,5,Block_GFC,GFC,block_cv,nor_rb_rate_chg,total_gain,0.0,norway
NOR_10Y,5,Block_GFC,GFC,block_cv,nor_rb_rate_level,total_gain,0.0,norway
NOR_10Y,5,Block_GFC,GFC,block_cv,nor_unemp,total_gain,0.0,norway
NOR_10Y,5,Block_GFC,GFC,block_cv,nor_usdnok_chg_1d,total_gain,0.0,norway
NOR_10Y,5,Block_GFC,GFC,block_cv,nor_usdnok_level,total_gain,0.0,norway
NOR_10Y,5,Block_GFC,GFC,block_cv,nor_usdnok_mom_1m,total_gain,0.0,norway
NOR_10Y,5,Block_GFC,GFC,block_cv,nor_usdnok_mom_3m,total_gain,0.14709225296974182,norway
NOR_10Y,5,Block_GFC,GFC,block_cv,nor_usdnok_rvol_20d,total_gain,0.0,norway
NOR_10Y,5,Block_GFC,GFC,block_cv,swap_govt_spread,total_gain,0.0,norway
NOR_10Y,5,Block_GFC,GFC,block_cv,xmpca_01,total_gain,0.07115232944488525,cross_market
NOR_10Y,5,Block_GFC,GFC,block_cv,xmpca_02,total_gain,0.025578364729881287,cross_market
NOR_10Y,5,Block_GFC,GFC,block_cv,xmpca_03,total_gain,0.0,cross_market
NOR_10Y,5,Block_GFC,GFC,block_cv,xmpca_04,total_gain,0.0,cross_market
NOR_10Y,5,Block_GFC,GFC,block_cv,xmpca_05,total_gain,0.10448251664638519,cross_market
NOR_10Y,5,Block_GFC,GFC,block_cv,xmpca_06,total_gain,0.06487230211496353,cross_market
NOR_10Y,5,Block_GFC,GFC,block_cv,xmpca_07,total_gain,0.0,cross_market
NOR_10Y,5,Block_GFC,GFC,block_cv,xmpca_08,total_gain,0.0,cross_market
NOR_10Y,5,Block_GFC,GFC,block_cv,xmpca_09,total_gain,0.0,cross_market
NOR_10Y,5,Block_GFC,GFC,block_cv,xmpca_10,total_gain,0.11614830791950226,cross_market
NOR_10Y,5,Block_GFC,GFC,block_cv,xmpca_11,total_gain,0.0,cross_market
NOR_10Y,5,Block_GFC,GFC,block_cv,xmpca_12,total_gain,0.02435353398323059,cross_market
NOR_10Y,5,Block_GFC,GFC,block_cv,chg_lag1,total_cover,25.0,momentum
NOR_10Y,5,Block_GFC,GFC,block_cv,chg_lag2,total_cover,19.0,momentum
NOR_10Y,5,Block_GFC,GFC,block_cv,chg_lag3,total_cover,173.0,momentum
NOR_10Y,5,Block_GFC,GFC,block_cv,chg_lag4,total_cover,0.0,momentum
NOR_10Y,5,Block_GFC,GFC,block_cv,chg_lag5,total_cover,16.0,momentum
NOR_10Y,5,Block_GFC,GFC,block_cv,carry_roll,total_cover,0.0,carry_roll
NOR_10Y,5,Block_GFC,GFC,block_cv,mom_63d,total_cover,34.0,momentum
NOR_10Y,5,Block_GFC,GFC,block_cv,mom_1m,total_cover,0.0,momentum
NOR_10Y,5,Block_GFC,GFC,block_cv,mom_3m,total_cover,0.0,momentum
NOR_10Y,5,Block_GFC,GFC,block_cv,mom_6m,total_cover,0.0,momentum
NOR_10Y,5,Block_GFC,GFC,block_cv,mom_12m,total_cover,0.0,momentum
NOR_10Y,5,Block_GFC,GFC,block_cv,dev_ma_3m,total_cover,27.0,curve
NOR_10Y,5,Block_GFC,GFC,block_cv,dev_ma_12m,total_cover,0.0,curve
NOR_10Y,5,Block_GFC,GFC,block_cv,vol_20d,total_cover,0.0,vol
NOR_10Y,5,Block_GFC,GFC,block_cv,vol_regime,total_cover,0.0,vol
NOR_10Y,5,Block_GFC,GFC,block_cv,vol_zscore,total_cover,77.0,vol
NOR_10Y,5,Block_GFC,GFC,block_cv,level_zscore,total_cover,646.0,curve
NOR_10Y,5,Block_GFC,GFC,block_cv,slope_10_1,total_cover,124.0,curve
NOR_10Y,5,Block_GFC,GFC,block_cv,slope_10_5,total_cover,0.0,curve
NOR_10Y,5,Block_GFC,GFC,block_cv,slope_5_1,total_cover,1058.0,curve
NOR_10Y,5,Block_GFC,GFC,block_cv,sofr_mom_1m,total_cover,916.0,macro
NOR_10Y,5,Block_GFC,GFC,block_cv,ibor_level,total_cover,752.0,macro
NOR_10Y,5,Block_GFC,GFC,block_cv,ibor_chg_1d,total_cover,0.0,macro
NOR_10Y,5,Block_GFC,GFC,block_cv,ibor_mom_1m,total_cover,0.0,macro
NOR_10Y,5,Block_GFC,GFC,block_cv,ibor_term_slope,total_cover,0.0,macro
NOR_10Y,5,Block_GFC,GFC,block_cv,swap_ibor_basis,total_cover,0.0,curve
NOR_10Y,5,Block_GFC,GFC,block_cv,move_level,total_cover,0.0,vol
NOR_10Y,5,Block_GFC,GFC,block_cv,move_zscore,total_cover,22.0,vol
NOR_10Y,5,Block_GFC,GFC,block_cv,vix_level,total_cover,0.0,vol
NOR_10Y,5,Block_GFC,GFC,block_cv,vix_zscore,total_cover,0.0,vol
NOR_10Y,5,Block_GFC,GFC,block_cv,v2x_level,total_cover,165.0,vol
NOR_10Y,5,Block_GFC,GFC,block_cv,vxn_level,total_cover,522.0,vol
NOR_10Y,5,Block_GFC,GFC,block_cv,ovx_level,total_cover,0.0,vol
NOR_10Y,5,Block_GFC,GFC,block_cv,gvz_level,total_cover,0.0,vol
NOR_10Y,5,Block_GFC,GFC,block_cv,spx_mom_1m,total_cover,6.0,macro
NOR_10Y,5,Block_GFC,GFC,block_cv,spx_mom_3m,total_cover,54.0,macro
NOR_10Y,5,Block_GFC,GFC,block_cv,sx5e_mom_1m,total_cover,0.0,macro
NOR_10Y,5,Block_GFC,GFC,block_cv,sx5e_mom_3m,total_cover,15.0,macro
NOR_10Y,5,Block_GFC,GFC,block_cv,mxwo_mom_1m,total_cover,0.0,macro
NOR_10Y,5,Block_GFC,GFC,block_cv,ndx_mom_1m,total_cover,1475.0,macro
NOR_10Y,5,Block_GFC,GFC,block_cv,oil_mom_1m,total_cover,1763.0,macro
NOR_10Y,5,Block_GFC,GFC,block_cv,oil_mom_3m,total_cover,0.0,macro
NOR_10Y,5,Block_GFC,GFC,block_cv,copper_mom_1m,total_cover,100.0,macro
NOR_10Y,5,Block_GFC,GFC,block_cv,opec_prod,total_cover,0.0,macro
NOR_10Y,5,Block_GFC,GFC,block_cv,natgas_mom_1m,total_cover,0.0,macro
NOR_10Y,5,Block_GFC,GFC,block_cv,be5y_level,total_cover,0.0,macro
NOR_10Y,5,Block_GFC,GFC,block_cv,be10y_level,total_cover,0.0,macro
NOR_10Y,5,Block_GFC,GFC,block_cv,be_slope,total_cover,0.0,macro
NOR_10Y,5,Block_GFC,GFC,block_cv,be5y_chg_1m,total_cover,0.0,macro
NOR_10Y,5,Block_GFC,GFC,block_cv,ig_spread,total_cover,0.0,credit
NOR_10Y,5,Block_GFC,GFC,block_cv,hy_spread,total_cover,0.0,credit
NOR_10Y,5,Block_GFC,GFC,block_cv,ig_chg_1m,total_cover,0.0,credit
NOR_10Y,5,Block_GFC,GFC,block_cv,hy_chg_1m,total_cover,0.0,credit
NOR_10Y,5,Block_GFC,GFC,block_cv,cpi_yoy,total_cover,1809.0,macro
NOR_10Y,5,Block_GFC,GFC,block_cv,pce_core_chg,total_cover,50.0,macro
NOR_10Y,5,Block_GFC,GFC,block_cv,nfp_change,total_cover,0.0,macro
NOR_10Y,5,Block_GFC,GFC,block_cv,pmi_us,total_cover,0.0,macro
NOR_10Y,5,Block_GFC,GFC,block_cv,pmi_eur,total_cover,1713.0,macro
NOR_10Y,5,Block_GFC,GFC,block_cv,unemp_eur,total_cover,0.0,macro
NOR_10Y,5,Block_GFC,GFC,block_cv,cpi_nsa_level,total_cover,0.0,macro
NOR_10Y,5,Block_GFC,GFC,block_cv,pce_core_level,total_cover,0.0,macro
NOR_10Y,5,Block_GFC,GFC,block_cv,eur_3m,total_cover,193.0,macro
NOR_10Y,5,Block_GFC,GFC,block_cv,eur_1w,total_cover,0.0,macro
NOR_10Y,5,Block_GFC,GFC,block_cv,nor_ibor_1m,total_cover,0.0,norway
NOR_10Y,5,Block_GFC,GFC,block_cv,nor_ibor_6m,total_cover,0.0,norway
NOR_10Y,5,Block_GFC,GFC,block_cv,nor_ecb_dfr_chg,total_cover,0.0,norway
NOR_10Y,5,Block_GFC,GFC,block_cv,nor_ecb_dfr_level,total_cover,0.0,norway
NOR_10Y,5,Block_GFC,GFC,block_cv,nor_eurnok_chg_1d,total_cover,44.0,norway
NOR_10Y,5,Block_GFC,GFC,block_cv,nor_eurnok_level,total_cover,0.0,norway
NOR_10Y,5,Block_GFC,GFC,block_cv,nor_eurnok_mom_1m,total_cover,38.0,norway
NOR_10Y,5,Block_GFC,GFC,block_cv,nor_eurnok_mom_3m,total_cover,0.0,norway
NOR_10Y,5,Block_GFC,GFC,block_cv,nor_eurnok_rvol_20d,total_cover,0.0,norway
NOR_10Y,5,Block_GFC,GFC,block_cv,nor_govt_10y,total_cover,0.0,norway
NOR_10Y,5,Block_GFC,GFC,block_cv,nor_govt_3y,total_cover,18.0,norway
NOR_10Y,5,Block_GFC,GFC,block_cv,nor_govt_5y,total_cover,0.0,norway
NOR_10Y,5,Block_GFC,GFC,block_cv,nor_i44_chg_1d,total_cover,0.0,norway
NOR_10Y,5,Block_GFC,GFC,block_cv,nor_i44_level,total_cover,0.0,norway
NOR_10Y,5,Block_GFC,GFC,block_cv,nor_i44_mom_1m,total_cover,0.0,norway
NOR_10Y,5,Block_GFC,GFC,block_cv,nor_i44_mom_3m,total_cover,1344.0,norway
NOR_10Y,5,Block_GFC,GFC,block_cv,nor_i44_rvol_20d,total_cover,0.0,norway
NOR_10Y,5,Block_GFC,GFC,block_cv,nor_kpi_yoy,total_cover,0.0,norway
NOR_10Y,5,Block_GFC,GFC,block_cv,nor_kpijae_yoy,total_cover,0.0,norway
NOR_10Y,5,Block_GFC,GFC,block_cv,nor_nibor_nowa_spread,total_cover,0.0,norway
NOR_10Y,5,Block_GFC,GFC,block_cv,nor_nowa_level,total_cover,0.0,norway
NOR_10Y,5,Block_GFC,GFC,block_cv,nor_polrate_chg_1d,total_cover,0.0,norway
NOR_10Y,5,Block_GFC,GFC,block_cv,nor_polrate_days_since_chg,total_cover,0.0,norway
NOR_10Y,5,Block_GFC,GFC,block_cv,nor_polrate_level,total_cover,0.0,norway
NOR_10Y,5,Block_GFC,GFC,block_cv,nor_rb_rate_chg,total_cover,0.0,norway
NOR_10Y,5,Block_GFC,GFC,block_cv,nor_rb_rate_level,total_cover,0.0,norway
NOR_10Y,5,Block_GFC,GFC,block_cv,nor_unemp,total_cover,0.0,norway
NOR_10Y,5,Block_GFC,GFC,block_cv,nor_usdnok_chg_1d,total_cover,0.0,norway
NOR_10Y,5,Block_GFC,GFC,block_cv,nor_usdnok_level,total_cover,0.0,norway
NOR_10Y,5,Block_GFC,GFC,block_cv,nor_usdnok_mom_1m,total_cover,0.0,norway
NOR_10Y,5,Block_GFC,GFC,block_cv,nor_usdnok_mom_3m,total_cover,1767.0,norway
NOR_10Y,5,Block_GFC,GFC,block_cv,nor_usdnok_rvol_20d,total_cover,0.0,norway
NOR_10Y,5,Block_GFC,GFC,block_cv,swap_govt_spread,total_cover,0.0,norway
NOR_10Y,5,Block_GFC,GFC,block_cv,xmpca_01,total_cover,945.0,cross_market
NOR_10Y,5,Block_GFC,GFC,block_cv,xmpca_02,total_cover,16.0,cross_market
NOR_10Y,5,Block_GFC,GFC,block_cv,xmpca_03,total_cover,0.0,cross_market
NOR_10Y,5,Block_GFC,GFC,block_cv,xmpca_04,total_cover,0.0,cross_market
NOR_10Y,5,Block_GFC,GFC,block_cv,xmpca_05,total_cover,223.0,cross_market
NOR_10Y,5,Block_GFC,GFC,block_cv,xmpca_06,total_cover,1382.0,cross_market
NOR_10Y,5,Block_GFC,GFC,block_cv,xmpca_07,total_cover,0.0,cross_market
NOR_10Y,5,Block_GFC,GFC,block_cv,xmpca_08,total_cover,0.0,cross_market
NOR_10Y,5,Block_GFC,GFC,block_cv,xmpca_09,total_cover,0.0,cross_market
NOR_10Y,5,Block_GFC,GFC,block_cv,xmpca_10,total_cover,238.0,cross_market
NOR_10Y,5,Block_GFC,GFC,block_cv,xmpca_11,total_cover,0.0,cross_market
NOR_10Y,5,Block_GFC,GFC,block_cv,xmpca_12,total_cover,23.0,cross_market
NOR_10Y,5,Block_GFC,GFC,block_cv,chg_lag1,shap_mean_abs,1.802411861717701e-05,momentum
NOR_10Y,5,Block_GFC,GFC,block_cv,chg_lag2,shap_mean_abs,1.875666930573061e-05,momentum
NOR_10Y,5,Block_GFC,GFC,block_cv,chg_lag3,shap_mean_abs,8.502227137796581e-05,momentum
NOR_10Y,5,Block_GFC,GFC,block_cv,chg_lag4,shap_mean_abs,0.0,momentum
NOR_10Y,5,Block_GFC,GFC,block_cv,chg_lag5,shap_mean_abs,3.897613351000473e-05,momentum
NOR_10Y,5,Block_GFC,GFC,block_cv,carry_roll,shap_mean_abs,0.0,carry_roll
NOR_10Y,5,Block_GFC,GFC,block_cv,mom_63d,shap_mean_abs,9.376040907227434e-06,momentum
NOR_10Y,5,Block_GFC,GFC,block_cv,mom_1m,shap_mean_abs,0.0,momentum
NOR_10Y,5,Block_GFC,GFC,block_cv,mom_3m,shap_mean_abs,0.0,momentum
NOR_10Y,5,Block_GFC,GFC,block_cv,mom_6m,shap_mean_abs,0.0,momentum
NOR_10Y,5,Block_GFC,GFC,block_cv,mom_12m,shap_mean_abs,0.0,momentum
NOR_10Y,5,Block_GFC,GFC,block_cv,dev_ma_3m,shap_mean_abs,2.5468838430242613e-05,curve
NOR_10Y,5,Block_GFC,GFC,block_cv,dev_ma_12m,shap_mean_abs,0.0,curve
NOR_10Y,5,Block_GFC,GFC,block_cv,vol_20d,shap_mean_abs,0.0,vol
NOR_10Y,5,Block_GFC,GFC,block_cv,vol_regime,shap_mean_abs,0.0,vol
NOR_10Y,5,Block_GFC,GFC,block_cv,vol_zscore,shap_mean_abs,8.421313395956531e-05,vol
NOR_10Y,5,Block_GFC,GFC,block_cv,level_zscore,shap_mean_abs,0.0003386512980796397,curve
NOR_10Y,5,Block_GFC,GFC,block_cv,slope_10_1,shap_mean_abs,4.960638398188166e-05,curve
NOR_10Y,5,Block_GFC,GFC,block_cv,slope_10_5,shap_mean_abs,0.0,curve
NOR_10Y,5,Block_GFC,GFC,block_cv,slope_5_1,shap_mean_abs,0.0005175446276552975,curve
NOR_10Y,5,Block_GFC,GFC,block_cv,sofr_mom_1m,shap_mean_abs,0.000298972096061334,macro
NOR_10Y,5,Block_GFC,GFC,block_cv,ibor_level,shap_mean_abs,0.0008656083955429494,macro
NOR_10Y,5,Block_GFC,GFC,block_cv,ibor_chg_1d,shap_mean_abs,0.0,macro
NOR_10Y,5,Block_GFC,GFC,block_cv,ibor_mom_1m,shap_mean_abs,0.0,macro
NOR_10Y,5,Block_GFC,GFC,block_cv,ibor_term_slope,shap_mean_abs,0.0,macro
NOR_10Y,5,Block_GFC,GFC,block_cv,swap_ibor_basis,shap_mean_abs,0.0,curve
NOR_10Y,5,Block_GFC,GFC,block_cv,move_level,shap_mean_abs,0.0,vol
NOR_10Y,5,Block_GFC,GFC,block_cv,move_zscore,shap_mean_abs,2.406052590231411e-05,vol
NOR_10Y,5,Block_GFC,GFC,block_cv,vix_level,shap_mean_abs,0.0,vol
NOR_10Y,5,Block_GFC,GFC,block_cv,vix_zscore,shap_mean_abs,0.0,vol
NOR_10Y,5,Block_GFC,GFC,block_cv,v2x_level,shap_mean_abs,0.0002716903400141746,vol
NOR_10Y,5,Block_GFC,GFC,block_cv,vxn_level,shap_mean_abs,0.0002798881323542446,vol
NOR_10Y,5,Block_GFC,GFC,block_cv,ovx_level,shap_mean_abs,0.0,vol
NOR_10Y,5,Block_GFC,GFC,block_cv,gvz_level,shap_mean_abs,0.0,vol
NOR_10Y,5,Block_GFC,GFC,block_cv,spx_mom_1m,shap_mean_abs,4.113840077479836e-06,macro
NOR_10Y,5,Block_GFC,GFC,block_cv,spx_mom_3m,shap_mean_abs,0.000206139447982423,macro
NOR_10Y,5,Block_GFC,GFC,block_cv,sx5e_mom_1m,shap_mean_abs,0.0,macro
NOR_10Y,5,Block_GFC,GFC,block_cv,sx5e_mom_3m,shap_mean_abs,1.588210761838127e-05,macro
NOR_10Y,5,Block_GFC,GFC,block_cv,mxwo_mom_1m,shap_mean_abs,0.0,macro
NOR_10Y,5,Block_GFC,GFC,block_cv,ndx_mom_1m,shap_mean_abs,0.00034432654501870275,macro
NOR_10Y,5,Block_GFC,GFC,block_cv,oil_mom_1m,shap_mean_abs,0.0009339082171209157,macro
NOR_10Y,5,Block_GFC,GFC,block_cv,oil_mom_3m,shap_mean_abs,0.0,macro
NOR_10Y,5,Block_GFC,GFC,block_cv,copper_mom_1m,shap_mean_abs,9.513922123005614e-05,macro
NOR_10Y,5,Block_GFC,GFC,block_cv,opec_prod,shap_mean_abs,0.0,macro
NOR_10Y,5,Block_GFC,GFC,block_cv,natgas_mom_1m,shap_mean_abs,0.0,macro
NOR_10Y,5,Block_GFC,GFC,block_cv,be5y_level,shap_mean_abs,0.0,macro
NOR_10Y,5,Block_GFC,GFC,block_cv,be10y_level,shap_mean_abs,0.0,macro
NOR_10Y,5,Block_GFC,GFC,block_cv,be_slope,shap_mean_abs,0.0,macro
NOR_10Y,5,Block_GFC,GFC,block_cv,be5y_chg_1m,shap_mean_abs,0.0,macro
NOR_10Y,5,Block_GFC,GFC,block_cv,ig_spread,shap_mean_abs,0.0,credit
NOR_10Y,5,Block_GFC,GFC,block_cv,hy_spread,shap_mean_abs,0.0,credit
NOR_10Y,5,Block_GFC,GFC,block_cv,ig_chg_1m,shap_mean_abs,0.0,credit
NOR_10Y,5,Block_GFC,GFC,block_cv,hy_chg_1m,shap_mean_abs,0.0,credit
NOR_10Y,5,Block_GFC,GFC,block_cv,cpi_yoy,shap_mean_abs,0.0003417595289647579,macro
NOR_10Y,5,Block_GFC,GFC,block_cv,pce_core_chg,shap_mean_abs,0.0001264833117602393,macro
NOR_10Y,5,Block_GFC,GFC,block_cv,nfp_change,shap_mean_abs,0.0,macro
NOR_10Y,5,Block_GFC,GFC,block_cv,pmi_us,shap_mean_abs,0.0,macro
NOR_10Y,5,Block_GFC,GFC,block_cv,pmi_eur,shap_mean_abs,0.0004293229430913925,macro
NOR_10Y,5,Block_GFC,GFC,block_cv,unemp_eur,shap_mean_abs,0.0,macro
NOR_10Y,5,Block_GFC,GFC,block_cv,cpi_nsa_level,shap_mean_abs,0.0,macro
NOR_10Y,5,Block_GFC,GFC,block_cv,pce_core_level,shap_mean_abs,0.0,macro
NOR_10Y,5,Block_GFC,GFC,block_cv,eur_3m,shap_mean_abs,0.0003067978541366756,macro
NOR_10Y,5,Block_GFC,GFC,block_cv,eur_1w,shap_mean_abs,0.0,macro
NOR_10Y,5,Block_GFC,GFC,block_cv,nor_ibor_1m,shap_mean_abs,0.0,norway
NOR_10Y,5,Block_GFC,GFC,block_cv,nor_ibor_6m,shap_mean_abs,0.0,norway
NOR_10Y,5,Block_GFC,GFC,block_cv,nor_ecb_dfr_chg,shap_mean_abs,0.0,norway
NOR_10Y,5,Block_GFC,GFC,block_cv,nor_ecb_dfr_level,shap_mean_abs,0.0,norway
NOR_10Y,5,Block_GFC,GFC,block_cv,nor_eurnok_chg_1d,shap_mean_abs,3.779900725930929e-05,norway
NOR_10Y,5,Block_GFC,GFC,block_cv,nor_eurnok_level,shap_mean_abs,0.0,norway
NOR_10Y,5,Block_GFC,GFC,block_cv,nor_eurnok_mom_1m,shap_mean_abs,0.00014479615492746234,norway
NOR_10Y,5,Block_GFC,GFC,block_cv,nor_eurnok_mom_3m,shap_mean_abs,0.0,norway
NOR_10Y,5,Block_GFC,GFC,block_cv,nor_eurnok_rvol_20d,shap_mean_abs,0.0,norway
NOR_10Y,5,Block_GFC,GFC,block_cv,nor_govt_10y,shap_mean_abs,0.0,norway
NOR_10Y,5,Block_GFC,GFC,block_cv,nor_govt_3y,shap_mean_abs,5.244070416665636e-05,norway
NOR_10Y,5,Block_GFC,GFC,block_cv,nor_govt_5y,shap_mean_abs,0.0,norway
NOR_10Y,5,Block_GFC,GFC,block_cv,nor_i44_chg_1d,shap_mean_abs,0.0,norway
NOR_10Y,5,Block_GFC,GFC,block_cv,nor_i44_level,shap_mean_abs,0.0,norway
NOR_10Y,5,Block_GFC,GFC,block_cv,nor_i44_mom_1m,shap_mean_abs,0.0,norway
NOR_10Y,5,Block_GFC,GFC,block_cv,nor_i44_mom_3m,shap_mean_abs,0.0004438448522705585,norway
NOR_10Y,5,Block_GFC,GFC,block_cv,nor_i44_rvol_20d,shap_mean_abs,0.0,norway
NOR_10Y,5,Block_GFC,GFC,block_cv,nor_kpi_yoy,shap_mean_abs,0.0,norway
NOR_10Y,5,Block_GFC,GFC,block_cv,nor_kpijae_yoy,shap_mean_abs,0.0,norway
NOR_10Y,5,Block_GFC,GFC,block_cv,nor_nibor_nowa_spread,shap_mean_abs,0.0,norway
NOR_10Y,5,Block_GFC,GFC,block_cv,nor_nowa_level,shap_mean_abs,0.0,norway
NOR_10Y,5,Block_GFC,GFC,block_cv,nor_polrate_chg_1d,shap_mean_abs,0.0,norway
NOR_10Y,5,Block_GFC,GFC,block_cv,nor_polrate_days_since_chg,shap_mean_abs,0.0,norway
NOR_10Y,5,Block_GFC,GFC,block_cv,nor_polrate_level,shap_mean_abs,0.0,norway
NOR_10Y,5,Block_GFC,GFC,block_cv,nor_rb_rate_chg,shap_mean_abs,0.0,norway
NOR_10Y,5,Block_GFC,GFC,block_cv,nor_rb_rate_level,shap_mean_abs,0.0,norway
NOR_10Y,5,Block_GFC,GFC,block_cv,nor_unemp,shap_mean_abs,0.0,norway
NOR_10Y,5,Block_GFC,GFC,block_cv,nor_usdnok_chg_1d,shap_mean_abs,0.0,norway
NOR_10Y,5,Block_GFC,GFC,block_cv,nor_usdnok_level,shap_mean_abs,0.0,norway
NOR_10Y,5,Block_GFC,GFC,block_cv,nor_usdnok_mom_1m,shap_mean_abs,0.0,norway
NOR_10Y,5,Block_GFC,GFC,block_cv,nor_usdnok_mom_3m,shap_mean_abs,0.00026401388458907604,norway
NOR_10Y,5,Block_GFC,GFC,block_cv,nor_usdnok_rvol_20d,shap_mean_abs,0.0,norway
NOR_10Y,5,Block_GFC,GFC,block_cv,swap_govt_spread,shap_mean_abs,0.0,norway
NOR_10Y,5,Block_GFC,GFC,block_cv,xmpca_01,shap_mean_abs,0.0005519529804587364,cross_market
NOR_10Y,5,Block_GFC,GFC,block_cv,xmpca_02,shap_mean_abs,3.236941483919509e-05,cross_market
NOR_10Y,5,Block_GFC,GFC,block_cv,xmpca_03,shap_mean_abs,0.0,cross_market
NOR_10Y,5,Block_GFC,GFC,block_cv,xmpca_04,shap_mean_abs,0.0,cross_market
NOR_10Y,5,Block_GFC,GFC,block_cv,xmpca_05,shap_mean_abs,8.216859714593738e-05,cross_market
NOR_10Y,5,Block_GFC,GFC,block_cv,xmpca_06,shap_mean_abs,0.0002422925754217431,cross_market
NOR_10Y,5,Block_GFC,GFC,block_cv,xmpca_07,shap_mean_abs,0.0,cross_market
NOR_10Y,5,Block_GFC,GFC,block_cv,xmpca_08,shap_mean_abs,0.0,cross_market
NOR_10Y,5,Block_GFC,GFC,block_cv,xmpca_09,shap_mean_abs,0.0,cross_market
NOR_10Y,5,Block_GFC,GFC,block_cv,xmpca_10,shap_mean_abs,3.3437736419728026e-05,cross_market
NOR_10Y,5,Block_GFC,GFC,block_cv,xmpca_11,shap_mean_abs,0.0,cross_market
NOR_10Y,5,Block_GFC,GFC,block_cv,xmpca_12,shap_mean_abs,8.060537948040292e-05,cross_market
NOR_10Y,5,Block_ZIRP,ZIRP,block_cv,chg_lag1,gain,0.0129670649766922,momentum
NOR_10Y,5,Block_ZIRP,ZIRP,block_cv,chg_lag2,gain,0.0,momentum
NOR_10Y,5,Block_ZIRP,ZIRP,block_cv,chg_lag3,gain,0.0,momentum
NOR_10Y,5,Block_ZIRP,ZIRP,block_cv,chg_lag4,gain,0.0,momentum
NOR_10Y,5,Block_ZIRP,ZIRP,block_cv,chg_lag5,gain,0.0,momentum
NOR_10Y,5,Block_ZIRP,ZIRP,block_cv,carry_roll,gain,0.0,carry_roll
NOR_10Y,5,Block_ZIRP,ZIRP,block_cv,mom_63d,gain,0.04163748025894165,momentum
NOR_10Y,5,Block_ZIRP,ZIRP,block_cv,mom_1m,gain,0.0,momentum
NOR_10Y,5,Block_ZIRP,ZIRP,block_cv,mom_3m,gain,0.0,momentum
NOR_10Y,5,Block_ZIRP,ZIRP,block_cv,mom_6m,gain,0.05367786064743996,momentum
NOR_10Y,5,Block_ZIRP,ZIRP,block_cv,mom_12m,gain,0.06987816095352173,momentum
NOR_10Y,5,Block_ZIRP,ZIRP,block_cv,dev_ma_3m,gain,0.04333997517824173,curve
NOR_10Y,5,Block_ZIRP,ZIRP,block_cv,dev_ma_12m,gain,0.14517025649547577,curve
NOR_10Y,5,Block_ZIRP,ZIRP,block_cv,vol_20d,gain,0.0,vol
NOR_10Y,5,Block_ZIRP,ZIRP,block_cv,vol_regime,gain,0.0,vol
NOR_10Y,5,Block_ZIRP,ZIRP,block_cv,vol_zscore,gain,0.08268575370311737,vol
NOR_10Y,5,Block_ZIRP,ZIRP,block_cv,level_zscore,gain,0.0,curve
NOR_10Y,5,Block_ZIRP,ZIRP,block_cv,slope_10_1,gain,0.12086392939090729,curve
NOR_10Y,5,Block_ZIRP,ZIRP,block_cv,slope_10_5,gain,0.0,curve
NOR_10Y,5,Block_ZIRP,ZIRP,block_cv,slope_5_1,gain,0.0,curve
NOR_10Y,5,Block_ZIRP,ZIRP,block_cv,sofr_mom_1m,gain,0.11245479434728622,macro
NOR_10Y,5,Block_ZIRP,ZIRP,block_cv,ibor_level,gain,0.0,macro
NOR_10Y,5,Block_ZIRP,ZIRP,block_cv,ibor_chg_1d,gain,0.0,macro
NOR_10Y,5,Block_ZIRP,ZIRP,block_cv,ibor_mom_1m,gain,0.0,macro
NOR_10Y,5,Block_ZIRP,ZIRP,block_cv,ibor_term_slope,gain,0.11652670800685883,macro
NOR_10Y,5,Block_ZIRP,ZIRP,block_cv,swap_ibor_basis,gain,0.0,curve
NOR_10Y,5,Block_ZIRP,ZIRP,block_cv,move_level,gain,0.0026194974780082703,vol
NOR_10Y,5,Block_ZIRP,ZIRP,block_cv,move_zscore,gain,0.0,vol
NOR_10Y,5,Block_ZIRP,ZIRP,block_cv,vix_level,gain,0.0,vol
NOR_10Y,5,Block_ZIRP,ZIRP,block_cv,vix_zscore,gain,0.0,vol
NOR_10Y,5,Block_ZIRP,ZIRP,block_cv,v2x_level,gain,0.0,vol
NOR_10Y,5,Block_ZIRP,ZIRP,block_cv,vxn_level,gain,0.03135569393634796,vol
NOR_10Y,5,Block_ZIRP,ZIRP,block_cv,ovx_level,gain,0.10285717248916626,vol
NOR_10Y,5,Block_ZIRP,ZIRP,block_cv,gvz_level,gain,0.0,vol
NOR_10Y,5,Block_ZIRP,ZIRP,block_cv,spx_mom_1m,gain,0.1235361322760582,macro
NOR_10Y,5,Block_ZIRP,ZIRP,block_cv,spx_mom_3m,gain,0.0,macro
NOR_10Y,5,Block_ZIRP,ZIRP,block_cv,sx5e_mom_1m,gain,0.0,macro
NOR_10Y,5,Block_ZIRP,ZIRP,block_cv,sx5e_mom_3m,gain,0.0,macro
NOR_10Y,5,Block_ZIRP,ZIRP,block_cv,mxwo_mom_1m,gain,0.0,macro
NOR_10Y,5,Block_ZIRP,ZIRP,block_cv,ndx_mom_1m,gain,0.08208294212818146,macro
NOR_10Y,5,Block_ZIRP,ZIRP,block_cv,oil_mom_1m,gain,0.06658175587654114,macro
NOR_10Y,5,Block_ZIRP,ZIRP,block_cv,oil_mom_3m,gain,0.0,macro
NOR_10Y,5,Block_ZIRP,ZIRP,block_cv,copper_mom_1m,gain,0.09846952557563782,macro
NOR_10Y,5,Block_ZIRP,ZIRP,block_cv,opec_prod,gain,0.026457393541932106,macro
NOR_10Y,5,Block_ZIRP,ZIRP,block_cv,natgas_mom_1m,gain,0.0,macro
NOR_10Y,5,Block_ZIRP,ZIRP,block_cv,be5y_level,gain,0.0,macro
NOR_10Y,5,Block_ZIRP,ZIRP,block_cv,be10y_level,gain,0.0,macro
NOR_10Y,5,Block_ZIRP,ZIRP,block_cv,be_slope,gain,0.0,macro
NOR_10Y,5,Block_ZIRP,ZIRP,block_cv,be5y_chg_1m,gain,0.0,macro
NOR_10Y,5,Block_ZIRP,ZIRP,block_cv,ig_spread,gain,0.0,credit
NOR_10Y,5,Block_ZIRP,ZIRP,block_cv,hy_spread,gain,0.0,credit
NOR_10Y,5,Block_ZIRP,ZIRP,block_cv,ig_chg_1m,gain,0.0,credit
NOR_10Y,5,Block_ZIRP,ZIRP,block_cv,hy_chg_1m,gain,0.0,credit
NOR_10Y,5,Block_ZIRP,ZIRP,block_cv,cpi_yoy,gain,0.0,macro
NOR_10Y,5,Block_ZIRP,ZIRP,block_cv,pce_core_chg,gain,0.11830919981002808,macro
NOR_10Y,5,Block_ZIRP,ZIRP,block_cv,nfp_change,gain,0.0,macro
NOR_10Y,5,Block_ZIRP,ZIRP,block_cv,pmi_us,gain,0.0,macro
NOR_10Y,5,Block_ZIRP,ZIRP,block_cv,pmi_eur,gain,0.16302143037319183,macro
NOR_10Y,5,Block_ZIRP,ZIRP,block_cv,unemp_eur,gain,0.0,macro
NOR_10Y,5,Block_ZIRP,ZIRP,block_cv,cpi_nsa_level,gain,0.0,macro
NOR_10Y,5,Block_ZIRP,ZIRP,block_cv,pce_core_level,gain,0.0,macro
NOR_10Y,5,Block_ZIRP,ZIRP,block_cv,eur_3m,gain,0.004615031182765961,macro
NOR_10Y,5,Block_ZIRP,ZIRP,block_cv,eur_1w,gain,0.0,macro
NOR_10Y,5,Block_ZIRP,ZIRP,block_cv,nor_ibor_1m,gain,0.0,norway
NOR_10Y,5,Block_ZIRP,ZIRP,block_cv,nor_ibor_6m,gain,0.0,norway
NOR_10Y,5,Block_ZIRP,ZIRP,block_cv,nor_ecb_dfr_chg,gain,0.0,norway
NOR_10Y,5,Block_ZIRP,ZIRP,block_cv,nor_ecb_dfr_level,gain,0.0,norway
NOR_10Y,5,Block_ZIRP,ZIRP,block_cv,nor_eurnok_chg_1d,gain,0.0,norway
NOR_10Y,5,Block_ZIRP,ZIRP,block_cv,nor_eurnok_level,gain,0.0,norway
NOR_10Y,5,Block_ZIRP,ZIRP,block_cv,nor_eurnok_mom_1m,gain,0.0,norway
NOR_10Y,5,Block_ZIRP,ZIRP,block_cv,nor_eurnok_mom_3m,gain,0.04110360145568848,norway
NOR_10Y,5,Block_ZIRP,ZIRP,block_cv,nor_eurnok_rvol_20d,gain,0.1031610444188118,norway
NOR_10Y,5,Block_ZIRP,ZIRP,block_cv,nor_govt_10y,gain,0.0,norway
NOR_10Y,5,Block_ZIRP,ZIRP,block_cv,nor_govt_3y,gain,0.0,norway
NOR_10Y,5,Block_ZIRP,ZIRP,block_cv,nor_govt_5y,gain,0.0,norway
NOR_10Y,5,Block_ZIRP,ZIRP,block_cv,nor_i44_chg_1d,gain,0.0,norway
NOR_10Y,5,Block_ZIRP,ZIRP,block_cv,nor_i44_level,gain,0.0,norway
NOR_10Y,5,Block_ZIRP,ZIRP,block_cv,nor_i44_mom_1m,gain,0.12729983031749725,norway
NOR_10Y,5,Block_ZIRP,ZIRP,block_cv,nor_i44_mom_3m,gain,0.0,norway
NOR_10Y,5,Block_ZIRP,ZIRP,block_cv,nor_i44_rvol_20d,gain,0.0,norway
NOR_10Y,5,Block_ZIRP,ZIRP,block_cv,nor_kpi_yoy,gain,0.1943703442811966,norway
NOR_10Y,5,Block_ZIRP,ZIRP,block_cv,nor_kpijae_yoy,gain,0.0,norway
NOR_10Y,5,Block_ZIRP,ZIRP,block_cv,nor_nibor_nowa_spread,gain,0.0,norway
NOR_10Y,5,Block_ZIRP,ZIRP,block_cv,nor_nowa_level,gain,0.0,norway
NOR_10Y,5,Block_ZIRP,ZIRP,block_cv,nor_polrate_chg_1d,gain,0.0,norway
NOR_10Y,5,Block_ZIRP,ZIRP,block_cv,nor_polrate_days_since_chg,gain,0.10677274316549301,norway
NOR_10Y,5,Block_ZIRP,ZIRP,block_cv,nor_polrate_level,gain,0.0,norway
NOR_10Y,5,Block_ZIRP,ZIRP,block_cv,nor_rb_rate_chg,gain,0.0,norway
NOR_10Y,5,Block_ZIRP,ZIRP,block_cv,nor_rb_rate_level,gain,0.11838756501674652,norway
NOR_10Y,5,Block_ZIRP,ZIRP,block_cv,nor_unemp,gain,0.0,norway
NOR_10Y,5,Block_ZIRP,ZIRP,block_cv,nor_usdnok_chg_1d,gain,0.06335572898387909,norway
NOR_10Y,5,Block_ZIRP,ZIRP,block_cv,nor_usdnok_level,gain,0.0,norway
NOR_10Y,5,Block_ZIRP,ZIRP,block_cv,nor_usdnok_mom_1m,gain,0.0,norway
NOR_10Y,5,Block_ZIRP,ZIRP,block_cv,nor_usdnok_mom_3m,gain,0.1553533971309662,norway
NOR_10Y,5,Block_ZIRP,ZIRP,block_cv,nor_usdnok_rvol_20d,gain,0.0,norway
NOR_10Y,5,Block_ZIRP,ZIRP,block_cv,swap_govt_spread,gain,0.0,norway
NOR_10Y,5,Block_ZIRP,ZIRP,block_cv,xmpca_01,gain,0.08572790026664734,cross_market
NOR_10Y,5,Block_ZIRP,ZIRP,block_cv,xmpca_02,gain,0.0,cross_market
NOR_10Y,5,Block_ZIRP,ZIRP,block_cv,xmpca_03,gain,0.0,cross_market
NOR_10Y,5,Block_ZIRP,ZIRP,block_cv,xmpca_04,gain,0.0,cross_market
NOR_10Y,5,Block_ZIRP,ZIRP,block_cv,xmpca_05,gain,0.0848107859492302,cross_market
NOR_10Y,5,Block_ZIRP,ZIRP,block_cv,xmpca_06,gain,0.0,cross_market
NOR_10Y,5,Block_ZIRP,ZIRP,block_cv,xmpca_07,gain,0.018973127007484436,cross_market
NOR_10Y,5,Block_ZIRP,ZIRP,block_cv,xmpca_08,gain,0.0,cross_market
NOR_10Y,5,Block_ZIRP,ZIRP,block_cv,xmpca_09,gain,0.0,cross_market
NOR_10Y,5,Block_ZIRP,ZIRP,block_cv,xmpca_10,gain,0.07340527325868607,cross_market
NOR_10Y,5,Block_ZIRP,ZIRP,block_cv,xmpca_11,gain,0.041922688484191895,cross_market
NOR_10Y,5,Block_ZIRP,ZIRP,block_cv,xmpca_12,gain,0.0,cross_market
NOR_10Y,5,Block_ZIRP,ZIRP,block_cv,chg_lag1,weight,1.0,momentum
NOR_10Y,5,Block_ZIRP,ZIRP,block_cv,chg_lag2,weight,0.0,momentum
NOR_10Y,5,Block_ZIRP,ZIRP,block_cv,chg_lag3,weight,0.0,momentum
NOR_10Y,5,Block_ZIRP,ZIRP,block_cv,chg_lag4,weight,0.0,momentum
NOR_10Y,5,Block_ZIRP,ZIRP,block_cv,chg_lag5,weight,0.0,momentum
NOR_10Y,5,Block_ZIRP,ZIRP,block_cv,carry_roll,weight,0.0,carry_roll
NOR_10Y,5,Block_ZIRP,ZIRP,block_cv,mom_63d,weight,1.0,momentum
NOR_10Y,5,Block_ZIRP,ZIRP,block_cv,mom_1m,weight,0.0,momentum
NOR_10Y,5,Block_ZIRP,ZIRP,block_cv,mom_3m,weight,0.0,momentum
NOR_10Y,5,Block_ZIRP,ZIRP,block_cv,mom_6m,weight,1.0,momentum
NOR_10Y,5,Block_ZIRP,ZIRP,block_cv,mom_12m,weight,1.0,momentum
NOR_10Y,5,Block_ZIRP,ZIRP,block_cv,dev_ma_3m,weight,1.0,curve
NOR_10Y,5,Block_ZIRP,ZIRP,block_cv,dev_ma_12m,weight,3.0,curve
NOR_10Y,5,Block_ZIRP,ZIRP,block_cv,vol_20d,weight,0.0,vol
NOR_10Y,5,Block_ZIRP,ZIRP,block_cv,vol_regime,weight,0.0,vol
NOR_10Y,5,Block_ZIRP,ZIRP,block_cv,vol_zscore,weight,1.0,vol
NOR_10Y,5,Block_ZIRP,ZIRP,block_cv,level_zscore,weight,0.0,curve
NOR_10Y,5,Block_ZIRP,ZIRP,block_cv,slope_10_1,weight,2.0,curve
NOR_10Y,5,Block_ZIRP,ZIRP,block_cv,slope_10_5,weight,0.0,curve
NOR_10Y,5,Block_ZIRP,ZIRP,block_cv,slope_5_1,weight,0.0,curve
NOR_10Y,5,Block_ZIRP,ZIRP,block_cv,sofr_mom_1m,weight,3.0,macro
NOR_10Y,5,Block_ZIRP,ZIRP,block_cv,ibor_level,weight,0.0,macro
NOR_10Y,5,Block_ZIRP,ZIRP,block_cv,ibor_chg_1d,weight,0.0,macro
NOR_10Y,5,Block_ZIRP,ZIRP,block_cv,ibor_mom_1m,weight,0.0,macro
NOR_10Y,5,Block_ZIRP,ZIRP,block_cv,ibor_term_slope,weight,1.0,macro
NOR_10Y,5,Block_ZIRP,ZIRP,block_cv,swap_ibor_basis,weight,0.0,curve
NOR_10Y,5,Block_ZIRP,ZIRP,block_cv,move_level,weight,1.0,vol
NOR_10Y,5,Block_ZIRP,ZIRP,block_cv,move_zscore,weight,0.0,vol
NOR_10Y,5,Block_ZIRP,ZIRP,block_cv,vix_level,weight,0.0,vol
NOR_10Y,5,Block_ZIRP,ZIRP,block_cv,vix_zscore,weight,0.0,vol
NOR_10Y,5,Block_ZIRP,ZIRP,block_cv,v2x_level,weight,0.0,vol
NOR_10Y,5,Block_ZIRP,ZIRP,block_cv,vxn_level,weight,1.0,vol
NOR_10Y,5,Block_ZIRP,ZIRP,block_cv,ovx_level,weight,1.0,vol
NOR_10Y,5,Block_ZIRP,ZIRP,block_cv,gvz_level,weight,0.0,vol
NOR_10Y,5,Block_ZIRP,ZIRP,block_cv,spx_mom_1m,weight,1.0,macro
NOR_10Y,5,Block_ZIRP,ZIRP,block_cv,spx_mom_3m,weight,0.0,macro
NOR_10Y,5,Block_ZIRP,ZIRP,block_cv,sx5e_mom_1m,weight,0.0,macro
NOR_10Y,5,Block_ZIRP,ZIRP,block_cv,sx5e_mom_3m,weight,0.0,macro
NOR_10Y,5,Block_ZIRP,ZIRP,block_cv,mxwo_mom_1m,weight,0.0,macro
NOR_10Y,5,Block_ZIRP,ZIRP,block_cv,ndx_mom_1m,weight,3.0,macro
NOR_10Y,5,Block_ZIRP,ZIRP,block_cv,oil_mom_1m,weight,2.0,macro
NOR_10Y,5,Block_ZIRP,ZIRP,block_cv,oil_mom_3m,weight,0.0,macro
NOR_10Y,5,Block_ZIRP,ZIRP,block_cv,copper_mom_1m,weight,1.0,macro
NOR_10Y,5,Block_ZIRP,ZIRP,block_cv,opec_prod,weight,1.0,macro
NOR_10Y,5,Block_ZIRP,ZIRP,block_cv,natgas_mom_1m,weight,0.0,macro
NOR_10Y,5,Block_ZIRP,ZIRP,block_cv,be5y_level,weight,0.0,macro
NOR_10Y,5,Block_ZIRP,ZIRP,block_cv,be10y_level,weight,0.0,macro
NOR_10Y,5,Block_ZIRP,ZIRP,block_cv,be_slope,weight,0.0,macro
NOR_10Y,5,Block_ZIRP,ZIRP,block_cv,be5y_chg_1m,weight,0.0,macro
NOR_10Y,5,Block_ZIRP,ZIRP,block_cv,ig_spread,weight,0.0,credit
NOR_10Y,5,Block_ZIRP,ZIRP,block_cv,hy_spread,weight,0.0,credit
NOR_10Y,5,Block_ZIRP,ZIRP,block_cv,ig_chg_1m,weight,0.0,credit
NOR_10Y,5,Block_ZIRP,ZIRP,block_cv,hy_chg_1m,weight,0.0,credit
NOR_10Y,5,Block_ZIRP,ZIRP,block_cv,cpi_yoy,weight,0.0,macro
NOR_10Y,5,Block_ZIRP,ZIRP,block_cv,pce_core_chg,weight,1.0,macro
NOR_10Y,5,Block_ZIRP,ZIRP,block_cv,nfp_change,weight,0.0,macro
NOR_10Y,5,Block_ZIRP,ZIRP,block_cv,pmi_us,weight,0.0,macro
NOR_10Y,5,Block_ZIRP,ZIRP,block_cv,pmi_eur,weight,3.0,macro
NOR_10Y,5,Block_ZIRP,ZIRP,block_cv,unemp_eur,weight,0.0,macro
NOR_10Y,5,Block_ZIRP,ZIRP,block_cv,cpi_nsa_level,weight,0.0,macro
NOR_10Y,5,Block_ZIRP,ZIRP,block_cv,pce_core_level,weight,0.0,macro
NOR_10Y,5,Block_ZIRP,ZIRP,block_cv,eur_3m,weight,1.0,macro
NOR_10Y,5,Block_ZIRP,ZIRP,block_cv,eur_1w,weight,0.0,macro
NOR_10Y,5,Block_ZIRP,ZIRP,block_cv,nor_ibor_1m,weight,0.0,norway
NOR_10Y,5,Block_ZIRP,ZIRP,block_cv,nor_ibor_6m,weight,0.0,norway
NOR_10Y,5,Block_ZIRP,ZIRP,block_cv,nor_ecb_dfr_chg,weight,0.0,norway
NOR_10Y,5,Block_ZIRP,ZIRP,block_cv,nor_ecb_dfr_level,weight,0.0,norway
NOR_10Y,5,Block_ZIRP,ZIRP,block_cv,nor_eurnok_chg_1d,weight,0.0,norway
NOR_10Y,5,Block_ZIRP,ZIRP,block_cv,nor_eurnok_level,weight,0.0,norway
NOR_10Y,5,Block_ZIRP,ZIRP,block_cv,nor_eurnok_mom_1m,weight,0.0,norway
NOR_10Y,5,Block_ZIRP,ZIRP,block_cv,nor_eurnok_mom_3m,weight,1.0,norway
NOR_10Y,5,Block_ZIRP,ZIRP,block_cv,nor_eurnok_rvol_20d,weight,3.0,norway
NOR_10Y,5,Block_ZIRP,ZIRP,block_cv,nor_govt_10y,weight,0.0,norway
NOR_10Y,5,Block_ZIRP,ZIRP,block_cv,nor_govt_3y,weight,0.0,norway
NOR_10Y,5,Block_ZIRP,ZIRP,block_cv,nor_govt_5y,weight,0.0,norway
NOR_10Y,5,Block_ZIRP,ZIRP,block_cv,nor_i44_chg_1d,weight,0.0,norway
NOR_10Y,5,Block_ZIRP,ZIRP,block_cv,nor_i44_level,weight,0.0,norway
NOR_10Y,5,Block_ZIRP,ZIRP,block_cv,nor_i44_mom_1m,weight,4.0,norway
NOR_10Y,5,Block_ZIRP,ZIRP,block_cv,nor_i44_mom_3m,weight,0.0,norway
NOR_10Y,5,Block_ZIRP,ZIRP,block_cv,nor_i44_rvol_20d,weight,0.0,norway
NOR_10Y,5,Block_ZIRP,ZIRP,block_cv,nor_kpi_yoy,weight,1.0,norway
NOR_10Y,5,Block_ZIRP,ZIRP,block_cv,nor_kpijae_yoy,weight,0.0,norway
NOR_10Y,5,Block_ZIRP,ZIRP,block_cv,nor_nibor_nowa_spread,weight,0.0,norway
NOR_10Y,5,Block_ZIRP,ZIRP,block_cv,nor_nowa_level,weight,0.0,norway
NOR_10Y,5,Block_ZIRP,ZIRP,block_cv,nor_polrate_chg_1d,weight,0.0,norway
NOR_10Y,5,Block_ZIRP,ZIRP,block_cv,nor_polrate_days_since_chg,weight,3.0,norway
NOR_10Y,5,Block_ZIRP,ZIRP,block_cv,nor_polrate_level,weight,0.0,norway
NOR_10Y,5,Block_ZIRP,ZIRP,block_cv,nor_rb_rate_chg,weight,0.0,norway
NOR_10Y,5,Block_ZIRP,ZIRP,block_cv,nor_rb_rate_level,weight,1.0,norway
NOR_10Y,5,Block_ZIRP,ZIRP,block_cv,nor_unemp,weight,0.0,norway
NOR_10Y,5,Block_ZIRP,ZIRP,block_cv,nor_usdnok_chg_1d,weight,1.0,norway
NOR_10Y,5,Block_ZIRP,ZIRP,block_cv,nor_usdnok_level,weight,0.0,norway
NOR_10Y,5,Block_ZIRP,ZIRP,block_cv,nor_usdnok_mom_1m,weight,0.0,norway
NOR_10Y,5,Block_ZIRP,ZIRP,block_cv,nor_usdnok_mom_3m,weight,2.0,norway
NOR_10Y,5,Block_ZIRP,ZIRP,block_cv,nor_usdnok_rvol_20d,weight,0.0,norway
NOR_10Y,5,Block_ZIRP,ZIRP,block_cv,swap_govt_spread,weight,0.0,norway
NOR_10Y,5,Block_ZIRP,ZIRP,block_cv,xmpca_01,weight,2.0,cross_market
NOR_10Y,5,Block_ZIRP,ZIRP,block_cv,xmpca_02,weight,0.0,cross_market
NOR_10Y,5,Block_ZIRP,ZIRP,block_cv,xmpca_03,weight,0.0,cross_market
NOR_10Y,5,Block_ZIRP,ZIRP,block_cv,xmpca_04,weight,0.0,cross_market
NOR_10Y,5,Block_ZIRP,ZIRP,block_cv,xmpca_05,weight,1.0,cross_market
NOR_10Y,5,Block_ZIRP,ZIRP,block_cv,xmpca_06,weight,0.0,cross_market
NOR_10Y,5,Block_ZIRP,ZIRP,block_cv,xmpca_07,weight,1.0,cross_market
NOR_10Y,5,Block_ZIRP,ZIRP,block_cv,xmpca_08,weight,0.0,cross_market
NOR_10Y,5,Block_ZIRP,ZIRP,block_cv,xmpca_09,weight,0.0,cross_market
NOR_10Y,5,Block_ZIRP,ZIRP,block_cv,xmpca_10,weight,3.0,cross_market
NOR_10Y,5,Block_ZIRP,ZIRP,block_cv,xmpca_11,weight,2.0,cross_market
NOR_10Y,5,Block_ZIRP,ZIRP,block_cv,xmpca_12,weight,0.0,cross_market
NOR_10Y,5,Block_ZIRP,ZIRP,block_cv,chg_lag1,cover,23.0,momentum
NOR_10Y,5,Block_ZIRP,ZIRP,block_cv,chg_lag2,cover,0.0,momentum
NOR_10Y,5,Block_ZIRP,ZIRP,block_cv,chg_lag3,cover,0.0,momentum
NOR_10Y,5,Block_ZIRP,ZIRP,block_cv,chg_lag4,cover,0.0,momentum
NOR_10Y,5,Block_ZIRP,ZIRP,block_cv,chg_lag5,cover,0.0,momentum
NOR_10Y,5,Block_ZIRP,ZIRP,block_cv,carry_roll,cover,0.0,carry_roll
NOR_10Y,5,Block_ZIRP,ZIRP,block_cv,mom_63d,cover,63.0,momentum
NOR_10Y,5,Block_ZIRP,ZIRP,block_cv,mom_1m,cover,0.0,momentum
NOR_10Y,5,Block_ZIRP,ZIRP,block_cv,mom_3m,cover,0.0,momentum
NOR_10Y,5,Block_ZIRP,ZIRP,block_cv,mom_6m,cover,29.0,momentum
NOR_10Y,5,Block_ZIRP,ZIRP,block_cv,mom_12m,cover,221.0,momentum
NOR_10Y,5,Block_ZIRP,ZIRP,block_cv,dev_ma_3m,cover,57.0,curve
NOR_10Y,5,Block_ZIRP,ZIRP,block_cv,dev_ma_12m,cover,1792.6666259765625,curve
NOR_10Y,5,Block_ZIRP,ZIRP,block_cv,vol_20d,cover,0.0,vol
NOR_10Y,5,Block_ZIRP,ZIRP,block_cv,vol_regime,cover,0.0,vol
NOR_10Y,5,Block_ZIRP,ZIRP,block_cv,vol_zscore,cover,114.0,vol
NOR_10Y,5,Block_ZIRP,ZIRP,block_cv,level_zscore,cover,0.0,curve
NOR_10Y,5,Block_ZIRP,ZIRP,block_cv,slope_10_1,cover,1424.5,curve
NOR_10Y,5,Block_ZIRP,ZIRP,block_cv,slope_10_5,cover,0.0,curve
NOR_10Y,5,Block_ZIRP,ZIRP,block_cv,slope_5_1,cover,0.0,curve
NOR_10Y,5,Block_ZIRP,ZIRP,block_cv,sofr_mom_1m,cover,1197.3333740234375,macro
NOR_10Y,5,Block_ZIRP,ZIRP,block_cv,ibor_level,cover,0.0,macro
NOR_10Y,5,Block_ZIRP,ZIRP,block_cv,ibor_chg_1d,cover,0.0,macro
NOR_10Y,5,Block_ZIRP,ZIRP,block_cv,ibor_mom_1m,cover,0.0,macro
NOR_10Y,5,Block_ZIRP,ZIRP,block_cv,ibor_term_slope,cover,1530.0,macro
NOR_10Y,5,Block_ZIRP,ZIRP,block_cv,swap_ibor_basis,cover,0.0,curve
NOR_10Y,5,Block_ZIRP,ZIRP,block_cv,move_level,cover,11.0,vol
NOR_10Y,5,Block_ZIRP,ZIRP,block_cv,move_zscore,cover,0.0,vol
NOR_10Y,5,Block_ZIRP,ZIRP,block_cv,vix_level,cover,0.0,vol
NOR_10Y,5,Block_ZIRP,ZIRP,block_cv,vix_zscore,cover,0.0,vol
NOR_10Y,5,Block_ZIRP,ZIRP,block_cv,v2x_level,cover,0.0,vol
NOR_10Y,5,Block_ZIRP,ZIRP,block_cv,vxn_level,cover,28.0,vol
NOR_10Y,5,Block_ZIRP,ZIRP,block_cv,ovx_level,cover,39.0,vol
NOR_10Y,5,Block_ZIRP,ZIRP,block_cv,gvz_level,cover,0.0,vol
NOR_10Y,5,Block_ZIRP,ZIRP,block_cv,spx_mom_1m,cover,512.0,macro
NOR_10Y,5,Block_ZIRP,ZIRP,block_cv,spx_mom_3m,cover,0.0,macro
NOR_10Y,5,Block_ZIRP,ZIRP,block_cv,sx5e_mom_1m,cover,0.0,macro
NOR_10Y,5,Block_ZIRP,ZIRP,block_cv,sx5e_mom_3m,cover,0.0,macro
NOR_10Y,5,Block_ZIRP,ZIRP,block_cv,mxwo_mom_1m,cover,0.0,macro
NOR_10Y,5,Block_ZIRP,ZIRP,block_cv,ndx_mom_1m,cover,583.3333129882812,macro
NOR_10Y,5,Block_ZIRP,ZIRP,block_cv,oil_mom_1m,cover,67.5,macro
NOR_10Y,5,Block_ZIRP,ZIRP,block_cv,oil_mom_3m,cover,0.0,macro
NOR_10Y,5,Block_ZIRP,ZIRP,block_cv,copper_mom_1m,cover,120.0,macro
NOR_10Y,5,Block_ZIRP,ZIRP,block_cv,opec_prod,cover,34.0,macro
NOR_10Y,5,Block_ZIRP,ZIRP,block_cv,natgas_mom_1m,cover,0.0,macro
NOR_10Y,5,Block_ZIRP,ZIRP,block_cv,be5y_level,cover,0.0,macro
NOR_10Y,5,Block_ZIRP,ZIRP,block_cv,be10y_level,cover,0.0,macro
NOR_10Y,5,Block_ZIRP,ZIRP,block_cv,be_slope,cover,0.0,macro
NOR_10Y,5,Block_ZIRP,ZIRP,block_cv,be5y_chg_1m,cover,0.0,macro
NOR_10Y,5,Block_ZIRP,ZIRP,block_cv,ig_spread,cover,0.0,credit
NOR_10Y,5,Block_ZIRP,ZIRP,block_cv,hy_spread,cover,0.0,credit
NOR_10Y,5,Block_ZIRP,ZIRP,block_cv,ig_chg_1m,cover,0.0,credit
NOR_10Y,5,Block_ZIRP,ZIRP,block_cv,hy_chg_1m,cover,0.0,credit
NOR_10Y,5,Block_ZIRP,ZIRP,block_cv,cpi_yoy,cover,0.0,macro
NOR_10Y,5,Block_ZIRP,ZIRP,block_cv,pce_core_chg,cover,87.0,macro
NOR_10Y,5,Block_ZIRP,ZIRP,block_cv,nfp_change,cover,0.0,macro
NOR_10Y,5,Block_ZIRP,ZIRP,block_cv,pmi_us,cover,0.0,macro
NOR_10Y,5,Block_ZIRP,ZIRP,block_cv,pmi_eur,cover,1890.0,macro
NOR_10Y,5,Block_ZIRP,ZIRP,block_cv,unemp_eur,cover,0.0,macro
NOR_10Y,5,Block_ZIRP,ZIRP,block_cv,cpi_nsa_level,cover,0.0,macro
NOR_10Y,5,Block_ZIRP,ZIRP,block_cv,pce_core_level,cover,0.0,macro
NOR_10Y,5,Block_ZIRP,ZIRP,block_cv,eur_3m,cover,18.0,macro
NOR_10Y,5,Block_ZIRP,ZIRP,block_cv,eur_1w,cover,0.0,macro
NOR_10Y,5,Block_ZIRP,ZIRP,block_cv,nor_ibor_1m,cover,0.0,norway
NOR_10Y,5,Block_ZIRP,ZIRP,block_cv,nor_ibor_6m,cover,0.0,norway
NOR_10Y,5,Block_ZIRP,ZIRP,block_cv,nor_ecb_dfr_chg,cover,0.0,norway
NOR_10Y,5,Block_ZIRP,ZIRP,block_cv,nor_ecb_dfr_level,cover,0.0,norway
NOR_10Y,5,Block_ZIRP,ZIRP,block_cv,nor_eurnok_chg_1d,cover,0.0,norway
NOR_10Y,5,Block_ZIRP,ZIRP,block_cv,nor_eurnok_level,cover,0.0,norway
NOR_10Y,5,Block_ZIRP,ZIRP,block_cv,nor_eurnok_mom_1m,cover,0.0,norway
NOR_10Y,5,Block_ZIRP,ZIRP,block_cv,nor_eurnok_mom_3m,cover,50.0,norway
NOR_10Y,5,Block_ZIRP,ZIRP,block_cv,nor_eurnok_rvol_20d,cover,134.6666717529297,norway
NOR_10Y,5,Block_ZIRP,ZIRP,block_cv,nor_govt_10y,cover,0.0,norway
NOR_10Y,5,Block_ZIRP,ZIRP,block_cv,nor_govt_3y,cover,0.0,norway
NOR_10Y,5,Block_ZIRP,ZIRP,block_cv,nor_govt_5y,cover,0.0,norway
NOR_10Y,5,Block_ZIRP,ZIRP,block_cv,nor_i44_chg_1d,cover,0.0,norway
NOR_10Y,5,Block_ZIRP,ZIRP,block_cv,nor_i44_level,cover,0.0,norway
NOR_10Y,5,Block_ZIRP,ZIRP,block_cv,nor_i44_mom_1m,cover,476.25,norway
NOR_10Y,5,Block_ZIRP,ZIRP,block_cv,nor_i44_mom_3m,cover,0.0,norway
NOR_10Y,5,Block_ZIRP,ZIRP,block_cv,nor_i44_rvol_20d,cover,0.0,norway
NOR_10Y,5,Block_ZIRP,ZIRP,block_cv,nor_kpi_yoy,cover,329.0,norway
NOR_10Y,5,Block_ZIRP,ZIRP,block_cv,nor_kpijae_yoy,cover,0.0,norway
NOR_10Y,5,Block_ZIRP,ZIRP,block_cv,nor_nibor_nowa_spread,cover,0.0,norway
NOR_10Y,5,Block_ZIRP,ZIRP,block_cv,nor_nowa_level,cover,0.0,norway
NOR_10Y,5,Block_ZIRP,ZIRP,block_cv,nor_polrate_chg_1d,cover,0.0,norway
NOR_10Y,5,Block_ZIRP,ZIRP,block_cv,nor_polrate_days_since_chg,cover,114.0,norway
NOR_10Y,5,Block_ZIRP,ZIRP,block_cv,nor_polrate_level,cover,0.0,norway
NOR_10Y,5,Block_ZIRP,ZIRP,block_cv,nor_rb_rate_chg,cover,0.0,norway
NOR_10Y,5,Block_ZIRP,ZIRP,block_cv,nor_rb_rate_level,cover,145.0,norway
NOR_10Y,5,Block_ZIRP,ZIRP,block_cv,nor_unemp,cover,0.0,norway
NOR_10Y,5,Block_ZIRP,ZIRP,block_cv,nor_usdnok_chg_1d,cover,248.0,norway
NOR_10Y,5,Block_ZIRP,ZIRP,block_cv,nor_usdnok_level,cover,0.0,norway
NOR_10Y,5,Block_ZIRP,ZIRP,block_cv,nor_usdnok_mom_1m,cover,0.0,norway
NOR_10Y,5,Block_ZIRP,ZIRP,block_cv,nor_usdnok_mom_3m,cover,1839.5,norway
NOR_10Y,5,Block_ZIRP,ZIRP,block_cv,nor_usdnok_rvol_20d,cover,0.0,norway
NOR_10Y,5,Block_ZIRP,ZIRP,block_cv,swap_govt_spread,cover,0.0,norway
NOR_10Y,5,Block_ZIRP,ZIRP,block_cv,xmpca_01,cover,80.5,cross_market
NOR_10Y,5,Block_ZIRP,ZIRP,block_cv,xmpca_02,cover,0.0,cross_market
NOR_10Y,5,Block_ZIRP,ZIRP,block_cv,xmpca_03,cover,0.0,cross_market
NOR_10Y,5,Block_ZIRP,ZIRP,block_cv,xmpca_04,cover,0.0,cross_market
NOR_10Y,5,Block_ZIRP,ZIRP,block_cv,xmpca_05,cover,167.0,cross_market
NOR_10Y,5,Block_ZIRP,ZIRP,block_cv,xmpca_06,cover,0.0,cross_market
NOR_10Y,5,Block_ZIRP,ZIRP,block_cv,xmpca_07,cover,53.0,cross_market
NOR_10Y,5,Block_ZIRP,ZIRP,block_cv,xmpca_08,cover,0.0,cross_market
NOR_10Y,5,Block_ZIRP,ZIRP,block_cv,xmpca_09,cover,0.0,cross_market
NOR_10Y,5,Block_ZIRP,ZIRP,block_cv,xmpca_10,cover,69.0,cross_market
NOR_10Y,5,Block_ZIRP,ZIRP,block_cv,xmpca_11,cover,36.0,cross_market
NOR_10Y,5,Block_ZIRP,ZIRP,block_cv,xmpca_12,cover,0.0,cross_market
NOR_10Y,5,Block_ZIRP,ZIRP,block_cv,chg_lag1,total_gain,0.0129670649766922,momentum
NOR_10Y,5,Block_ZIRP,ZIRP,block_cv,chg_lag2,total_gain,0.0,momentum
NOR_10Y,5,Block_ZIRP,ZIRP,block_cv,chg_lag3,total_gain,0.0,momentum
NOR_10Y,5,Block_ZIRP,ZIRP,block_cv,chg_lag4,total_gain,0.0,momentum
NOR_10Y,5,Block_ZIRP,ZIRP,block_cv,chg_lag5,total_gain,0.0,momentum
NOR_10Y,5,Block_ZIRP,ZIRP,block_cv,carry_roll,total_gain,0.0,carry_roll
NOR_10Y,5,Block_ZIRP,ZIRP,block_cv,mom_63d,total_gain,0.04163748025894165,momentum
NOR_10Y,5,Block_ZIRP,ZIRP,block_cv,mom_1m,total_gain,0.0,momentum
NOR_10Y,5,Block_ZIRP,ZIRP,block_cv,mom_3m,total_gain,0.0,momentum
NOR_10Y,5,Block_ZIRP,ZIRP,block_cv,mom_6m,total_gain,0.05367786064743996,momentum
NOR_10Y,5,Block_ZIRP,ZIRP,block_cv,mom_12m,total_gain,0.06987816095352173,momentum
NOR_10Y,5,Block_ZIRP,ZIRP,block_cv,dev_ma_3m,total_gain,0.04333997517824173,curve
NOR_10Y,5,Block_ZIRP,ZIRP,block_cv,dev_ma_12m,total_gain,0.4355107545852661,curve
NOR_10Y,5,Block_ZIRP,ZIRP,block_cv,vol_20d,total_gain,0.0,vol
NOR_10Y,5,Block_ZIRP,ZIRP,block_cv,vol_regime,total_gain,0.0,vol
NOR_10Y,5,Block_ZIRP,ZIRP,block_cv,vol_zscore,total_gain,0.08268575370311737,vol
NOR_10Y,5,Block_ZIRP,ZIRP,block_cv,level_zscore,total_gain,0.0,curve
NOR_10Y,5,Block_ZIRP,ZIRP,block_cv,slope_10_1,total_gain,0.24172785878181458,curve
NOR_10Y,5,Block_ZIRP,ZIRP,block_cv,slope_10_5,total_gain,0.0,curve
NOR_10Y,5,Block_ZIRP,ZIRP,block_cv,slope_5_1,total_gain,0.0,curve
NOR_10Y,5,Block_ZIRP,ZIRP,block_cv,sofr_mom_1m,total_gain,0.3373643755912781,macro
NOR_10Y,5,Block_ZIRP,ZIRP,block_cv,ibor_level,total_gain,0.0,macro
NOR_10Y,5,Block_ZIRP,ZIRP,block_cv,ibor_chg_1d,total_gain,0.0,macro
NOR_10Y,5,Block_ZIRP,ZIRP,block_cv,ibor_mom_1m,total_gain,0.0,macro
NOR_10Y,5,Block_ZIRP,ZIRP,block_cv,ibor_term_slope,total_gain,0.11652670800685883,macro
NOR_10Y,5,Block_ZIRP,ZIRP,block_cv,swap_ibor_basis,total_gain,0.0,curve
NOR_10Y,5,Block_ZIRP,ZIRP,block_cv,move_level,total_gain,0.0026194974780082703,vol
NOR_10Y,5,Block_ZIRP,ZIRP,block_cv,move_zscore,total_gain,0.0,vol
NOR_10Y,5,Block_ZIRP,ZIRP,block_cv,vix_level,total_gain,0.0,vol
NOR_10Y,5,Block_ZIRP,ZIRP,block_cv,vix_zscore,total_gain,0.0,vol
NOR_10Y,5,Block_ZIRP,ZIRP,block_cv,v2x_level,total_gain,0.0,vol
NOR_10Y,5,Block_ZIRP,ZIRP,block_cv,vxn_level,total_gain,0.03135569393634796,vol
NOR_10Y,5,Block_ZIRP,ZIRP,block_cv,ovx_level,total_gain,0.10285717248916626,vol
NOR_10Y,5,Block_ZIRP,ZIRP,block_cv,gvz_level,total_gain,0.0,vol
NOR_10Y,5,Block_ZIRP,ZIRP,block_cv,spx_mom_1m,total_gain,0.1235361322760582,macro
NOR_10Y,5,Block_ZIRP,ZIRP,block_cv,spx_mom_3m,total_gain,0.0,macro
NOR_10Y,5,Block_ZIRP,ZIRP,block_cv,sx5e_mom_1m,total_gain,0.0,macro
NOR_10Y,5,Block_ZIRP,ZIRP,block_cv,sx5e_mom_3m,total_gain,0.0,macro
NOR_10Y,5,Block_ZIRP,ZIRP,block_cv,mxwo_mom_1m,total_gain,0.0,macro
NOR_10Y,5,Block_ZIRP,ZIRP,block_cv,ndx_mom_1m,total_gain,0.24624882638454437,macro
NOR_10Y,5,Block_ZIRP,ZIRP,block_cv,oil_mom_1m,total_gain,0.13316351175308228,macro
NOR_10Y,5,Block_ZIRP,ZIRP,block_cv,oil_mom_3m,total_gain,0.0,macro
NOR_10Y,5,Block_ZIRP,ZIRP,block_cv,copper_mom_1m,total_gain,0.09846952557563782,macro
NOR_10Y,5,Block_ZIRP,ZIRP,block_cv,opec_prod,total_gain,0.026457393541932106,macro
NOR_10Y,5,Block_ZIRP,ZIRP,block_cv,natgas_mom_1m,total_gain,0.0,macro
NOR_10Y,5,Block_ZIRP,ZIRP,block_cv,be5y_level,total_gain,0.0,macro
NOR_10Y,5,Block_ZIRP,ZIRP,block_cv,be10y_level,total_gain,0.0,macro
NOR_10Y,5,Block_ZIRP,ZIRP,block_cv,be_slope,total_gain,0.0,macro
NOR_10Y,5,Block_ZIRP,ZIRP,block_cv,be5y_chg_1m,total_gain,0.0,macro
NOR_10Y,5,Block_ZIRP,ZIRP,block_cv,ig_spread,total_gain,0.0,credit
NOR_10Y,5,Block_ZIRP,ZIRP,block_cv,hy_spread,total_gain,0.0,credit
NOR_10Y,5,Block_ZIRP,ZIRP,block_cv,ig_chg_1m,total_gain,0.0,credit
NOR_10Y,5,Block_ZIRP,ZIRP,block_cv,hy_chg_1m,total_gain,0.0,credit
NOR_10Y,5,Block_ZIRP,ZIRP,block_cv,cpi_yoy,total_gain,0.0,macro
NOR_10Y,5,Block_ZIRP,ZIRP,block_cv,pce_core_chg,total_gain,0.11830919981002808,macro
NOR_10Y,5,Block_ZIRP,ZIRP,block_cv,nfp_change,total_gain,0.0,macro
NOR_10Y,5,Block_ZIRP,ZIRP,block_cv,pmi_us,total_gain,0.0,macro
NOR_10Y,5,Block_ZIRP,ZIRP,block_cv,pmi_eur,total_gain,0.4890643060207367,macro
NOR_10Y,5,Block_ZIRP,ZIRP,block_cv,unemp_eur,total_gain,0.0,macro
NOR_10Y,5,Block_ZIRP,ZIRP,block_cv,cpi_nsa_level,total_gain,0.0,macro
NOR_10Y,5,Block_ZIRP,ZIRP,block_cv,pce_core_level,total_gain,0.0,macro
NOR_10Y,5,Block_ZIRP,ZIRP,block_cv,eur_3m,total_gain,0.004615031182765961,macro
NOR_10Y,5,Block_ZIRP,ZIRP,block_cv,eur_1w,total_gain,0.0,macro
NOR_10Y,5,Block_ZIRP,ZIRP,block_cv,nor_ibor_1m,total_gain,0.0,norway
NOR_10Y,5,Block_ZIRP,ZIRP,block_cv,nor_ibor_6m,total_gain,0.0,norway
NOR_10Y,5,Block_ZIRP,ZIRP,block_cv,nor_ecb_dfr_chg,total_gain,0.0,norway
NOR_10Y,5,Block_ZIRP,ZIRP,block_cv,nor_ecb_dfr_level,total_gain,0.0,norway
NOR_10Y,5,Block_ZIRP,ZIRP,block_cv,nor_eurnok_chg_1d,total_gain,0.0,norway
NOR_10Y,5,Block_ZIRP,ZIRP,block_cv,nor_eurnok_level,total_gain,0.0,norway
NOR_10Y,5,Block_ZIRP,ZIRP,block_cv,nor_eurnok_mom_1m,total_gain,0.0,norway
NOR_10Y,5,Block_ZIRP,ZIRP,block_cv,nor_eurnok_mom_3m,total_gain,0.04110360145568848,norway
NOR_10Y,5,Block_ZIRP,ZIRP,block_cv,nor_eurnok_rvol_20d,total_gain,0.309483140707016,norway
NOR_10Y,5,Block_ZIRP,ZIRP,block_cv,nor_govt_10y,total_gain,0.0,norway
NOR_10Y,5,Block_ZIRP,ZIRP,block_cv,nor_govt_3y,total_gain,0.0,norway
NOR_10Y,5,Block_ZIRP,ZIRP,block_cv,nor_govt_5y,total_gain,0.0,norway
NOR_10Y,5,Block_ZIRP,ZIRP,block_cv,nor_i44_chg_1d,total_gain,0.0,norway
NOR_10Y,5,Block_ZIRP,ZIRP,block_cv,nor_i44_level,total_gain,0.0,norway
NOR_10Y,5,Block_ZIRP,ZIRP,block_cv,nor_i44_mom_1m,total_gain,0.509199321269989,norway
NOR_10Y,5,Block_ZIRP,ZIRP,block_cv,nor_i44_mom_3m,total_gain,0.0,norway
NOR_10Y,5,Block_ZIRP,ZIRP,block_cv,nor_i44_rvol_20d,total_gain,0.0,norway
NOR_10Y,5,Block_ZIRP,ZIRP,block_cv,nor_kpi_yoy,total_gain,0.1943703442811966,norway
NOR_10Y,5,Block_ZIRP,ZIRP,block_cv,nor_kpijae_yoy,total_gain,0.0,norway
NOR_10Y,5,Block_ZIRP,ZIRP,block_cv,nor_nibor_nowa_spread,total_gain,0.0,norway
NOR_10Y,5,Block_ZIRP,ZIRP,block_cv,nor_nowa_level,total_gain,0.0,norway
NOR_10Y,5,Block_ZIRP,ZIRP,block_cv,nor_polrate_chg_1d,total_gain,0.0,norway
NOR_10Y,5,Block_ZIRP,ZIRP,block_cv,nor_polrate_days_since_chg,total_gain,0.32031822204589844,norway
NOR_10Y,5,Block_ZIRP,ZIRP,block_cv,nor_polrate_level,total_gain,0.0,norway
NOR_10Y,5,Block_ZIRP,ZIRP,block_cv,nor_rb_rate_chg,total_gain,0.0,norway
NOR_10Y,5,Block_ZIRP,ZIRP,block_cv,nor_rb_rate_level,total_gain,0.11838756501674652,norway
NOR_10Y,5,Block_ZIRP,ZIRP,block_cv,nor_unemp,total_gain,0.0,norway
NOR_10Y,5,Block_ZIRP,ZIRP,block_cv,nor_usdnok_chg_1d,total_gain,0.06335572898387909,norway
NOR_10Y,5,Block_ZIRP,ZIRP,block_cv,nor_usdnok_level,total_gain,0.0,norway
NOR_10Y,5,Block_ZIRP,ZIRP,block_cv,nor_usdnok_mom_1m,total_gain,0.0,norway
NOR_10Y,5,Block_ZIRP,ZIRP,block_cv,nor_usdnok_mom_3m,total_gain,0.3107067942619324,norway
NOR_10Y,5,Block_ZIRP,ZIRP,block_cv,nor_usdnok_rvol_20d,total_gain,0.0,norway
NOR_10Y,5,Block_ZIRP,ZIRP,block_cv,swap_govt_spread,total_gain,0.0,norway
NOR_10Y,5,Block_ZIRP,ZIRP,block_cv,xmpca_01,total_gain,0.17145580053329468,cross_market
NOR_10Y,5,Block_ZIRP,ZIRP,block_cv,xmpca_02,total_gain,0.0,cross_market
NOR_10Y,5,Block_ZIRP,ZIRP,block_cv,xmpca_03,total_gain,0.0,cross_market
NOR_10Y,5,Block_ZIRP,ZIRP,block_cv,xmpca_04,total_gain,0.0,cross_market
NOR_10Y,5,Block_ZIRP,ZIRP,block_cv,xmpca_05,total_gain,0.0848107859492302,cross_market
NOR_10Y,5,Block_ZIRP,ZIRP,block_cv,xmpca_06,total_gain,0.0,cross_market
NOR_10Y,5,Block_ZIRP,ZIRP,block_cv,xmpca_07,total_gain,0.018973127007484436,cross_market
NOR_10Y,5,Block_ZIRP,ZIRP,block_cv,xmpca_08,total_gain,0.0,cross_market
NOR_10Y,5,Block_ZIRP,ZIRP,block_cv,xmpca_09,total_gain,0.0,cross_market
NOR_10Y,5,Block_ZIRP,ZIRP,block_cv,xmpca_10,total_gain,0.2202158123254776,cross_market
NOR_10Y,5,Block_ZIRP,ZIRP,block_cv,xmpca_11,total_gain,0.08384537696838379,cross_market
NOR_10Y,5,Block_ZIRP,ZIRP,block_cv,xmpca_12,total_gain,0.0,cross_market
NOR_10Y,5,Block_ZIRP,ZIRP,block_cv,chg_lag1,total_cover,23.0,momentum
NOR_10Y,5,Block_ZIRP,ZIRP,block_cv,chg_lag2,total_cover,0.0,momentum
NOR_10Y,5,Block_ZIRP,ZIRP,block_cv,chg_lag3,total_cover,0.0,momentum
NOR_10Y,5,Block_ZIRP,ZIRP,block_cv,chg_lag4,total_cover,0.0,momentum
NOR_10Y,5,Block_ZIRP,ZIRP,block_cv,chg_lag5,total_cover,0.0,momentum
NOR_10Y,5,Block_ZIRP,ZIRP,block_cv,carry_roll,total_cover,0.0,carry_roll
NOR_10Y,5,Block_ZIRP,ZIRP,block_cv,mom_63d,total_cover,63.0,momentum
NOR_10Y,5,Block_ZIRP,ZIRP,block_cv,mom_1m,total_cover,0.0,momentum
NOR_10Y,5,Block_ZIRP,ZIRP,block_cv,mom_3m,total_cover,0.0,momentum
NOR_10Y,5,Block_ZIRP,ZIRP,block_cv,mom_6m,total_cover,29.0,momentum
NOR_10Y,5,Block_ZIRP,ZIRP,block_cv,mom_12m,total_cover,221.0,momentum
NOR_10Y,5,Block_ZIRP,ZIRP,block_cv,dev_ma_3m,total_cover,57.0,curve
NOR_10Y,5,Block_ZIRP,ZIRP,block_cv,dev_ma_12m,total_cover,5378.0,curve
NOR_10Y,5,Block_ZIRP,ZIRP,block_cv,vol_20d,total_cover,0.0,vol
NOR_10Y,5,Block_ZIRP,ZIRP,block_cv,vol_regime,total_cover,0.0,vol
NOR_10Y,5,Block_ZIRP,ZIRP,block_cv,vol_zscore,total_cover,114.0,vol
NOR_10Y,5,Block_ZIRP,ZIRP,block_cv,level_zscore,total_cover,0.0,curve
NOR_10Y,5,Block_ZIRP,ZIRP,block_cv,slope_10_1,total_cover,2849.0,curve
NOR_10Y,5,Block_ZIRP,ZIRP,block_cv,slope_10_5,total_cover,0.0,curve
NOR_10Y,5,Block_ZIRP,ZIRP,block_cv,slope_5_1,total_cover,0.0,curve
NOR_10Y,5,Block_ZIRP,ZIRP,block_cv,sofr_mom_1m,total_cover,3592.0,macro
NOR_10Y,5,Block_ZIRP,ZIRP,block_cv,ibor_level,total_cover,0.0,macro
NOR_10Y,5,Block_ZIRP,ZIRP,block_cv,ibor_chg_1d,total_cover,0.0,macro
NOR_10Y,5,Block_ZIRP,ZIRP,block_cv,ibor_mom_1m,total_cover,0.0,macro
NOR_10Y,5,Block_ZIRP,ZIRP,block_cv,ibor_term_slope,total_cover,1530.0,macro
NOR_10Y,5,Block_ZIRP,ZIRP,block_cv,swap_ibor_basis,total_cover,0.0,curve
NOR_10Y,5,Block_ZIRP,ZIRP,block_cv,move_level,total_cover,11.0,vol
NOR_10Y,5,Block_ZIRP,ZIRP,block_cv,move_zscore,total_cover,0.0,vol
NOR_10Y,5,Block_ZIRP,ZIRP,block_cv,vix_level,total_cover,0.0,vol
NOR_10Y,5,Block_ZIRP,ZIRP,block_cv,vix_zscore,total_cover,0.0,vol
NOR_10Y,5,Block_ZIRP,ZIRP,block_cv,v2x_level,total_cover,0.0,vol
NOR_10Y,5,Block_ZIRP,ZIRP,block_cv,vxn_level,total_cover,28.0,vol
NOR_10Y,5,Block_ZIRP,ZIRP,block_cv,ovx_level,total_cover,39.0,vol
NOR_10Y,5,Block_ZIRP,ZIRP,block_cv,gvz_level,total_cover,0.0,vol
NOR_10Y,5,Block_ZIRP,ZIRP,block_cv,spx_mom_1m,total_cover,512.0,macro
NOR_10Y,5,Block_ZIRP,ZIRP,block_cv,spx_mom_3m,total_cover,0.0,macro
NOR_10Y,5,Block_ZIRP,ZIRP,block_cv,sx5e_mom_1m,total_cover,0.0,macro
NOR_10Y,5,Block_ZIRP,ZIRP,block_cv,sx5e_mom_3m,total_cover,0.0,macro
NOR_10Y,5,Block_ZIRP,ZIRP,block_cv,mxwo_mom_1m,total_cover,0.0,macro
NOR_10Y,5,Block_ZIRP,ZIRP,block_cv,ndx_mom_1m,total_cover,1750.0,macro
NOR_10Y,5,Block_ZIRP,ZIRP,block_cv,oil_mom_1m,total_cover,135.0,macro
NOR_10Y,5,Block_ZIRP,ZIRP,block_cv,oil_mom_3m,total_cover,0.0,macro
NOR_10Y,5,Block_ZIRP,ZIRP,block_cv,copper_mom_1m,total_cover,120.0,macro
NOR_10Y,5,Block_ZIRP,ZIRP,block_cv,opec_prod,total_cover,34.0,macro
NOR_10Y,5,Block_ZIRP,ZIRP,block_cv,natgas_mom_1m,total_cover,0.0,macro
NOR_10Y,5,Block_ZIRP,ZIRP,block_cv,be5y_level,total_cover,0.0,macro
NOR_10Y,5,Block_ZIRP,ZIRP,block_cv,be10y_level,total_cover,0.0,macro
NOR_10Y,5,Block_ZIRP,ZIRP,block_cv,be_slope,total_cover,0.0,macro
NOR_10Y,5,Block_ZIRP,ZIRP,block_cv,be5y_chg_1m,total_cover,0.0,macro
NOR_10Y,5,Block_ZIRP,ZIRP,block_cv,ig_spread,total_cover,0.0,credit
NOR_10Y,5,Block_ZIRP,ZIRP,block_cv,hy_spread,total_cover,0.0,credit
NOR_10Y,5,Block_ZIRP,ZIRP,block_cv,ig_chg_1m,total_cover,0.0,credit
NOR_10Y,5,Block_ZIRP,ZIRP,block_cv,hy_chg_1m,total_cover,0.0,credit
NOR_10Y,5,Block_ZIRP,ZIRP,block_cv,cpi_yoy,total_cover,0.0,macro
NOR_10Y,5,Block_ZIRP,ZIRP,block_cv,pce_core_chg,total_cover,87.0,macro
NOR_10Y,5,Block_ZIRP,ZIRP,block_cv,nfp_change,total_cover,0.0,macro
NOR_10Y,5,Block_ZIRP,ZIRP,block_cv,pmi_us,total_cover,0.0,macro
NOR_10Y,5,Block_ZIRP,ZIRP,block_cv,pmi_eur,total_cover,5670.0,macro
NOR_10Y,5,Block_ZIRP,ZIRP,block_cv,unemp_eur,total_cover,0.0,macro
NOR_10Y,5,Block_ZIRP,ZIRP,block_cv,cpi_nsa_level,total_cover,0.0,macro
NOR_10Y,5,Block_ZIRP,ZIRP,block_cv,pce_core_level,total_cover,0.0,macro
NOR_10Y,5,Block_ZIRP,ZIRP,block_cv,eur_3m,total_cover,18.0,macro
NOR_10Y,5,Block_ZIRP,ZIRP,block_cv,eur_1w,total_cover,0.0,macro
NOR_10Y,5,Block_ZIRP,ZIRP,block_cv,nor_ibor_1m,total_cover,0.0,norway
NOR_10Y,5,Block_ZIRP,ZIRP,block_cv,nor_ibor_6m,total_cover,0.0,norway
NOR_10Y,5,Block_ZIRP,ZIRP,block_cv,nor_ecb_dfr_chg,total_cover,0.0,norway
NOR_10Y,5,Block_ZIRP,ZIRP,block_cv,nor_ecb_dfr_level,total_cover,0.0,norway
NOR_10Y,5,Block_ZIRP,ZIRP,block_cv,nor_eurnok_chg_1d,total_cover,0.0,norway
NOR_10Y,5,Block_ZIRP,ZIRP,block_cv,nor_eurnok_level,total_cover,0.0,norway
NOR_10Y,5,Block_ZIRP,ZIRP,block_cv,nor_eurnok_mom_1m,total_cover,0.0,norway
NOR_10Y,5,Block_ZIRP,ZIRP,block_cv,nor_eurnok_mom_3m,total_cover,50.0,norway
NOR_10Y,5,Block_ZIRP,ZIRP,block_cv,nor_eurnok_rvol_20d,total_cover,404.0,norway
NOR_10Y,5,Block_ZIRP,ZIRP,block_cv,nor_govt_10y,total_cover,0.0,norway
NOR_10Y,5,Block_ZIRP,ZIRP,block_cv,nor_govt_3y,total_cover,0.0,norway
NOR_10Y,5,Block_ZIRP,ZIRP,block_cv,nor_govt_5y,total_cover,0.0,norway
NOR_10Y,5,Block_ZIRP,ZIRP,block_cv,nor_i44_chg_1d,total_cover,0.0,norway
NOR_10Y,5,Block_ZIRP,ZIRP,block_cv,nor_i44_level,total_cover,0.0,norway
NOR_10Y,5,Block_ZIRP,ZIRP,block_cv,nor_i44_mom_1m,total_cover,1905.0,norway
NOR_10Y,5,Block_ZIRP,ZIRP,block_cv,nor_i44_mom_3m,total_cover,0.0,norway
NOR_10Y,5,Block_ZIRP,ZIRP,block_cv,nor_i44_rvol_20d,total_cover,0.0,norway
NOR_10Y,5,Block_ZIRP,ZIRP,block_cv,nor_kpi_yoy,total_cover,329.0,norway
NOR_10Y,5,Block_ZIRP,ZIRP,block_cv,nor_kpijae_yoy,total_cover,0.0,norway
NOR_10Y,5,Block_ZIRP,ZIRP,block_cv,nor_nibor_nowa_spread,total_cover,0.0,norway
NOR_10Y,5,Block_ZIRP,ZIRP,block_cv,nor_nowa_level,total_cover,0.0,norway
NOR_10Y,5,Block_ZIRP,ZIRP,block_cv,nor_polrate_chg_1d,total_cover,0.0,norway
NOR_10Y,5,Block_ZIRP,ZIRP,block_cv,nor_polrate_days_since_chg,total_cover,342.0,norway
NOR_10Y,5,Block_ZIRP,ZIRP,block_cv,nor_polrate_level,total_cover,0.0,norway
NOR_10Y,5,Block_ZIRP,ZIRP,block_cv,nor_rb_rate_chg,total_cover,0.0,norway
NOR_10Y,5,Block_ZIRP,ZIRP,block_cv,nor_rb_rate_level,total_cover,145.0,norway
NOR_10Y,5,Block_ZIRP,ZIRP,block_cv,nor_unemp,total_cover,0.0,norway
NOR_10Y,5,Block_ZIRP,ZIRP,block_cv,nor_usdnok_chg_1d,total_cover,248.0,norway
NOR_10Y,5,Block_ZIRP,ZIRP,block_cv,nor_usdnok_level,total_cover,0.0,norway
NOR_10Y,5,Block_ZIRP,ZIRP,block_cv,nor_usdnok_mom_1m,total_cover,0.0,norway
NOR_10Y,5,Block_ZIRP,ZIRP,block_cv,nor_usdnok_mom_3m,total_cover,3679.0,norway
NOR_10Y,5,Block_ZIRP,ZIRP,block_cv,nor_usdnok_rvol_20d,total_cover,0.0,norway
NOR_10Y,5,Block_ZIRP,ZIRP,block_cv,swap_govt_spread,total_cover,0.0,norway
NOR_10Y,5,Block_ZIRP,ZIRP,block_cv,xmpca_01,total_cover,161.0,cross_market
NOR_10Y,5,Block_ZIRP,ZIRP,block_cv,xmpca_02,total_cover,0.0,cross_market
NOR_10Y,5,Block_ZIRP,ZIRP,block_cv,xmpca_03,total_cover,0.0,cross_market
NOR_10Y,5,Block_ZIRP,ZIRP,block_cv,xmpca_04,total_cover,0.0,cross_market
NOR_10Y,5,Block_ZIRP,ZIRP,block_cv,xmpca_05,total_cover,167.0,cross_market
NOR_10Y,5,Block_ZIRP,ZIRP,block_cv,xmpca_06,total_cover,0.0,cross_market
NOR_10Y,5,Block_ZIRP,ZIRP,block_cv,xmpca_07,total_cover,53.0,cross_market
NOR_10Y,5,Block_ZIRP,ZIRP,block_cv,xmpca_08,total_cover,0.0,cross_market
NOR_10Y,5,Block_ZIRP,ZIRP,block_cv,xmpca_09,total_cover,0.0,cross_market
NOR_10Y,5,Block_ZIRP,ZIRP,block_cv,xmpca_10,total_cover,207.0,cross_market
NOR_10Y,5,Block_ZIRP,ZIRP,block_cv,xmpca_11,total_cover,72.0,cross_market
NOR_10Y,5,Block_ZIRP,ZIRP,block_cv,xmpca_12,total_cover,0.0,cross_market
NOR_10Y,5,Block_ZIRP,ZIRP,block_cv,chg_lag1,shap_mean_abs,1.9533856175257824e-05,momentum
NOR_10Y,5,Block_ZIRP,ZIRP,block_cv,chg_lag2,shap_mean_abs,0.0,momentum
NOR_10Y,5,Block_ZIRP,ZIRP,block_cv,chg_lag3,shap_mean_abs,0.0,momentum
NOR_10Y,5,Block_ZIRP,ZIRP,block_cv,chg_lag4,shap_mean_abs,0.0,momentum
NOR_10Y,5,Block_ZIRP,ZIRP,block_cv,chg_lag5,shap_mean_abs,0.0,momentum
NOR_10Y,5,Block_ZIRP,ZIRP,block_cv,carry_roll,shap_mean_abs,0.0,carry_roll
NOR_10Y,5,Block_ZIRP,ZIRP,block_cv,mom_63d,shap_mean_abs,1.1655225534923375e-05,momentum
NOR_10Y,5,Block_ZIRP,ZIRP,block_cv,mom_1m,shap_mean_abs,0.0,momentum
NOR_10Y,5,Block_ZIRP,ZIRP,block_cv,mom_3m,shap_mean_abs,0.0,momentum
NOR_10Y,5,Block_ZIRP,ZIRP,block_cv,mom_6m,shap_mean_abs,1.3895460142521188e-05,momentum
NOR_10Y,5,Block_ZIRP,ZIRP,block_cv,mom_12m,shap_mean_abs,0.00010719848069129512,momentum
NOR_10Y,5,Block_ZIRP,ZIRP,block_cv,dev_ma_3m,shap_mean_abs,1.728323331917636e-05,curve
NOR_10Y,5,Block_ZIRP,ZIRP,block_cv,dev_ma_12m,shap_mean_abs,0.00011289467511232942,curve
NOR_10Y,5,Block_ZIRP,ZIRP,block_cv,vol_20d,shap_mean_abs,0.0,vol
NOR_10Y,5,Block_ZIRP,ZIRP,block_cv,vol_regime,shap_mean_abs,0.0,vol
NOR_10Y,5,Block_ZIRP,ZIRP,block_cv,vol_zscore,shap_mean_abs,6.383255822584033e-05,vol
NOR_10Y,5,Block_ZIRP,ZIRP,block_cv,level_zscore,shap_mean_abs,0.0,curve
NOR_10Y,5,Block_ZIRP,ZIRP,block_cv,slope_10_1,shap_mean_abs,0.000280007574474439,curve
NOR_10Y,5,Block_ZIRP,ZIRP,block_cv,slope_10_5,shap_mean_abs,0.0,curve
NOR_10Y,5,Block_ZIRP,ZIRP,block_cv,slope_5_1,shap_mean_abs,0.0,curve
NOR_10Y,5,Block_ZIRP,ZIRP,block_cv,sofr_mom_1m,shap_mean_abs,0.0009846866596490145,macro
NOR_10Y,5,Block_ZIRP,ZIRP,block_cv,ibor_level,shap_mean_abs,0.0,macro
NOR_10Y,5,Block_ZIRP,ZIRP,block_cv,ibor_chg_1d,shap_mean_abs,0.0,macro
NOR_10Y,5,Block_ZIRP,ZIRP,block_cv,ibor_mom_1m,shap_mean_abs,0.0,macro
NOR_10Y,5,Block_ZIRP,ZIRP,block_cv,ibor_term_slope,shap_mean_abs,0.00046629636199213564,macro
NOR_10Y,5,Block_ZIRP,ZIRP,block_cv,swap_ibor_basis,shap_mean_abs,0.0,curve
NOR_10Y,5,Block_ZIRP,ZIRP,block_cv,move_level,shap_mean_abs,3.44233831128804e-06,vol
NOR_10Y,5,Block_ZIRP,ZIRP,block_cv,move_zscore,shap_mean_abs,0.0,vol
NOR_10Y,5,Block_ZIRP,ZIRP,block_cv,vix_level,shap_mean_abs,0.0,vol
NOR_10Y,5,Block_ZIRP,ZIRP,block_cv,vix_zscore,shap_mean_abs,0.0,vol
NOR_10Y,5,Block_ZIRP,ZIRP,block_cv,v2x_level,shap_mean_abs,0.0,vol
NOR_10Y,5,Block_ZIRP,ZIRP,block_cv,vxn_level,shap_mean_abs,4.5208238589111716e-05,vol
NOR_10Y,5,Block_ZIRP,ZIRP,block_cv,ovx_level,shap_mean_abs,0.0001228283072123304,vol
NOR_10Y,5,Block_ZIRP,ZIRP,block_cv,gvz_level,shap_mean_abs,0.0,vol
NOR_10Y,5,Block_ZIRP,ZIRP,block_cv,spx_mom_1m,shap_mean_abs,0.00012925326882395893,macro
NOR_10Y,5,Block_ZIRP,ZIRP,block_cv,spx_mom_3m,shap_mean_abs,0.0,macro
NOR_10Y,5,Block_ZIRP,ZIRP,block_cv,sx5e_mom_1m,shap_mean_abs,0.0,macro
NOR_10Y,5,Block_ZIRP,ZIRP,block_cv,sx5e_mom_3m,shap_mean_abs,0.0,macro
NOR_10Y,5,Block_ZIRP,ZIRP,block_cv,mxwo_mom_1m,shap_mean_abs,0.0,macro
NOR_10Y,5,Block_ZIRP,ZIRP,block_cv,ndx_mom_1m,shap_mean_abs,0.0002721337368711829,macro
NOR_10Y,5,Block_ZIRP,ZIRP,block_cv,oil_mom_1m,shap_mean_abs,3.5647415643325076e-05,macro
NOR_10Y,5,Block_ZIRP,ZIRP,block_cv,oil_mom_3m,shap_mean_abs,0.0,macro
NOR_10Y,5,Block_ZIRP,ZIRP,block_cv,copper_mom_1m,shap_mean_abs,7.831086259102449e-05,macro
NOR_10Y,5,Block_ZIRP,ZIRP,block_cv,opec_prod,shap_mean_abs,1.896958019642625e-05,macro
NOR_10Y,5,Block_ZIRP,ZIRP,block_cv,natgas_mom_1m,shap_mean_abs,0.0,macro
NOR_10Y,5,Block_ZIRP,ZIRP,block_cv,be5y_level,shap_mean_abs,0.0,macro
NOR_10Y,5,Block_ZIRP,ZIRP,block_cv,be10y_level,shap_mean_abs,0.0,macro
NOR_10Y,5,Block_ZIRP,ZIRP,block_cv,be_slope,shap_mean_abs,0.0,macro
NOR_10Y,5,Block_ZIRP,ZIRP,block_cv,be5y_chg_1m,shap_mean_abs,0.0,macro
NOR_10Y,5,Block_ZIRP,ZIRP,block_cv,ig_spread,shap_mean_abs,0.0,credit
NOR_10Y,5,Block_ZIRP,ZIRP,block_cv,hy_spread,shap_mean_abs,0.0,credit
NOR_10Y,5,Block_ZIRP,ZIRP,block_cv,ig_chg_1m,shap_mean_abs,0.0,credit
NOR_10Y,5,Block_ZIRP,ZIRP,block_cv,hy_chg_1m,shap_mean_abs,0.0,credit
NOR_10Y,5,Block_ZIRP,ZIRP,block_cv,cpi_yoy,shap_mean_abs,0.0,macro
NOR_10Y,5,Block_ZIRP,ZIRP,block_cv,pce_core_chg,shap_mean_abs,8.873717160895467e-05,macro
NOR_10Y,5,Block_ZIRP,ZIRP,block_cv,nfp_change,shap_mean_abs,0.0,macro
NOR_10Y,5,Block_ZIRP,ZIRP,block_cv,pmi_us,shap_mean_abs,0.0,macro
NOR_10Y,5,Block_ZIRP,ZIRP,block_cv,pmi_eur,shap_mean_abs,0.0013474250445142388,macro
NOR_10Y,5,Block_ZIRP,ZIRP,block_cv,unemp_eur,shap_mean_abs,0.0,macro
NOR_10Y,5,Block_ZIRP,ZIRP,block_cv,cpi_nsa_level,shap_mean_abs,0.0,macro
NOR_10Y,5,Block_ZIRP,ZIRP,block_cv,pce_core_level,shap_mean_abs,0.0,macro
NOR_10Y,5,Block_ZIRP,ZIRP,block_cv,eur_3m,shap_mean_abs,3.3262515444221208e-06,macro
NOR_10Y,5,Block_ZIRP,ZIRP,block_cv,eur_1w,shap_mean_abs,0.0,macro
NOR_10Y,5,Block_ZIRP,ZIRP,block_cv,nor_ibor_1m,shap_mean_abs,0.0,norway
NOR_10Y,5,Block_ZIRP,ZIRP,block_cv,nor_ibor_6m,shap_mean_abs,0.0,norway
NOR_10Y,5,Block_ZIRP,ZIRP,block_cv,nor_ecb_dfr_chg,shap_mean_abs,0.0,norway
NOR_10Y,5,Block_ZIRP,ZIRP,block_cv,nor_ecb_dfr_level,shap_mean_abs,0.0,norway
NOR_10Y,5,Block_ZIRP,ZIRP,block_cv,nor_eurnok_chg_1d,shap_mean_abs,0.0,norway
NOR_10Y,5,Block_ZIRP,ZIRP,block_cv,nor_eurnok_level,shap_mean_abs,0.0,norway
NOR_10Y,5,Block_ZIRP,ZIRP,block_cv,nor_eurnok_mom_1m,shap_mean_abs,0.0,norway
NOR_10Y,5,Block_ZIRP,ZIRP,block_cv,nor_eurnok_mom_3m,shap_mean_abs,6.251921877264977e-05,norway
NOR_10Y,5,Block_ZIRP,ZIRP,block_cv,nor_eurnok_rvol_20d,shap_mean_abs,0.00013896085147280246,norway
NOR_10Y,5,Block_ZIRP,ZIRP,block_cv,nor_govt_10y,shap_mean_abs,0.0,norway
NOR_10Y,5,Block_ZIRP,ZIRP,block_cv,nor_govt_3y,shap_mean_abs,0.0,norway
NOR_10Y,5,Block_ZIRP,ZIRP,block_cv,nor_govt_5y,shap_mean_abs,0.0,norway
NOR_10Y,5,Block_ZIRP,ZIRP,block_cv,nor_i44_chg_1d,shap_mean_abs,0.0,norway
NOR_10Y,5,Block_ZIRP,ZIRP,block_cv,nor_i44_level,shap_mean_abs,0.0,norway
NOR_10Y,5,Block_ZIRP,ZIRP,block_cv,nor_i44_mom_1m,shap_mean_abs,0.0004937592893838882,norway
NOR_10Y,5,Block_ZIRP,ZIRP,block_cv,nor_i44_mom_3m,shap_mean_abs,0.0,norway
NOR_10Y,5,Block_ZIRP,ZIRP,block_cv,nor_i44_rvol_20d,shap_mean_abs,0.0,norway
NOR_10Y,5,Block_ZIRP,ZIRP,block_cv,nor_kpi_yoy,shap_mean_abs,4.181806798442267e-05,norway
NOR_10Y,5,Block_ZIRP,ZIRP,block_cv,nor_kpijae_yoy,shap_mean_abs,0.0,norway
NOR_10Y,5,Block_ZIRP,ZIRP,block_cv,nor_nibor_nowa_spread,shap_mean_abs,0.0,norway
NOR_10Y,5,Block_ZIRP,ZIRP,block_cv,nor_nowa_level,shap_mean_abs,0.0,norway
NOR_10Y,5,Block_ZIRP,ZIRP,block_cv,nor_polrate_chg_1d,shap_mean_abs,0.0,norway
NOR_10Y,5,Block_ZIRP,ZIRP,block_cv,nor_polrate_days_since_chg,shap_mean_abs,0.00036916203680448234,norway
NOR_10Y,5,Block_ZIRP,ZIRP,block_cv,nor_polrate_level,shap_mean_abs,0.0,norway
NOR_10Y,5,Block_ZIRP,ZIRP,block_cv,nor_rb_rate_chg,shap_mean_abs,0.0,norway
NOR_10Y,5,Block_ZIRP,ZIRP,block_cv,nor_rb_rate_level,shap_mean_abs,0.0001273547240998596,norway
NOR_10Y,5,Block_ZIRP,ZIRP,block_cv,nor_unemp,shap_mean_abs,0.0,norway
NOR_10Y,5,Block_ZIRP,ZIRP,block_cv,nor_usdnok_chg_1d,shap_mean_abs,8.284214709419757e-05,norway
NOR_10Y,5,Block_ZIRP,ZIRP,block_cv,nor_usdnok_level,shap_mean_abs,0.0,norway
NOR_10Y,5,Block_ZIRP,ZIRP,block_cv,nor_usdnok_mom_1m,shap_mean_abs,0.0,norway
NOR_10Y,5,Block_ZIRP,ZIRP,block_cv,nor_usdnok_mom_3m,shap_mean_abs,0.00028224935522302985,norway
NOR_10Y,5,Block_ZIRP,ZIRP,block_cv,nor_usdnok_rvol_20d,shap_mean_abs,0.0,norway
NOR_10Y,5,Block_ZIRP,ZIRP,block_cv,swap_govt_spread,shap_mean_abs,0.0,norway
NOR_10Y,5,Block_ZIRP,ZIRP,block_cv,xmpca_01,shap_mean_abs,5.48931238881778e-05,cross_market
NOR_10Y,5,Block_ZIRP,ZIRP,block_cv,xmpca_02,shap_mean_abs,0.0,cross_market
NOR_10Y,5,Block_ZIRP,ZIRP,block_cv,xmpca_03,shap_mean_abs,0.0,cross_market
NOR_10Y,5,Block_ZIRP,ZIRP,block_cv,xmpca_04,shap_mean_abs,0.0,cross_market
NOR_10Y,5,Block_ZIRP,ZIRP,block_cv,xmpca_05,shap_mean_abs,8.05304225650616e-05,cross_market
NOR_10Y,5,Block_ZIRP,ZIRP,block_cv,xmpca_06,shap_mean_abs,0.0,cross_market
NOR_10Y,5,Block_ZIRP,ZIRP,block_cv,xmpca_07,shap_mean_abs,8.465986866212916e-06,cross_market
NOR_10Y,5,Block_ZIRP,ZIRP,block_cv,xmpca_08,shap_mean_abs,0.0,cross_market
NOR_10Y,5,Block_ZIRP,ZIRP,block_cv,xmpca_09,shap_mean_abs,0.0,cross_market
NOR_10Y,5,Block_ZIRP,ZIRP,block_cv,xmpca_10,shap_mean_abs,8.056303340708837e-05,cross_market
NOR_10Y,5,Block_ZIRP,ZIRP,block_cv,xmpca_11,shap_mean_abs,4.278794949641451e-05,cross_market
NOR_10Y,5,Block_ZIRP,ZIRP,block_cv,xmpca_12,shap_mean_abs,0.0,cross_market
NOR_10Y,5,Block_COVID,COVID,block_cv,chg_lag1,gain,0.0011080546537414193,momentum
NOR_10Y,5,Block_COVID,COVID,block_cv,chg_lag2,gain,0.009121096692979336,momentum
NOR_10Y,5,Block_COVID,COVID,block_cv,chg_lag3,gain,0.013876671902835369,momentum
NOR_10Y,5,Block_COVID,COVID,block_cv,chg_lag4,gain,0.00016082104411907494,momentum
NOR_10Y,5,Block_COVID,COVID,block_cv,chg_lag5,gain,0.0,momentum
NOR_10Y,5,Block_COVID,COVID,block_cv,carry_roll,gain,0.04137672483921051,carry_roll
NOR_10Y,5,Block_COVID,COVID,block_cv,mom_63d,gain,0.049904756247997284,momentum
NOR_10Y,5,Block_COVID,COVID,block_cv,mom_1m,gain,0.07596240192651749,momentum
NOR_10Y,5,Block_COVID,COVID,block_cv,mom_3m,gain,0.07749173790216446,momentum
NOR_10Y,5,Block_COVID,COVID,block_cv,mom_6m,gain,0.05116258189082146,momentum
NOR_10Y,5,Block_COVID,COVID,block_cv,mom_12m,gain,0.05467410013079643,momentum
NOR_10Y,5,Block_COVID,COVID,block_cv,dev_ma_3m,gain,0.05678820237517357,curve
NOR_10Y,5,Block_COVID,COVID,block_cv,dev_ma_12m,gain,0.08650806546211243,curve
NOR_10Y,5,Block_COVID,COVID,block_cv,vol_20d,gain,0.08261317014694214,vol
NOR_10Y,5,Block_COVID,COVID,block_cv,vol_regime,gain,0.0,vol
NOR_10Y,5,Block_COVID,COVID,block_cv,vol_zscore,gain,0.052805542945861816,vol
NOR_10Y,5,Block_COVID,COVID,block_cv,level_zscore,gain,0.014015852473676205,curve
NOR_10Y,5,Block_COVID,COVID,block_cv,slope_10_1,gain,0.07118139415979385,curve
NOR_10Y,5,Block_COVID,COVID,block_cv,slope_10_5,gain,0.0,curve
NOR_10Y,5,Block_COVID,COVID,block_cv,slope_5_1,gain,0.08499377965927124,curve
NOR_10Y,5,Block_COVID,COVID,block_cv,sofr_mom_1m,gain,0.042629167437553406,macro
NOR_10Y,5,Block_COVID,COVID,block_cv,ibor_level,gain,0.017824996262788773,macro
NOR_10Y,5,Block_COVID,COVID,block_cv,ibor_chg_1d,gain,0.08781448006629944,macro
NOR_10Y,5,Block_COVID,COVID,block_cv,ibor_mom_1m,gain,0.035282764583826065,macro
NOR_10Y,5,Block_COVID,COVID,block_cv,ibor_term_slope,gain,0.07977910339832306,macro
NOR_10Y,5,Block_COVID,COVID,block_cv,swap_ibor_basis,gain,0.06492588669061661,curve
NOR_10Y,5,Block_COVID,COVID,block_cv,move_level,gain,0.026364712044596672,vol
NOR_10Y,5,Block_COVID,COVID,block_cv,move_zscore,gain,0.018998779356479645,vol
NOR_10Y,5,Block_COVID,COVID,block_cv,vix_level,gain,0.0,vol
NOR_10Y,5,Block_COVID,COVID,block_cv,vix_zscore,gain,0.002391209825873375,vol
NOR_10Y,5,Block_COVID,COVID,block_cv,v2x_level,gain,0.031111184507608414,vol
NOR_10Y,5,Block_COVID,COVID,block_cv,vxn_level,gain,0.035769134759902954,vol
NOR_10Y,5,Block_COVID,COVID,block_cv,ovx_level,gain,0.028617313131690025,vol
NOR_10Y,5,Block_COVID,COVID,block_cv,gvz_level,gain,0.021365957334637642,vol
NOR_10Y,5,Block_COVID,COVID,block_cv,spx_mom_1m,gain,0.06659115850925446,macro
NOR_10Y,5,Block_COVID,COVID,block_cv,spx_mom_3m,gain,0.0,macro
NOR_10Y,5,Block_COVID,COVID,block_cv,sx5e_mom_1m,gain,0.027227187529206276,macro
NOR_10Y,5,Block_COVID,COVID,block_cv,sx5e_mom_3m,gain,0.04530970752239227,macro
NOR_10Y,5,Block_COVID,COVID,block_cv,mxwo_mom_1m,gain,0.03556620702147484,macro
NOR_10Y,5,Block_COVID,COVID,block_cv,ndx_mom_1m,gain,0.0,macro
NOR_10Y,5,Block_COVID,COVID,block_cv,oil_mom_1m,gain,0.046731580048799515,macro
NOR_10Y,5,Block_COVID,COVID,block_cv,oil_mom_3m,gain,0.045402877032756805,macro
NOR_10Y,5,Block_COVID,COVID,block_cv,copper_mom_1m,gain,0.08432499319314957,macro
NOR_10Y,5,Block_COVID,COVID,block_cv,opec_prod,gain,0.051448605954647064,macro
NOR_10Y,5,Block_COVID,COVID,block_cv,natgas_mom_1m,gain,0.06640955060720444,macro
NOR_10Y,5,Block_COVID,COVID,block_cv,be5y_level,gain,0.04261454939842224,macro
NOR_10Y,5,Block_COVID,COVID,block_cv,be10y_level,gain,0.0,macro
NOR_10Y,5,Block_COVID,COVID,block_cv,be_slope,gain,0.0,macro
NOR_10Y,5,Block_COVID,COVID,block_cv,be5y_chg_1m,gain,0.0,macro
NOR_10Y,5,Block_COVID,COVID,block_cv,ig_spread,gain,0.0,credit
NOR_10Y,5,Block_COVID,COVID,block_cv,hy_spread,gain,0.0,credit
NOR_10Y,5,Block_COVID,COVID,block_cv,ig_chg_1m,gain,0.0,credit
NOR_10Y,5,Block_COVID,COVID,block_cv,hy_chg_1m,gain,0.0,credit
NOR_10Y,5,Block_COVID,COVID,block_cv,cpi_yoy,gain,0.0,macro
NOR_10Y,5,Block_COVID,COVID,block_cv,pce_core_chg,gain,0.0755983367562294,macro
NOR_10Y,5,Block_COVID,COVID,block_cv,nfp_change,gain,0.12771376967430115,macro
NOR_10Y,5,Block_COVID,COVID,block_cv,pmi_us,gain,0.07158542424440384,macro
NOR_10Y,5,Block_COVID,COVID,block_cv,pmi_eur,gain,0.1457599252462387,macro
NOR_10Y,5,Block_COVID,COVID,block_cv,unemp_eur,gain,0.0,macro
NOR_10Y,5,Block_COVID,COVID,block_cv,cpi_nsa_level,gain,0.0,macro
NOR_10Y,5,Block_COVID,COVID,block_cv,pce_core_level,gain,0.0,macro
NOR_10Y,5,Block_COVID,COVID,block_cv,eur_3m,gain,0.03979206085205078,macro
NOR_10Y,5,Block_COVID,COVID,block_cv,eur_1w,gain,0.0808858871459961,macro
NOR_10Y,5,Block_COVID,COVID,block_cv,nor_ibor_1m,gain,0.0,norway
NOR_10Y,5,Block_COVID,COVID,block_cv,nor_ibor_6m,gain,0.06390964984893799,norway
NOR_10Y,5,Block_COVID,COVID,block_cv,nor_ecb_dfr_chg,gain,0.0,norway
NOR_10Y,5,Block_COVID,COVID,block_cv,nor_ecb_dfr_level,gain,0.0,norway
NOR_10Y,5,Block_COVID,COVID,block_cv,nor_eurnok_chg_1d,gain,0.027233488857746124,norway
NOR_10Y,5,Block_COVID,COVID,block_cv,nor_eurnok_level,gain,0.07205028086900711,norway
NOR_10Y,5,Block_COVID,COVID,block_cv,nor_eurnok_mom_1m,gain,0.042925067245960236,norway
NOR_10Y,5,Block_COVID,COVID,block_cv,nor_eurnok_mom_3m,gain,0.010635823011398315,norway
NOR_10Y,5,Block_COVID,COVID,block_cv,nor_eurnok_rvol_20d,gain,0.04006481170654297,norway
NOR_10Y,5,Block_COVID,COVID,block_cv,nor_govt_10y,gain,0.034616172313690186,norway
NOR_10Y,5,Block_COVID,COVID,block_cv,nor_govt_3y,gain,0.07199203222990036,norway
NOR_10Y,5,Block_COVID,COVID,block_cv,nor_govt_5y,gain,0.23981447517871857,norway
NOR_10Y,5,Block_COVID,COVID,block_cv,nor_i44_chg_1d,gain,0.10148864984512329,norway
NOR_10Y,5,Block_COVID,COVID,block_cv,nor_i44_level,gain,0.0,norway
NOR_10Y,5,Block_COVID,COVID,block_cv,nor_i44_mom_1m,gain,0.008042987436056137,norway
NOR_10Y,5,Block_COVID,COVID,block_cv,nor_i44_mom_3m,gain,0.046125806868076324,norway
NOR_10Y,5,Block_COVID,COVID,block_cv,nor_i44_rvol_20d,gain,0.04923471435904503,norway
NOR_10Y,5,Block_COVID,COVID,block_cv,nor_kpi_yoy,gain,0.09530141949653625,norway
NOR_10Y,5,Block_COVID,COVID,block_cv,nor_kpijae_yoy,gain,0.004510138649493456,norway
NOR_10Y,5,Block_COVID,COVID,block_cv,nor_nibor_nowa_spread,gain,0.04330641031265259,norway
NOR_10Y,5,Block_COVID,COVID,block_cv,nor_nowa_level,gain,0.0,norway
NOR_10Y,5,Block_COVID,COVID,block_cv,nor_polrate_chg_1d,gain,0.0,norway
NOR_10Y,5,Block_COVID,COVID,block_cv,nor_polrate_days_since_chg,gain,0.12591055035591125,norway
NOR_10Y,5,Block_COVID,COVID,block_cv,nor_polrate_level,gain,0.0,norway
NOR_10Y,5,Block_COVID,COVID,block_cv,nor_rb_rate_chg,gain,0.0,norway
NOR_10Y,5,Block_COVID,COVID,block_cv,nor_rb_rate_level,gain,0.0,norway
NOR_10Y,5,Block_COVID,COVID,block_cv,nor_unemp,gain,0.0,norway
NOR_10Y,5,Block_COVID,COVID,block_cv,nor_usdnok_chg_1d,gain,0.0,norway
NOR_10Y,5,Block_COVID,COVID,block_cv,nor_usdnok_level,gain,0.08541330695152283,norway
NOR_10Y,5,Block_COVID,COVID,block_cv,nor_usdnok_mom_1m,gain,0.024788253009319305,norway
NOR_10Y,5,Block_COVID,COVID,block_cv,nor_usdnok_mom_3m,gain,0.07653547823429108,norway
NOR_10Y,5,Block_COVID,COVID,block_cv,nor_usdnok_rvol_20d,gain,0.04274127259850502,norway
NOR_10Y,5,Block_COVID,COVID,block_cv,swap_govt_spread,gain,0.0,norway
NOR_10Y,5,Block_COVID,COVID,block_cv,xmpca_01,gain,0.0,cross_market
NOR_10Y,5,Block_COVID,COVID,block_cv,xmpca_02,gain,0.04415091127157211,cross_market
NOR_10Y,5,Block_COVID,COVID,block_cv,xmpca_03,gain,0.060787133872509,cross_market
NOR_10Y,5,Block_COVID,COVID,block_cv,xmpca_04,gain,0.0,cross_market
NOR_10Y,5,Block_COVID,COVID,block_cv,xmpca_05,gain,0.03371710702776909,cross_market
NOR_10Y,5,Block_COVID,COVID,block_cv,xmpca_06,gain,0.008082369342446327,cross_market
NOR_10Y,5,Block_COVID,COVID,block_cv,xmpca_07,gain,0.007353384047746658,cross_market
NOR_10Y,5,Block_COVID,COVID,block_cv,xmpca_08,gain,0.023640083149075508,cross_market
NOR_10Y,5,Block_COVID,COVID,block_cv,xmpca_09,gain,0.03157815337181091,cross_market
NOR_10Y,5,Block_COVID,COVID,block_cv,xmpca_10,gain,0.016932319849729538,cross_market
NOR_10Y,5,Block_COVID,COVID,block_cv,xmpca_11,gain,0.029298046603798866,cross_market
NOR_10Y,5,Block_COVID,COVID,block_cv,xmpca_12,gain,0.015240158885717392,cross_market
NOR_10Y,5,Block_COVID,COVID,block_cv,chg_lag1,weight,13.0,momentum
NOR_10Y,5,Block_COVID,COVID,block_cv,chg_lag2,weight,13.0,momentum
NOR_10Y,5,Block_COVID,COVID,block_cv,chg_lag3,weight,9.0,momentum
NOR_10Y,5,Block_COVID,COVID,block_cv,chg_lag4,weight,2.0,momentum
NOR_10Y,5,Block_COVID,COVID,block_cv,chg_lag5,weight,0.0,momentum
NOR_10Y,5,Block_COVID,COVID,block_cv,carry_roll,weight,3.0,carry_roll
NOR_10Y,5,Block_COVID,COVID,block_cv,mom_63d,weight,2.0,momentum
NOR_10Y,5,Block_COVID,COVID,block_cv,mom_1m,weight,5.0,momentum
NOR_10Y,5,Block_COVID,COVID,block_cv,mom_3m,weight,6.0,momentum
NOR_10Y,5,Block_COVID,COVID,block_cv,mom_6m,weight,6.0,momentum
NOR_10Y,5,Block_COVID,COVID,block_cv,mom_12m,weight,5.0,momentum
NOR_10Y,5,Block_COVID,COVID,block_cv,dev_ma_3m,weight,4.0,curve
NOR_10Y,5,Block_COVID,COVID,block_cv,dev_ma_12m,weight,2.0,curve
NOR_10Y,5,Block_COVID,COVID,block_cv,vol_20d,weight,1.0,vol
NOR_10Y,5,Block_COVID,COVID,block_cv,vol_regime,weight,0.0,vol
NOR_10Y,5,Block_COVID,COVID,block_cv,vol_zscore,weight,1.0,vol
NOR_10Y,5,Block_COVID,COVID,block_cv,level_zscore,weight,2.0,curve
NOR_10Y,5,Block_COVID,COVID,block_cv,slope_10_1,weight,3.0,curve
NOR_10Y,5,Block_COVID,COVID,block_cv,slope_10_5,weight,0.0,curve
NOR_10Y,5,Block_COVID,COVID,block_cv,slope_5_1,weight,3.0,curve
NOR_10Y,5,Block_COVID,COVID,block_cv,sofr_mom_1m,weight,8.0,macro
NOR_10Y,5,Block_COVID,COVID,block_cv,ibor_level,weight,5.0,macro
NOR_10Y,5,Block_COVID,COVID,block_cv,ibor_chg_1d,weight,4.0,macro
NOR_10Y,5,Block_COVID,COVID,block_cv,ibor_mom_1m,weight,8.0,macro
NOR_10Y,5,Block_COVID,COVID,block_cv,ibor_term_slope,weight,2.0,macro
NOR_10Y,5,Block_COVID,COVID,block_cv,swap_ibor_basis,weight,4.0,curve
NOR_10Y,5,Block_COVID,COVID,block_cv,move_level,weight,4.0,vol
NOR_10Y,5,Block_COVID,COVID,block_cv,move_zscore,weight,1.0,vol
NOR_10Y,5,Block_COVID,COVID,block_cv,vix_level,weight,0.0,vol
NOR_10Y,5,Block_COVID,COVID,block_cv,vix_zscore,weight,1.0,vol
NOR_10Y,5,Block_COVID,COVID,block_cv,v2x_level,weight,2.0,vol
NOR_10Y,5,Block_COVID,COVID,block_cv,vxn_level,weight,3.0,vol
NOR_10Y,5,Block_COVID,COVID,block_cv,ovx_level,weight,3.0,vol
NOR_10Y,5,Block_COVID,COVID,block_cv,gvz_level,weight,1.0,vol
NOR_10Y,5,Block_COVID,COVID,block_cv,spx_mom_1m,weight,3.0,macro
NOR_10Y,5,Block_COVID,COVID,block_cv,spx_mom_3m,weight,0.0,macro
NOR_10Y,5,Block_COVID,COVID,block_cv,sx5e_mom_1m,weight,4.0,macro
NOR_10Y,5,Block_COVID,COVID,block_cv,sx5e_mom_3m,weight,1.0,macro
NOR_10Y,5,Block_COVID,COVID,block_cv,mxwo_mom_1m,weight,3.0,macro
NOR_10Y,5,Block_COVID,COVID,block_cv,ndx_mom_1m,weight,0.0,macro
NOR_10Y,5,Block_COVID,COVID,block_cv,oil_mom_1m,weight,3.0,macro
NOR_10Y,5,Block_COVID,COVID,block_cv,oil_mom_3m,weight,2.0,macro
NOR_10Y,5,Block_COVID,COVID,block_cv,copper_mom_1m,weight,5.0,macro
NOR_10Y,5,Block_COVID,COVID,block_cv,opec_prod,weight,5.0,macro
NOR_10Y,5,Block_COVID,COVID,block_cv,natgas_mom_1m,weight,5.0,macro
NOR_10Y,5,Block_COVID,COVID,block_cv,be5y_level,weight,2.0,macro
NOR_10Y,5,Block_COVID,COVID,block_cv,be10y_level,weight,0.0,macro
NOR_10Y,5,Block_COVID,COVID,block_cv,be_slope,weight,0.0,macro
NOR_10Y,5,Block_COVID,COVID,block_cv,be5y_chg_1m,weight,0.0,macro
NOR_10Y,5,Block_COVID,COVID,block_cv,ig_spread,weight,0.0,credit
NOR_10Y,5,Block_COVID,COVID,block_cv,hy_spread,weight,0.0,credit
NOR_10Y,5,Block_COVID,COVID,block_cv,ig_chg_1m,weight,0.0,credit
NOR_10Y,5,Block_COVID,COVID,block_cv,hy_chg_1m,weight,0.0,credit
NOR_10Y,5,Block_COVID,COVID,block_cv,cpi_yoy,weight,0.0,macro
NOR_10Y,5,Block_COVID,COVID,block_cv,pce_core_chg,weight,1.0,macro
NOR_10Y,5,Block_COVID,COVID,block_cv,nfp_change,weight,9.0,macro
NOR_10Y,5,Block_COVID,COVID,block_cv,pmi_us,weight,3.0,macro
NOR_10Y,5,Block_COVID,COVID,block_cv,pmi_eur,weight,2.0,macro
NOR_10Y,5,Block_COVID,COVID,block_cv,unemp_eur,weight,0.0,macro
NOR_10Y,5,Block_COVID,COVID,block_cv,cpi_nsa_level,weight,0.0,macro
NOR_10Y,5,Block_COVID,COVID,block_cv,pce_core_level,weight,0.0,macro
NOR_10Y,5,Block_COVID,COVID,block_cv,eur_3m,weight,1.0,macro
NOR_10Y,5,Block_COVID,COVID,block_cv,eur_1w,weight,1.0,macro
NOR_10Y,5,Block_COVID,COVID,block_cv,nor_ibor_1m,weight,0.0,norway
NOR_10Y,5,Block_COVID,COVID,block_cv,nor_ibor_6m,weight,3.0,norway
NOR_10Y,5,Block_COVID,COVID,block_cv,nor_ecb_dfr_chg,weight,0.0,norway
NOR_10Y,5,Block_COVID,COVID,block_cv,nor_ecb_dfr_level,weight,0.0,norway
NOR_10Y,5,Block_COVID,COVID,block_cv,nor_eurnok_chg_1d,weight,1.0,norway
NOR_10Y,5,Block_COVID,COVID,block_cv,nor_eurnok_level,weight,1.0,norway
NOR_10Y,5,Block_COVID,COVID,block_cv,nor_eurnok_mom_1m,weight,5.0,norway
NOR_10Y,5,Block_COVID,COVID,block_cv,nor_eurnok_mom_3m,weight,2.0,norway
NOR_10Y,5,Block_COVID,COVID,block_cv,nor_eurnok_rvol_20d,weight,7.0,norway
NOR_10Y,5,Block_COVID,COVID,block_cv,nor_govt_10y,weight,4.0,norway
NOR_10Y,5,Block_COVID,COVID,block_cv,nor_govt_3y,weight,1.0,norway
NOR_10Y,5,Block_COVID,COVID,block_cv,nor_govt_5y,weight,1.0,norway
NOR_10Y,5,Block_COVID,COVID,block_cv,nor_i44_chg_1d,weight,1.0,norway
NOR_10Y,5,Block_COVID,COVID,block_cv,nor_i44_level,weight,0.0,norway
NOR_10Y,5,Block_COVID,COVID,block_cv,nor_i44_mom_1m,weight,2.0,norway
NOR_10Y,5,Block_COVID,COVID,block_cv,nor_i44_mom_3m,weight,2.0,norway
NOR_10Y,5,Block_COVID,COVID,block_cv,nor_i44_rvol_20d,weight,2.0,norway
NOR_10Y,5,Block_COVID,COVID,block_cv,nor_kpi_yoy,weight,2.0,norway
NOR_10Y,5,Block_COVID,COVID,block_cv,nor_kpijae_yoy,weight,1.0,norway
NOR_10Y,5,Block_COVID,COVID,block_cv,nor_nibor_nowa_spread,weight,1.0,norway
NOR_10Y,5,Block_COVID,COVID,block_cv,nor_nowa_level,weight,0.0,norway
NOR_10Y,5,Block_COVID,COVID,block_cv,nor_polrate_chg_1d,weight,0.0,norway
NOR_10Y,5,Block_COVID,COVID,block_cv,nor_polrate_days_since_chg,weight,3.0,norway
NOR_10Y,5,Block_COVID,COVID,block_cv,nor_polrate_level,weight,0.0,norway
NOR_10Y,5,Block_COVID,COVID,block_cv,nor_rb_rate_chg,weight,0.0,norway
NOR_10Y,5,Block_COVID,COVID,block_cv,nor_rb_rate_level,weight,0.0,norway
NOR_10Y,5,Block_COVID,COVID,block_cv,nor_unemp,weight,0.0,norway
NOR_10Y,5,Block_COVID,COVID,block_cv,nor_usdnok_chg_1d,weight,0.0,norway
NOR_10Y,5,Block_COVID,COVID,block_cv,nor_usdnok_level,weight,1.0,norway
NOR_10Y,5,Block_COVID,COVID,block_cv,nor_usdnok_mom_1m,weight,1.0,norway
NOR_10Y,5,Block_COVID,COVID,block_cv,nor_usdnok_mom_3m,weight,8.0,norway
NOR_10Y,5,Block_COVID,COVID,block_cv,nor_usdnok_rvol_20d,weight,4.0,norway
NOR_10Y,5,Block_COVID,COVID,block_cv,swap_govt_spread,weight,0.0,norway
NOR_10Y,5,Block_COVID,COVID,block_cv,xmpca_01,weight,0.0,cross_market
NOR_10Y,5,Block_COVID,COVID,block_cv,xmpca_02,weight,2.0,cross_market
NOR_10Y,5,Block_COVID,COVID,block_cv,xmpca_03,weight,1.0,cross_market
NOR_10Y,5,Block_COVID,COVID,block_cv,xmpca_04,weight,0.0,cross_market
NOR_10Y,5,Block_COVID,COVID,block_cv,xmpca_05,weight,3.0,cross_market
NOR_10Y,5,Block_COVID,COVID,block_cv,xmpca_06,weight,4.0,cross_market
NOR_10Y,5,Block_COVID,COVID,block_cv,xmpca_07,weight,2.0,cross_market
NOR_10Y,5,Block_COVID,COVID,block_cv,xmpca_08,weight,3.0,cross_market
NOR_10Y,5,Block_COVID,COVID,block_cv,xmpca_09,weight,2.0,cross_market
NOR_10Y,5,Block_COVID,COVID,block_cv,xmpca_10,weight,4.0,cross_market
NOR_10Y,5,Block_COVID,COVID,block_cv,xmpca_11,weight,3.0,cross_market
NOR_10Y,5,Block_COVID,COVID,block_cv,xmpca_12,weight,3.0,cross_market
NOR_10Y,5,Block_COVID,COVID,block_cv,chg_lag1,cover,4.92307710647583,momentum
NOR_10Y,5,Block_COVID,COVID,block_cv,chg_lag2,cover,16.615385055541992,momentum
NOR_10Y,5,Block_COVID,COVID,block_cv,chg_lag3,cover,17.44444465637207,momentum
NOR_10Y,5,Block_COVID,COVID,block_cv,chg_lag4,cover,5.0,momentum
NOR_10Y,5,Block_COVID,COVID,block_cv,chg_lag5,cover,0.0,momentum
NOR_10Y,5,Block_COVID,COVID,block_cv,carry_roll,cover,606.6666870117188,carry_roll
NOR_10Y,5,Block_COVID,COVID,block_cv,mom_63d,cover,117.0,momentum
NOR_10Y,5,Block_COVID,COVID,block_cv,mom_1m,cover,1285.0,momentum
NOR_10Y,5,Block_COVID,COVID,block_cv,mom_3m,cover,977.0,momentum
NOR_10Y,5,Block_COVID,COVID,block_cv,mom_6m,cover,210.1666717529297,momentum
NOR_10Y,5,Block_COVID,COVID,block_cv,mom_12m,cover,362.6000061035156,momentum
NOR_10Y,5,Block_COVID,COVID,block_cv,dev_ma_3m,cover,63.0,curve
NOR_10Y,5,Block_COVID,COVID,block_cv,dev_ma_12m,cover,2046.5,curve
NOR_10Y,5,Block_COVID,COVID,block_cv,vol_20d,cover,345.0,vol
NOR_10Y,5,Block_COVID,COVID,block_cv,vol_regime,cover,0.0,vol
NOR_10Y,5,Block_COVID,COVID,block_cv,vol_zscore,cover,39.0,vol
NOR_10Y,5,Block_COVID,COVID,block_cv,level_zscore,cover,14.5,curve
NOR_10Y,5,Block_COVID,COVID,block_cv,slope_10_1,cover,968.3333129882812,curve
NOR_10Y,5,Block_COVID,COVID,block_cv,slope_10_5,cover,0.0,curve
NOR_10Y,5,Block_COVID,COVID,block_cv,slope_5_1,cover,1369.3333740234375,curve
NOR_10Y,5,Block_COVID,COVID,block_cv,sofr_mom_1m,cover,956.875,macro
NOR_10Y,5,Block_COVID,COVID,block_cv,ibor_level,cover,31.600000381469727,macro
NOR_10Y,5,Block_COVID,COVID,block_cv,ibor_chg_1d,cover,1576.5,macro
NOR_10Y,5,Block_COVID,COVID,block_cv,ibor_mom_1m,cover,283.0,macro
NOR_10Y,5,Block_COVID,COVID,block_cv,ibor_term_slope,cover,666.5,macro
NOR_10Y,5,Block_COVID,COVID,block_cv,swap_ibor_basis,cover,350.25,curve
NOR_10Y,5,Block_COVID,COVID,block_cv,move_level,cover,35.75,vol
NOR_10Y,5,Block_COVID,COVID,block_cv,move_zscore,cover,26.0,vol
NOR_10Y,5,Block_COVID,COVID,block_cv,vix_level,cover,0.0,vol
NOR_10Y,5,Block_COVID,COVID,block_cv,vix_zscore,cover,14.0,vol
NOR_10Y,5,Block_COVID,COVID,block_cv,v2x_level,cover,90.0,vol
NOR_10Y,5,Block_COVID,COVID,block_cv,vxn_level,cover,91.33333587646484,vol
NOR_10Y,5,Block_COVID,COVID,block_cv,ovx_level,cover,68.33333587646484,vol
NOR_10Y,5,Block_COVID,COVID,block_cv,gvz_level,cover,82.0,vol
NOR_10Y,5,Block_COVID,COVID,block_cv,spx_mom_1m,cover,109.33333587646484,macro
NOR_10Y,5,Block_COVID,COVID,block_cv,spx_mom_3m,cover,0.0,macro
NOR_10Y,5,Block_COVID,COVID,block_cv,sx5e_mom_1m,cover,468.25,macro
NOR_10Y,5,Block_COVID,COVID,block_cv,sx5e_mom_3m,cover,116.0,macro
NOR_10Y,5,Block_COVID,COVID,block_cv,mxwo_mom_1m,cover,72.33333587646484,macro
NOR_10Y,5,Block_COVID,COVID,block_cv,ndx_mom_1m,cover,0.0,macro
NOR_10Y,5,Block_COVID,COVID,block_cv,oil_mom_1m,cover,713.0,macro
NOR_10Y,5,Block_COVID,COVID,block_cv,oil_mom_3m,cover,858.5,macro
NOR_10Y,5,Block_COVID,COVID,block_cv,copper_mom_1m,cover,238.39999389648438,macro
NOR_10Y,5,Block_COVID,COVID,block_cv,opec_prod,cover,471.0,macro
NOR_10Y,5,Block_COVID,COVID,block_cv,natgas_mom_1m,cover,483.6000061035156,macro
NOR_10Y,5,Block_COVID,COVID,block_cv,be5y_level,cover,346.5,macro
NOR_10Y,5,Block_COVID,COVID,block_cv,be10y_level,cover,0.0,macro
NOR_10Y,5,Block_COVID,COVID,block_cv,be_slope,cover,0.0,macro
NOR_10Y,5,Block_COVID,COVID,block_cv,be5y_chg_1m,cover,0.0,macro
NOR_10Y,5,Block_COVID,COVID,block_cv,ig_spread,cover,0.0,credit
NOR_10Y,5,Block_COVID,COVID,block_cv,hy_spread,cover,0.0,credit
NOR_10Y,5,Block_COVID,COVID,block_cv,ig_chg_1m,cover,0.0,credit
NOR_10Y,5,Block_COVID,COVID,block_cv,hy_chg_1m,cover,0.0,credit
NOR_10Y,5,Block_COVID,COVID,block_cv,cpi_yoy,cover,0.0,macro
NOR_10Y,5,Block_COVID,COVID,block_cv,pce_core_chg,cover,2145.0,macro
NOR_10Y,5,Block_COVID,COVID,block_cv,nfp_change,cover,1953.22216796875,macro
NOR_10Y,5,Block_COVID,COVID,block_cv,pmi_us,cover,787.3333129882812,macro
NOR_10Y,5,Block_COVID,COVID,block_cv,pmi_eur,cover,2035.0,macro
NOR_10Y,5,Block_COVID,COVID,block_cv,unemp_eur,cover,0.0,macro
NOR_10Y,5,Block_COVID,COVID,block_cv,cpi_nsa_level,cover,0.0,macro
NOR_10Y,5,Block_COVID,COVID,block_cv,pce_core_level,cover,0.0,macro
NOR_10Y,5,Block_COVID,COVID,block_cv,eur_3m,cover,43.0,macro
NOR_10Y,5,Block_COVID,COVID,block_cv,eur_1w,cover,1007.0,macro
NOR_10Y,5,Block_COVID,COVID,block_cv,nor_ibor_1m,cover,0.0,norway
NOR_10Y,5,Block_COVID,COVID,block_cv,nor_ibor_6m,cover,200.0,norway
NOR_10Y,5,Block_COVID,COVID,block_cv,nor_ecb_dfr_chg,cover,0.0,norway
NOR_10Y,5,Block_COVID,COVID,block_cv,nor_ecb_dfr_level,cover,0.0,norway
NOR_10Y,5,Block_COVID,COVID,block_cv,nor_eurnok_chg_1d,cover,40.0,norway
NOR_10Y,5,Block_COVID,COVID,block_cv,nor_eurnok_level,cover,929.0,norway
NOR_10Y,5,Block_COVID,COVID,block_cv,nor_eurnok_mom_1m,cover,45.400001525878906,norway
NOR_10Y,5,Block_COVID,COVID,block_cv,nor_eurnok_mom_3m,cover,19.0,norway
NOR_10Y,5,Block_COVID,COVID,block_cv,nor_eurnok_rvol_20d,cover,55.28571319580078,norway
NOR_10Y,5,Block_COVID,COVID,block_cv,nor_govt_10y,cover,43.75,norway
NOR_10Y,5,Block_COVID,COVID,block_cv,nor_govt_3y,cover,2171.0,norway
NOR_10Y,5,Block_COVID,COVID,block_cv,nor_govt_5y,cover,286.0,norway
NOR_10Y,5,Block_COVID,COVID,block_cv,nor_i44_chg_1d,cover,118.0,norway
NOR_10Y,5,Block_COVID,COVID,block_cv,nor_i44_level,cover,0.0,norway
NOR_10Y,5,Block_COVID,COVID,block_cv,nor_i44_mom_1m,cover,28.5,norway
NOR_10Y,5,Block_COVID,COVID,block_cv,nor_i44_mom_3m,cover,957.0,norway
NOR_10Y,5,Block_COVID,COVID,block_cv,nor_i44_rvol_20d,cover,56.5,norway
NOR_10Y,5,Block_COVID,COVID,block_cv,nor_kpi_yoy,cover,2137.5,norway
NOR_10Y,5,Block_COVID,COVID,block_cv,nor_kpijae_yoy,cover,7.0,norway
NOR_10Y,5,Block_COVID,COVID,block_cv,nor_nibor_nowa_spread,cover,34.0,norway
NOR_10Y,5,Block_COVID,COVID,block_cv,nor_nowa_level,cover,0.0,norway
NOR_10Y,5,Block_COVID,COVID,block_cv,nor_polrate_chg_1d,cover,0.0,norway
NOR_10Y,5,Block_COVID,COVID,block_cv,nor_polrate_days_since_chg,cover,119.66666412353516,norway
NOR_10Y,5,Block_COVID,COVID,block_cv,nor_polrate_level,cover,0.0,norway
NOR_10Y,5,Block_COVID,COVID,block_cv,nor_rb_rate_chg,cover,0.0,norway
NOR_10Y,5,Block_COVID,COVID,block_cv,nor_rb_rate_level,cover,0.0,norway
NOR_10Y,5,Block_COVID,COVID,block_cv,nor_unemp,cover,0.0,norway
NOR_10Y,5,Block_COVID,COVID,block_cv,nor_usdnok_chg_1d,cover,0.0,norway
NOR_10Y,5,Block_COVID,COVID,block_cv,nor_usdnok_level,cover,1623.0,norway
NOR_10Y,5,Block_COVID,COVID,block_cv,nor_usdnok_mom_1m,cover,153.0,norway
NOR_10Y,5,Block_COVID,COVID,block_cv,nor_usdnok_mom_3m,cover,1331.125,norway
NOR_10Y,5,Block_COVID,COVID,block_cv,nor_usdnok_rvol_20d,cover,90.75,norway
NOR_10Y,5,Block_COVID,COVID,block_cv,swap_govt_spread,cover,0.0,norway
NOR_10Y,5,Block_COVID,COVID,block_cv,xmpca_01,cover,0.0,cross_market
NOR_10Y,5,Block_COVID,COVID,block_cv,xmpca_02,cover,1087.0,cross_market
NOR_10Y,5,Block_COVID,COVID,block_cv,xmpca_03,cover,317.0,cross_market
NOR_10Y,5,Block_COVID,COVID,block_cv,xmpca_04,cover,0.0,cross_market
NOR_10Y,5,Block_COVID,COVID,block_cv,xmpca_05,cover,751.3333129882812,cross_market
NOR_10Y,5,Block_COVID,COVID,block_cv,xmpca_06,cover,16.75,cross_market
NOR_10Y,5,Block_COVID,COVID,block_cv,xmpca_07,cover,14.0,cross_market
NOR_10Y,5,Block_COVID,COVID,block_cv,xmpca_08,cover,41.33333206176758,cross_market
NOR_10Y,5,Block_COVID,COVID,block_cv,xmpca_09,cover,107.5,cross_market
NOR_10Y,5,Block_COVID,COVID,block_cv,xmpca_10,cover,35.5,cross_market
NOR_10Y,5,Block_COVID,COVID,block_cv,xmpca_11,cover,31.0,cross_market
NOR_10Y,5,Block_COVID,COVID,block_cv,xmpca_12,cover,31.0,cross_market
NOR_10Y,5,Block_COVID,COVID,block_cv,chg_lag1,total_gain,0.01440471038222313,momentum
NOR_10Y,5,Block_COVID,COVID,block_cv,chg_lag2,total_gain,0.11857426166534424,momentum
NOR_10Y,5,Block_COVID,COVID,block_cv,chg_lag3,total_gain,0.1248900443315506,momentum
NOR_10Y,5,Block_COVID,COVID,block_cv,chg_lag4,total_gain,0.0003216420882381499,momentum
NOR_10Y,5,Block_COVID,COVID,block_cv,chg_lag5,total_gain,0.0,momentum
NOR_10Y,5,Block_COVID,COVID,block_cv,carry_roll,total_gain,0.12413017451763153,carry_roll
NOR_10Y,5,Block_COVID,COVID,block_cv,mom_63d,total_gain,0.09980951249599457,momentum
NOR_10Y,5,Block_COVID,COVID,block_cv,mom_1m,total_gain,0.37981200218200684,momentum
NOR_10Y,5,Block_COVID,COVID,block_cv,mom_3m,total_gain,0.46495041251182556,momentum
NOR_10Y,5,Block_COVID,COVID,block_cv,mom_6m,total_gain,0.30697548389434814,momentum
NOR_10Y,5,Block_COVID,COVID,block_cv,mom_12m,total_gain,0.27337050437927246,momentum
NOR_10Y,5,Block_COVID,COVID,block_cv,dev_ma_3m,total_gain,0.22715280950069427,curve
NOR_10Y,5,Block_COVID,COVID,block_cv,dev_ma_12m,total_gain,0.17301613092422485,curve
NOR_10Y,5,Block_COVID,COVID,block_cv,vol_20d,total_gain,0.08261317014694214,vol
NOR_10Y,5,Block_COVID,COVID,block_cv,vol_regime,total_gain,0.0,vol
NOR_10Y,5,Block_COVID,COVID,block_cv,vol_zscore,total_gain,0.052805542945861816,vol
NOR_10Y,5,Block_COVID,COVID,block_cv,level_zscore,total_gain,0.02803170494735241,curve
NOR_10Y,5,Block_COVID,COVID,block_cv,slope_10_1,total_gain,0.21354417502880096,curve
NOR_10Y,5,Block_COVID,COVID,block_cv,slope_10_5,total_gain,0.0,curve
NOR_10Y,5,Block_COVID,COVID,block_cv,slope_5_1,total_gain,0.2549813389778137,curve
NOR_10Y,5,Block_COVID,COVID,block_cv,sofr_mom_1m,total_gain,0.34103333950042725,macro
NOR_10Y,5,Block_COVID,COVID,block_cv,ibor_level,total_gain,0.08912498503923416,macro
NOR_10Y,5,Block_COVID,COVID,block_cv,ibor_chg_1d,total_gain,0.35125792026519775,macro
NOR_10Y,5,Block_COVID,COVID,block_cv,ibor_mom_1m,total_gain,0.2822621166706085,macro
NOR_10Y,5,Block_COVID,COVID,block_cv,ibor_term_slope,total_gain,0.15955820679664612,macro
NOR_10Y,5,Block_COVID,COVID,block_cv,swap_ibor_basis,total_gain,0.25970354676246643,curve
NOR_10Y,5,Block_COVID,COVID,block_cv,move_level,total_gain,0.10545884817838669,vol
NOR_10Y,5,Block_COVID,COVID,block_cv,move_zscore,total_gain,0.018998779356479645,vol
NOR_10Y,5,Block_COVID,COVID,block_cv,vix_level,total_gain,0.0,vol
NOR_10Y,5,Block_COVID,COVID,block_cv,vix_zscore,total_gain,0.002391209825873375,vol
NOR_10Y,5,Block_COVID,COVID,block_cv,v2x_level,total_gain,0.06222236901521683,vol
NOR_10Y,5,Block_COVID,COVID,block_cv,vxn_level,total_gain,0.10730740427970886,vol
NOR_10Y,5,Block_COVID,COVID,block_cv,ovx_level,total_gain,0.08585193753242493,vol
NOR_10Y,5,Block_COVID,COVID,block_cv,gvz_level,total_gain,0.021365957334637642,vol
NOR_10Y,5,Block_COVID,COVID,block_cv,spx_mom_1m,total_gain,0.19977347552776337,macro
NOR_10Y,5,Block_COVID,COVID,block_cv,spx_mom_3m,total_gain,0.0,macro
NOR_10Y,5,Block_COVID,COVID,block_cv,sx5e_mom_1m,total_gain,0.1089087501168251,macro
NOR_10Y,5,Block_COVID,COVID,block_cv,sx5e_mom_3m,total_gain,0.04530970752239227,macro
NOR_10Y,5,Block_COVID,COVID,block_cv,mxwo_mom_1m,total_gain,0.10669861733913422,macro
NOR_10Y,5,Block_COVID,COVID,block_cv,ndx_mom_1m,total_gain,0.0,macro
NOR_10Y,5,Block_COVID,COVID,block_cv,oil_mom_1m,total_gain,0.14019474387168884,macro
NOR_10Y,5,Block_COVID,COVID,block_cv,oil_mom_3m,total_gain,0.09080575406551361,macro
NOR_10Y,5,Block_COVID,COVID,block_cv,copper_mom_1m,total_gain,0.42162495851516724,macro
NOR_10Y,5,Block_COVID,COVID,block_cv,opec_prod,total_gain,0.2572430372238159,macro
NOR_10Y,5,Block_COVID,COVID,block_cv,natgas_mom_1m,total_gain,0.3320477604866028,macro
NOR_10Y,5,Block_COVID,COVID,block_cv,be5y_level,total_gain,0.08522909879684448,macro
NOR_10Y,5,Block_COVID,COVID,block_cv,be10y_level,total_gain,0.0,macro
NOR_10Y,5,Block_COVID,COVID,block_cv,be_slope,total_gain,0.0,macro
NOR_10Y,5,Block_COVID,COVID,block_cv,be5y_chg_1m,total_gain,0.0,macro
NOR_10Y,5,Block_COVID,COVID,block_cv,ig_spread,total_gain,0.0,credit
NOR_10Y,5,Block_COVID,COVID,block_cv,hy_spread,total_gain,0.0,credit
NOR_10Y,5,Block_COVID,COVID,block_cv,ig_chg_1m,total_gain,0.0,credit
NOR_10Y,5,Block_COVID,COVID,block_cv,hy_chg_1m,total_gain,0.0,credit
NOR_10Y,5,Block_COVID,COVID,block_cv,cpi_yoy,total_gain,0.0,macro
NOR_10Y,5,Block_COVID,COVID,block_cv,pce_core_chg,total_gain,0.0755983367562294,macro
NOR_10Y,5,Block_COVID,COVID,block_cv,nfp_change,total_gain,1.1494239568710327,macro
NOR_10Y,5,Block_COVID,COVID,block_cv,pmi_us,total_gain,0.21475626528263092,macro
NOR_10Y,5,Block_COVID,COVID,block_cv,pmi_eur,total_gain,0.2915198504924774,macro
NOR_10Y,5,Block_COVID,COVID,block_cv,unemp_eur,total_gain,0.0,macro
NOR_10Y,5,Block_COVID,COVID,block_cv,cpi_nsa_level,total_gain,0.0,macro
NOR_10Y,5,Block_COVID,COVID,block_cv,pce_core_level,total_gain,0.0,macro
NOR_10Y,5,Block_COVID,COVID,block_cv,eur_3m,total_gain,0.03979206085205078,macro
NOR_10Y,5,Block_COVID,COVID,block_cv,eur_1w,total_gain,0.0808858871459961,macro
NOR_10Y,5,Block_COVID,COVID,block_cv,nor_ibor_1m,total_gain,0.0,norway
NOR_10Y,5,Block_COVID,COVID,block_cv,nor_ibor_6m,total_gain,0.19172894954681396,norway
NOR_10Y,5,Block_COVID,COVID,block_cv,nor_ecb_dfr_chg,total_gain,0.0,norway
NOR_10Y,5,Block_COVID,COVID,block_cv,nor_ecb_dfr_level,total_gain,0.0,norway
NOR_10Y,5,Block_COVID,COVID,block_cv,nor_eurnok_chg_1d,total_gain,0.027233488857746124,norway
NOR_10Y,5,Block_COVID,COVID,block_cv,nor_eurnok_level,total_gain,0.07205028086900711,norway
NOR_10Y,5,Block_COVID,COVID,block_cv,nor_eurnok_mom_1m,total_gain,0.21462532877922058,norway
NOR_10Y,5,Block_COVID,COVID,block_cv,nor_eurnok_mom_3m,total_gain,0.02127164602279663,norway
NOR_10Y,5,Block_COVID,COVID,block_cv,nor_eurnok_rvol_20d,total_gain,0.2804536819458008,norway
NOR_10Y,5,Block_COVID,COVID,block_cv,nor_govt_10y,total_gain,0.13846468925476074,norway
NOR_10Y,5,Block_COVID,COVID,block_cv,nor_govt_3y,total_gain,0.07199203222990036,norway
NOR_10Y,5,Block_COVID,COVID,block_cv,nor_govt_5y,total_gain,0.23981447517871857,norway
NOR_10Y,5,Block_COVID,COVID,block_cv,nor_i44_chg_1d,total_gain,0.10148864984512329,norway
NOR_10Y,5,Block_COVID,COVID,block_cv,nor_i44_level,total_gain,0.0,norway
NOR_10Y,5,Block_COVID,COVID,block_cv,nor_i44_mom_1m,total_gain,0.016085974872112274,norway
NOR_10Y,5,Block_COVID,COVID,block_cv,nor_i44_mom_3m,total_gain,0.09225161373615265,norway
NOR_10Y,5,Block_COVID,COVID,block_cv,nor_i44_rvol_20d,total_gain,0.09846942871809006,norway
NOR_10Y,5,Block_COVID,COVID,block_cv,nor_kpi_yoy,total_gain,0.1906028389930725,norway
NOR_10Y,5,Block_COVID,COVID,block_cv,nor_kpijae_yoy,total_gain,0.004510138649493456,norway
NOR_10Y,5,Block_COVID,COVID,block_cv,nor_nibor_nowa_spread,total_gain,0.04330641031265259,norway
NOR_10Y,5,Block_COVID,COVID,block_cv,nor_nowa_level,total_gain,0.0,norway
NOR_10Y,5,Block_COVID,COVID,block_cv,nor_polrate_chg_1d,total_gain,0.0,norway
NOR_10Y,5,Block_COVID,COVID,block_cv,nor_polrate_days_since_chg,total_gain,0.37773165106773376,norway
NOR_10Y,5,Block_COVID,COVID,block_cv,nor_polrate_level,total_gain,0.0,norway
NOR_10Y,5,Block_COVID,COVID,block_cv,nor_rb_rate_chg,total_gain,0.0,norway
NOR_10Y,5,Block_COVID,COVID,block_cv,nor_rb_rate_level,total_gain,0.0,norway
NOR_10Y,5,Block_COVID,COVID,block_cv,nor_unemp,total_gain,0.0,norway
NOR_10Y,5,Block_COVID,COVID,block_cv,nor_usdnok_chg_1d,total_gain,0.0,norway
NOR_10Y,5,Block_COVID,COVID,block_cv,nor_usdnok_level,total_gain,0.08541330695152283,norway
NOR_10Y,5,Block_COVID,COVID,block_cv,nor_usdnok_mom_1m,total_gain,0.024788253009319305,norway
NOR_10Y,5,Block_COVID,COVID,block_cv,nor_usdnok_mom_3m,total_gain,0.6122838258743286,norway
NOR_10Y,5,Block_COVID,COVID,block_cv,nor_usdnok_rvol_20d,total_gain,0.17096509039402008,norway
NOR_10Y,5,Block_COVID,COVID,block_cv,swap_govt_spread,total_gain,0.0,norway
NOR_10Y,5,Block_COVID,COVID,block_cv,xmpca_01,total_gain,0.0,cross_market
NOR_10Y,5,Block_COVID,COVID,block_cv,xmpca_02,total_gain,0.08830182254314423,cross_market
NOR_10Y,5,Block_COVID,COVID,block_cv,xmpca_03,total_gain,0.060787133872509,cross_market
NOR_10Y,5,Block_COVID,COVID,block_cv,xmpca_04,total_gain,0.0,cross_market
NOR_10Y,5,Block_COVID,COVID,block_cv,xmpca_05,total_gain,0.10115132480859756,cross_market
NOR_10Y,5,Block_COVID,COVID,block_cv,xmpca_06,total_gain,0.03232947736978531,cross_market
NOR_10Y,5,Block_COVID,COVID,block_cv,xmpca_07,total_gain,0.014706768095493317,cross_market
NOR_10Y,5,Block_COVID,COVID,block_cv,xmpca_08,total_gain,0.07092025130987167,cross_market
NOR_10Y,5,Block_COVID,COVID,block_cv,xmpca_09,total_gain,0.06315630674362183,cross_market
NOR_10Y,5,Block_COVID,COVID,block_cv,xmpca_10,total_gain,0.06772927939891815,cross_market
NOR_10Y,5,Block_COVID,COVID,block_cv,xmpca_11,total_gain,0.08789414167404175,cross_market
NOR_10Y,5,Block_COVID,COVID,block_cv,xmpca_12,total_gain,0.045720476657152176,cross_market
NOR_10Y,5,Block_COVID,COVID,block_cv,chg_lag1,total_cover,64.0,momentum
NOR_10Y,5,Block_COVID,COVID,block_cv,chg_lag2,total_cover,216.0,momentum
NOR_10Y,5,Block_COVID,COVID,block_cv,chg_lag3,total_cover,157.0,momentum
NOR_10Y,5,Block_COVID,COVID,block_cv,chg_lag4,total_cover,10.0,momentum
NOR_10Y,5,Block_COVID,COVID,block_cv,chg_lag5,total_cover,0.0,momentum
NOR_10Y,5,Block_COVID,COVID,block_cv,carry_roll,total_cover,1820.0,carry_roll
NOR_10Y,5,Block_COVID,COVID,block_cv,mom_63d,total_cover,234.0,momentum
NOR_10Y,5,Block_COVID,COVID,block_cv,mom_1m,total_cover,6425.0,momentum
NOR_10Y,5,Block_COVID,COVID,block_cv,mom_3m,total_cover,5862.0,momentum
NOR_10Y,5,Block_COVID,COVID,block_cv,mom_6m,total_cover,1261.0,momentum
NOR_10Y,5,Block_COVID,COVID,block_cv,mom_12m,total_cover,1813.0,momentum
NOR_10Y,5,Block_COVID,COVID,block_cv,dev_ma_3m,total_cover,252.0,curve
NOR_10Y,5,Block_COVID,COVID,block_cv,dev_ma_12m,total_cover,4093.0,curve
NOR_10Y,5,Block_COVID,COVID,block_cv,vol_20d,total_cover,345.0,vol
NOR_10Y,5,Block_COVID,COVID,block_cv,vol_regime,total_cover,0.0,vol
NOR_10Y,5,Block_COVID,COVID,block_cv,vol_zscore,total_cover,39.0,vol
NOR_10Y,5,Block_COVID,COVID,block_cv,level_zscore,total_cover,29.0,curve
NOR_10Y,5,Block_COVID,COVID,block_cv,slope_10_1,total_cover,2905.0,curve
NOR_10Y,5,Block_COVID,COVID,block_cv,slope_10_5,total_cover,0.0,curve
NOR_10Y,5,Block_COVID,COVID,block_cv,slope_5_1,total_cover,4108.0,curve
NOR_10Y,5,Block_COVID,COVID,block_cv,sofr_mom_1m,total_cover,7655.0,macro
NOR_10Y,5,Block_COVID,COVID,block_cv,ibor_level,total_cover,158.0,macro
NOR_10Y,5,Block_COVID,COVID,block_cv,ibor_chg_1d,total_cover,6306.0,macro
NOR_10Y,5,Block_COVID,COVID,block_cv,ibor_mom_1m,total_cover,2264.0,macro
NOR_10Y,5,Block_COVID,COVID,block_cv,ibor_term_slope,total_cover,1333.0,macro
NOR_10Y,5,Block_COVID,COVID,block_cv,swap_ibor_basis,total_cover,1401.0,curve
NOR_10Y,5,Block_COVID,COVID,block_cv,move_level,total_cover,143.0,vol
NOR_10Y,5,Block_COVID,COVID,block_cv,move_zscore,total_cover,26.0,vol
NOR_10Y,5,Block_COVID,COVID,block_cv,vix_level,total_cover,0.0,vol
NOR_10Y,5,Block_COVID,COVID,block_cv,vix_zscore,total_cover,14.0,vol
NOR_10Y,5,Block_COVID,COVID,block_cv,v2x_level,total_cover,180.0,vol
NOR_10Y,5,Block_COVID,COVID,block_cv,vxn_level,total_cover,274.0,vol
NOR_10Y,5,Block_COVID,COVID,block_cv,ovx_level,total_cover,205.0,vol
NOR_10Y,5,Block_COVID,COVID,block_cv,gvz_level,total_cover,82.0,vol
NOR_10Y,5,Block_COVID,COVID,block_cv,spx_mom_1m,total_cover,328.0,macro
NOR_10Y,5,Block_COVID,COVID,block_cv,spx_mom_3m,total_cover,0.0,macro
NOR_10Y,5,Block_COVID,COVID,block_cv,sx5e_mom_1m,total_cover,1873.0,macro
NOR_10Y,5,Block_COVID,COVID,block_cv,sx5e_mom_3m,total_cover,116.0,macro
NOR_10Y,5,Block_COVID,COVID,block_cv,mxwo_mom_1m,total_cover,217.0,macro
NOR_10Y,5,Block_COVID,COVID,block_cv,ndx_mom_1m,total_cover,0.0,macro
NOR_10Y,5,Block_COVID,COVID,block_cv,oil_mom_1m,total_cover,2139.0,macro
NOR_10Y,5,Block_COVID,COVID,block_cv,oil_mom_3m,total_cover,1717.0,macro
NOR_10Y,5,Block_COVID,COVID,block_cv,copper_mom_1m,total_cover,1192.0,macro
NOR_10Y,5,Block_COVID,COVID,block_cv,opec_prod,total_cover,2355.0,macro
NOR_10Y,5,Block_COVID,COVID,block_cv,natgas_mom_1m,total_cover,2418.0,macro
NOR_10Y,5,Block_COVID,COVID,block_cv,be5y_level,total_cover,693.0,macro
NOR_10Y,5,Block_COVID,COVID,block_cv,be10y_level,total_cover,0.0,macro
NOR_10Y,5,Block_COVID,COVID,block_cv,be_slope,total_cover,0.0,macro
NOR_10Y,5,Block_COVID,COVID,block_cv,be5y_chg_1m,total_cover,0.0,macro
NOR_10Y,5,Block_COVID,COVID,block_cv,ig_spread,total_cover,0.0,credit
NOR_10Y,5,Block_COVID,COVID,block_cv,hy_spread,total_cover,0.0,credit
NOR_10Y,5,Block_COVID,COVID,block_cv,ig_chg_1m,total_cover,0.0,credit
NOR_10Y,5,Block_COVID,COVID,block_cv,hy_chg_1m,total_cover,0.0,credit
NOR_10Y,5,Block_COVID,COVID,block_cv,cpi_yoy,total_cover,0.0,macro
NOR_10Y,5,Block_COVID,COVID,block_cv,pce_core_chg,total_cover,2145.0,macro
NOR_10Y,5,Block_COVID,COVID,block_cv,nfp_change,total_cover,17579.0,macro
NOR_10Y,5,Block_COVID,COVID,block_cv,pmi_us,total_cover,2362.0,macro
NOR_10Y,5,Block_COVID,COVID,block_cv,pmi_eur,total_cover,4070.0,macro
NOR_10Y,5,Block_COVID,COVID,block_cv,unemp_eur,total_cover,0.0,macro
NOR_10Y,5,Block_COVID,COVID,block_cv,cpi_nsa_level,total_cover,0.0,macro
NOR_10Y,5,Block_COVID,COVID,block_cv,pce_core_level,total_cover,0.0,macro
NOR_10Y,5,Block_COVID,COVID,block_cv,eur_3m,total_cover,43.0,macro
NOR_10Y,5,Block_COVID,COVID,block_cv,eur_1w,total_cover,1007.0,macro
NOR_10Y,5,Block_COVID,COVID,block_cv,nor_ibor_1m,total_cover,0.0,norway
NOR_10Y,5,Block_COVID,COVID,block_cv,nor_ibor_6m,total_cover,600.0,norway
NOR_10Y,5,Block_COVID,COVID,block_cv,nor_ecb_dfr_chg,total_cover,0.0,norway
NOR_10Y,5,Block_COVID,COVID,block_cv,nor_ecb_dfr_level,total_cover,0.0,norway
NOR_10Y,5,Block_COVID,COVID,block_cv,nor_eurnok_chg_1d,total_cover,40.0,norway
NOR_10Y,5,Block_COVID,COVID,block_cv,nor_eurnok_level,total_cover,929.0,norway
NOR_10Y,5,Block_COVID,COVID,block_cv,nor_eurnok_mom_1m,total_cover,227.0,norway
NOR_10Y,5,Block_COVID,COVID,block_cv,nor_eurnok_mom_3m,total_cover,38.0,norway
NOR_10Y,5,Block_COVID,COVID,block_cv,nor_eurnok_rvol_20d,total_cover,387.0,norway
NOR_10Y,5,Block_COVID,COVID,block_cv,nor_govt_10y,total_cover,175.0,norway
NOR_10Y,5,Block_COVID,COVID,block_cv,nor_govt_3y,total_cover,2171.0,norway
NOR_10Y,5,Block_COVID,COVID,block_cv,nor_govt_5y,total_cover,286.0,norway
NOR_10Y,5,Block_COVID,COVID,block_cv,nor_i44_chg_1d,total_cover,118.0,norway
NOR_10Y,5,Block_COVID,COVID,block_cv,nor_i44_level,total_cover,0.0,norway
NOR_10Y,5,Block_COVID,COVID,block_cv,nor_i44_mom_1m,total_cover,57.0,norway
NOR_10Y,5,Block_COVID,COVID,block_cv,nor_i44_mom_3m,total_cover,1914.0,norway
NOR_10Y,5,Block_COVID,COVID,block_cv,nor_i44_rvol_20d,total_cover,113.0,norway
NOR_10Y,5,Block_COVID,COVID,block_cv,nor_kpi_yoy,total_cover,4275.0,norway
NOR_10Y,5,Block_COVID,COVID,block_cv,nor_kpijae_yoy,total_cover,7.0,norway
NOR_10Y,5,Block_COVID,COVID,block_cv,nor_nibor_nowa_spread,total_cover,34.0,norway
NOR_10Y,5,Block_COVID,COVID,block_cv,nor_nowa_level,total_cover,0.0,norway
NOR_10Y,5,Block_COVID,COVID,block_cv,nor_polrate_chg_1d,total_cover,0.0,norway
NOR_10Y,5,Block_COVID,COVID,block_cv,nor_polrate_days_since_chg,total_cover,359.0,norway
NOR_10Y,5,Block_COVID,COVID,block_cv,nor_polrate_level,total_cover,0.0,norway
NOR_10Y,5,Block_COVID,COVID,block_cv,nor_rb_rate_chg,total_cover,0.0,norway
NOR_10Y,5,Block_COVID,COVID,block_cv,nor_rb_rate_level,total_cover,0.0,norway
NOR_10Y,5,Block_COVID,COVID,block_cv,nor_unemp,total_cover,0.0,norway
NOR_10Y,5,Block_COVID,COVID,block_cv,nor_usdnok_chg_1d,total_cover,0.0,norway
NOR_10Y,5,Block_COVID,COVID,block_cv,nor_usdnok_level,total_cover,1623.0,norway
NOR_10Y,5,Block_COVID,COVID,block_cv,nor_usdnok_mom_1m,total_cover,153.0,norway
NOR_10Y,5,Block_COVID,COVID,block_cv,nor_usdnok_mom_3m,total_cover,10649.0,norway
NOR_10Y,5,Block_COVID,COVID,block_cv,nor_usdnok_rvol_20d,total_cover,363.0,norway
NOR_10Y,5,Block_COVID,COVID,block_cv,swap_govt_spread,total_cover,0.0,norway
NOR_10Y,5,Block_COVID,COVID,block_cv,xmpca_01,total_cover,0.0,cross_market
NOR_10Y,5,Block_COVID,COVID,block_cv,xmpca_02,total_cover,2174.0,cross_market
NOR_10Y,5,Block_COVID,COVID,block_cv,xmpca_03,total_cover,317.0,cross_market
NOR_10Y,5,Block_COVID,COVID,block_cv,xmpca_04,total_cover,0.0,cross_market
NOR_10Y,5,Block_COVID,COVID,block_cv,xmpca_05,total_cover,2254.0,cross_market
NOR_10Y,5,Block_COVID,COVID,block_cv,xmpca_06,total_cover,67.0,cross_market
NOR_10Y,5,Block_COVID,COVID,block_cv,xmpca_07,total_cover,28.0,cross_market
NOR_10Y,5,Block_COVID,COVID,block_cv,xmpca_08,total_cover,124.0,cross_market
NOR_10Y,5,Block_COVID,COVID,block_cv,xmpca_09,total_cover,215.0,cross_market
NOR_10Y,5,Block_COVID,COVID,block_cv,xmpca_10,total_cover,142.0,cross_market
NOR_10Y,5,Block_COVID,COVID,block_cv,xmpca_11,total_cover,93.0,cross_market
NOR_10Y,5,Block_COVID,COVID,block_cv,xmpca_12,total_cover,93.0,cross_market
NOR_10Y,5,Block_COVID,COVID,block_cv,chg_lag1,shap_mean_abs,9.749847959028557e-05,momentum
NOR_10Y,5,Block_COVID,COVID,block_cv,chg_lag2,shap_mean_abs,0.00020689309167210013,momentum
NOR_10Y,5,Block_COVID,COVID,block_cv,chg_lag3,shap_mean_abs,9.472734382143244e-05,momentum
NOR_10Y,5,Block_COVID,COVID,block_cv,chg_lag4,shap_mean_abs,1.0027050848293584e-05,momentum
NOR_10Y,5,Block_COVID,COVID,block_cv,chg_lag5,shap_mean_abs,0.0,momentum
NOR_10Y,5,Block_COVID,COVID,block_cv,carry_roll,shap_mean_abs,0.0001412654237356037,carry_roll
NOR_10Y,5,Block_COVID,COVID,block_cv,mom_63d,shap_mean_abs,0.00012955092824995518,momentum
NOR_10Y,5,Block_COVID,COVID,block_cv,mom_1m,shap_mean_abs,0.0005214412813074887,momentum
NOR_10Y,5,Block_COVID,COVID,block_cv,mom_3m,shap_mean_abs,0.0008767001563683152,momentum
NOR_10Y,5,Block_COVID,COVID,block_cv,mom_6m,shap_mean_abs,0.00042959529673680663,momentum
NOR_10Y,5,Block_COVID,COVID,block_cv,mom_12m,shap_mean_abs,0.00017968985775951296,momentum
NOR_10Y,5,Block_COVID,COVID,block_cv,dev_ma_3m,shap_mean_abs,0.0002978425472974777,curve
NOR_10Y,5,Block_COVID,COVID,block_cv,dev_ma_12m,shap_mean_abs,0.000559197214897722,curve
NOR_10Y,5,Block_COVID,COVID,block_cv,vol_20d,shap_mean_abs,0.00011394116882001981,vol
NOR_10Y,5,Block_COVID,COVID,block_cv,vol_regime,shap_mean_abs,0.0,vol
NOR_10Y,5,Block_COVID,COVID,block_cv,vol_zscore,shap_mean_abs,3.538189776008949e-05,vol
NOR_10Y,5,Block_COVID,COVID,block_cv,level_zscore,shap_mean_abs,4.390890899230726e-05,curve
NOR_10Y,5,Block_COVID,COVID,block_cv,slope_10_1,shap_mean_abs,0.00043928049854002893,curve
NOR_10Y,5,Block_COVID,COVID,block_cv,slope_10_5,shap_mean_abs,0.0,curve
NOR_10Y,5,Block_COVID,COVID,block_cv,slope_5_1,shap_mean_abs,0.0003446876653470099,curve
NOR_10Y,5,Block_COVID,COVID,block_cv,sofr_mom_1m,shap_mean_abs,0.0013616919750347733,macro
NOR_10Y,5,Block_COVID,COVID,block_cv,ibor_level,shap_mean_abs,0.0041588786989450455,macro
NOR_10Y,5,Block_COVID,COVID,block_cv,ibor_chg_1d,shap_mean_abs,0.00012284473632462323,macro
NOR_10Y,5,Block_COVID,COVID,block_cv,ibor_mom_1m,shap_mean_abs,0.00039899226976558566,macro
NOR_10Y,5,Block_COVID,COVID,block_cv,ibor_term_slope,shap_mean_abs,0.0002485366421751678,macro
NOR_10Y,5,Block_COVID,COVID,block_cv,swap_ibor_basis,shap_mean_abs,0.0004684272571466863,curve
NOR_10Y,5,Block_COVID,COVID,block_cv,move_level,shap_mean_abs,0.00021268159616738558,vol
NOR_10Y,5,Block_COVID,COVID,block_cv,move_zscore,shap_mean_abs,2.2450363758252934e-05,vol
NOR_10Y,5,Block_COVID,COVID,block_cv,vix_level,shap_mean_abs,0.0,vol
NOR_10Y,5,Block_COVID,COVID,block_cv,vix_zscore,shap_mean_abs,5.754972153226845e-05,vol
NOR_10Y,5,Block_COVID,COVID,block_cv,v2x_level,shap_mean_abs,0.00021709992142859846,vol
NOR_10Y,5,Block_COVID,COVID,block_cv,vxn_level,shap_mean_abs,0.00016072603466454893,vol
NOR_10Y,5,Block_COVID,COVID,block_cv,ovx_level,shap_mean_abs,0.0012201587669551373,vol
NOR_10Y,5,Block_COVID,COVID,block_cv,gvz_level,shap_mean_abs,0.00010892086720559746,vol
NOR_10Y,5,Block_COVID,COVID,block_cv,spx_mom_1m,shap_mean_abs,0.00022875290596857667,macro
NOR_10Y,5,Block_COVID,COVID,block_cv,spx_mom_3m,shap_mean_abs,0.0,macro
NOR_10Y,5,Block_COVID,COVID,block_cv,sx5e_mom_1m,shap_mean_abs,7.856081356294453e-05,macro
NOR_10Y,5,Block_COVID,COVID,block_cv,sx5e_mom_3m,shap_mean_abs,3.127038507955149e-05,macro
NOR_10Y,5,Block_COVID,COVID,block_cv,mxwo_mom_1m,shap_mean_abs,0.00016904118820093572,macro
NOR_10Y,5,Block_COVID,COVID,block_cv,ndx_mom_1m,shap_mean_abs,0.0,macro
NOR_10Y,5,Block_COVID,COVID,block_cv,oil_mom_1m,shap_mean_abs,0.0013238053070381284,macro
NOR_10Y,5,Block_COVID,COVID,block_cv,oil_mom_3m,shap_mean_abs,0.0003454698307905346,macro
NOR_10Y,5,Block_COVID,COVID,block_cv,copper_mom_1m,shap_mean_abs,0.0003931850369554013,macro
NOR_10Y,5,Block_COVID,COVID,block_cv,opec_prod,shap_mean_abs,0.000799729663413018,macro
NOR_10Y,5,Block_COVID,COVID,block_cv,natgas_mom_1m,shap_mean_abs,0.002079624915495515,macro
NOR_10Y,5,Block_COVID,COVID,block_cv,be5y_level,shap_mean_abs,0.0001677497202763334,macro
NOR_10Y,5,Block_COVID,COVID,block_cv,be10y_level,shap_mean_abs,0.0,macro
NOR_10Y,5,Block_COVID,COVID,block_cv,be_slope,shap_mean_abs,0.0,macro
NOR_10Y,5,Block_COVID,COVID,block_cv,be5y_chg_1m,shap_mean_abs,0.0,macro
NOR_10Y,5,Block_COVID,COVID,block_cv,ig_spread,shap_mean_abs,0.0,credit
NOR_10Y,5,Block_COVID,COVID,block_cv,hy_spread,shap_mean_abs,0.0,credit
NOR_10Y,5,Block_COVID,COVID,block_cv,ig_chg_1m,shap_mean_abs,0.0,credit
NOR_10Y,5,Block_COVID,COVID,block_cv,hy_chg_1m,shap_mean_abs,0.0,credit
NOR_10Y,5,Block_COVID,COVID,block_cv,cpi_yoy,shap_mean_abs,0.0,macro
NOR_10Y,5,Block_COVID,COVID,block_cv,pce_core_chg,shap_mean_abs,0.00047719269059598446,macro
NOR_10Y,5,Block_COVID,COVID,block_cv,nfp_change,shap_mean_abs,0.01617993228137493,macro
NOR_10Y,5,Block_COVID,COVID,block_cv,pmi_us,shap_mean_abs,0.00036385576822794974,macro
NOR_10Y,5,Block_COVID,COVID,block_cv,pmi_eur,shap_mean_abs,0.0006041732849553227,macro
NOR_10Y,5,Block_COVID,COVID,block_cv,unemp_eur,shap_mean_abs,0.0,macro
NOR_10Y,5,Block_COVID,COVID,block_cv,cpi_nsa_level,shap_mean_abs,0.0,macro
NOR_10Y,5,Block_COVID,COVID,block_cv,pce_core_level,shap_mean_abs,0.0,macro
NOR_10Y,5,Block_COVID,COVID,block_cv,eur_3m,shap_mean_abs,2.4027232939261012e-05,macro
NOR_10Y,5,Block_COVID,COVID,block_cv,eur_1w,shap_mean_abs,0.0001547142892377451,macro
NOR_10Y,5,Block_COVID,COVID,block_cv,nor_ibor_1m,shap_mean_abs,0.0,norway
NOR_10Y,5,Block_COVID,COVID,block_cv,nor_ibor_6m,shap_mean_abs,0.0003262605459894985,norway
NOR_10Y,5,Block_COVID,COVID,block_cv,nor_ecb_dfr_chg,shap_mean_abs,0.0,norway
NOR_10Y,5,Block_COVID,COVID,block_cv,nor_ecb_dfr_level,shap_mean_abs,0.0,norway
NOR_10Y,5,Block_COVID,COVID,block_cv,nor_eurnok_chg_1d,shap_mean_abs,1.1114635526610073e-05,norway
NOR_10Y,5,Block_COVID,COVID,block_cv,nor_eurnok_level,shap_mean_abs,2.8915557777509093e-05,norway
NOR_10Y,5,Block_COVID,COVID,block_cv,nor_eurnok_mom_1m,shap_mean_abs,0.00011631775123532861,norway
NOR_10Y,5,Block_COVID,COVID,block_cv,nor_eurnok_mom_3m,shap_mean_abs,0.000278956547845155,norway
NOR_10Y,5,Block_COVID,COVID,block_cv,nor_eurnok_rvol_20d,shap_mean_abs,0.001104104914702475,norway
NOR_10Y,5,Block_COVID,COVID,block_cv,nor_govt_10y,shap_mean_abs,0.00019630149472504854,norway
NOR_10Y,5,Block_COVID,COVID,block_cv,nor_govt_3y,shap_mean_abs,0.0009703281102702022,norway
NOR_10Y,5,Block_COVID,COVID,block_cv,nor_govt_5y,shap_mean_abs,0.0006223861710168421,norway
NOR_10Y,5,Block_COVID,COVID,block_cv,nor_i44_chg_1d,shap_mean_abs,0.0003187654074281454,norway
NOR_10Y,5,Block_COVID,COVID,block_cv,nor_i44_level,shap_mean_abs,0.0,norway
NOR_10Y,5,Block_COVID,COVID,block_cv,nor_i44_mom_1m,shap_mean_abs,0.00022704526782035828,norway
NOR_10Y,5,Block_COVID,COVID,block_cv,nor_i44_mom_3m,shap_mean_abs,0.00015372781490441412,norway
NOR_10Y,5,Block_COVID,COVID,block_cv,nor_i44_rvol_20d,shap_mean_abs,0.00028963727527298033,norway
NOR_10Y,5,Block_COVID,COVID,block_cv,nor_kpi_yoy,shap_mean_abs,7.004394865361974e-05,norway
NOR_10Y,5,Block_COVID,COVID,block_cv,nor_kpijae_yoy,shap_mean_abs,2.6430204798089107e-06,norway
NOR_10Y,5,Block_COVID,COVID,block_cv,nor_nibor_nowa_spread,shap_mean_abs,6.833424413343892e-05,norway
NOR_10Y,5,Block_COVID,COVID,block_cv,nor_nowa_level,shap_mean_abs,0.0,norway
NOR_10Y,5,Block_COVID,COVID,block_cv,nor_polrate_chg_1d,shap_mean_abs,0.0,norway
NOR_10Y,5,Block_COVID,COVID,block_cv,nor_polrate_days_since_chg,shap_mean_abs,0.00038804038194939494,norway
NOR_10Y,5,Block_COVID,COVID,block_cv,nor_polrate_level,shap_mean_abs,0.0,norway
NOR_10Y,5,Block_COVID,COVID,block_cv,nor_rb_rate_chg,shap_mean_abs,0.0,norway
NOR_10Y,5,Block_COVID,COVID,block_cv,nor_rb_rate_level,shap_mean_abs,0.0,norway
NOR_10Y,5,Block_COVID,COVID,block_cv,nor_unemp,shap_mean_abs,0.0,norway
NOR_10Y,5,Block_COVID,COVID,block_cv,nor_usdnok_chg_1d,shap_mean_abs,0.0,norway
NOR_10Y,5,Block_COVID,COVID,block_cv,nor_usdnok_level,shap_mean_abs,0.00018299739167559892,norway
NOR_10Y,5,Block_COVID,COVID,block_cv,nor_usdnok_mom_1m,shap_mean_abs,0.00014067473239265382,norway
NOR_10Y,5,Block_COVID,COVID,block_cv,nor_usdnok_mom_3m,shap_mean_abs,0.0006060684099793434,norway
NOR_10Y,5,Block_COVID,COVID,block_cv,nor_usdnok_rvol_20d,shap_mean_abs,0.00036287796683609486,norway
NOR_10Y,5,Block_COVID,COVID,block_cv,swap_govt_spread,shap_mean_abs,0.0,norway
NOR_10Y,5,Block_COVID,COVID,block_cv,xmpca_01,shap_mean_abs,0.0,cross_market
NOR_10Y,5,Block_COVID,COVID,block_cv,xmpca_02,shap_mean_abs,0.00012088482617400587,cross_market
NOR_10Y,5,Block_COVID,COVID,block_cv,xmpca_03,shap_mean_abs,0.0008648584480397403,cross_market
NOR_10Y,5,Block_COVID,COVID,block_cv,xmpca_04,shap_mean_abs,0.0,cross_market
NOR_10Y,5,Block_COVID,COVID,block_cv,xmpca_05,shap_mean_abs,9.080897143576294e-05,cross_market
NOR_10Y,5,Block_COVID,COVID,block_cv,xmpca_06,shap_mean_abs,0.0003645717806648463,cross_market
NOR_10Y,5,Block_COVID,COVID,block_cv,xmpca_07,shap_mean_abs,4.8113517550518736e-05,cross_market
NOR_10Y,5,Block_COVID,COVID,block_cv,xmpca_08,shap_mean_abs,0.0003348103491589427,cross_market
NOR_10Y,5,Block_COVID,COVID,block_cv,xmpca_09,shap_mean_abs,0.00013206010044086725,cross_market
NOR_10Y,5,Block_COVID,COVID,block_cv,xmpca_10,shap_mean_abs,0.0005456196959130466,cross_market
NOR_10Y,5,Block_COVID,COVID,block_cv,xmpca_11,shap_mean_abs,5.8337394875707105e-05,cross_market
NOR_10Y,5,Block_COVID,COVID,block_cv,xmpca_12,shap_mean_abs,3.663705865619704e-05,cross_market
NOR_10Y,5,Block_Hiking,Hiking,block_cv,chg_lag1,gain,0.042574796825647354,momentum
NOR_10Y,5,Block_Hiking,Hiking,block_cv,chg_lag2,gain,0.048089757561683655,momentum
NOR_10Y,5,Block_Hiking,Hiking,block_cv,chg_lag3,gain,0.05174196511507034,momentum
NOR_10Y,5,Block_Hiking,Hiking,block_cv,chg_lag4,gain,0.0,momentum
NOR_10Y,5,Block_Hiking,Hiking,block_cv,chg_lag5,gain,0.0,momentum
NOR_10Y,5,Block_Hiking,Hiking,block_cv,carry_roll,gain,0.0,carry_roll
NOR_10Y,5,Block_Hiking,Hiking,block_cv,mom_63d,gain,0.0,momentum
NOR_10Y,5,Block_Hiking,Hiking,block_cv,mom_1m,gain,0.0697483941912651,momentum
NOR_10Y,5,Block_Hiking,Hiking,block_cv,mom_3m,gain,0.04558563232421875,momentum
NOR_10Y,5,Block_Hiking,Hiking,block_cv,mom_6m,gain,0.04196834936738014,momentum
NOR_10Y,5,Block_Hiking,Hiking,block_cv,mom_12m,gain,0.06335336714982986,momentum
NOR_10Y,5,Block_Hiking,Hiking,block_cv,dev_ma_3m,gain,0.04165080189704895,curve
NOR_10Y,5,Block_Hiking,Hiking,block_cv,dev_ma_12m,gain,0.0710562989115715,curve
NOR_10Y,5,Block_Hiking,Hiking,block_cv,vol_20d,gain,0.053173452615737915,vol
NOR_10Y,5,Block_Hiking,Hiking,block_cv,vol_regime,gain,0.0,vol
NOR_10Y,5,Block_Hiking,Hiking,block_cv,vol_zscore,gain,0.007246775086969137,vol
NOR_10Y,5,Block_Hiking,Hiking,block_cv,level_zscore,gain,0.07006753981113434,curve
NOR_10Y,5,Block_Hiking,Hiking,block_cv,slope_10_1,gain,0.05948300287127495,curve
NOR_10Y,5,Block_Hiking,Hiking,block_cv,slope_10_5,gain,0.0,curve
NOR_10Y,5,Block_Hiking,Hiking,block_cv,slope_5_1,gain,0.06901213526725769,curve
NOR_10Y,5,Block_Hiking,Hiking,block_cv,sofr_mom_1m,gain,0.05894821882247925,macro
NOR_10Y,5,Block_Hiking,Hiking,block_cv,ibor_level,gain,0.0,macro
NOR_10Y,5,Block_Hiking,Hiking,block_cv,ibor_chg_1d,gain,0.09786469489336014,macro
NOR_10Y,5,Block_Hiking,Hiking,block_cv,ibor_mom_1m,gain,0.08981478214263916,macro
NOR_10Y,5,Block_Hiking,Hiking,block_cv,ibor_term_slope,gain,0.05793718621134758,macro
NOR_10Y,5,Block_Hiking,Hiking,block_cv,swap_ibor_basis,gain,0.03972954303026199,curve
NOR_10Y,5,Block_Hiking,Hiking,block_cv,move_level,gain,0.0,vol
NOR_10Y,5,Block_Hiking,Hiking,block_cv,move_zscore,gain,0.034576673060655594,vol
NOR_10Y,5,Block_Hiking,Hiking,block_cv,vix_level,gain,0.0,vol
NOR_10Y,5,Block_Hiking,Hiking,block_cv,vix_zscore,gain,0.0,vol
NOR_10Y,5,Block_Hiking,Hiking,block_cv,v2x_level,gain,0.06482070684432983,vol
NOR_10Y,5,Block_Hiking,Hiking,block_cv,vxn_level,gain,0.06674831360578537,vol
NOR_10Y,5,Block_Hiking,Hiking,block_cv,ovx_level,gain,0.049054235219955444,vol
NOR_10Y,5,Block_Hiking,Hiking,block_cv,gvz_level,gain,0.061025239527225494,vol
NOR_10Y,5,Block_Hiking,Hiking,block_cv,spx_mom_1m,gain,0.05188390612602234,macro
NOR_10Y,5,Block_Hiking,Hiking,block_cv,spx_mom_3m,gain,0.06645031273365021,macro
NOR_10Y,5,Block_Hiking,Hiking,block_cv,sx5e_mom_1m,gain,0.03933849558234215,macro
NOR_10Y,5,Block_Hiking,Hiking,block_cv,sx5e_mom_3m,gain,0.0,macro
NOR_10Y,5,Block_Hiking,Hiking,block_cv,mxwo_mom_1m,gain,0.0602884478867054,macro
NOR_10Y,5,Block_Hiking,Hiking,block_cv,ndx_mom_1m,gain,0.0,macro
NOR_10Y,5,Block_Hiking,Hiking,block_cv,oil_mom_1m,gain,0.05258774757385254,macro
NOR_10Y,5,Block_Hiking,Hiking,block_cv,oil_mom_3m,gain,0.06385716050863266,macro
NOR_10Y,5,Block_Hiking,Hiking,block_cv,copper_mom_1m,gain,0.03527483344078064,macro
NOR_10Y,5,Block_Hiking,Hiking,block_cv,opec_prod,gain,0.0,macro
NOR_10Y,5,Block_Hiking,Hiking,block_cv,natgas_mom_1m,gain,0.0,macro
NOR_10Y,5,Block_Hiking,Hiking,block_cv,be5y_level,gain,0.0,macro
NOR_10Y,5,Block_Hiking,Hiking,block_cv,be10y_level,gain,0.0,macro
NOR_10Y,5,Block_Hiking,Hiking,block_cv,be_slope,gain,0.0,macro
NOR_10Y,5,Block_Hiking,Hiking,block_cv,be5y_chg_1m,gain,0.0,macro
NOR_10Y,5,Block_Hiking,Hiking,block_cv,ig_spread,gain,0.0,credit
NOR_10Y,5,Block_Hiking,Hiking,block_cv,hy_spread,gain,0.0,credit
NOR_10Y,5,Block_Hiking,Hiking,block_cv,ig_chg_1m,gain,0.0,credit
NOR_10Y,5,Block_Hiking,Hiking,block_cv,hy_chg_1m,gain,0.0,credit
NOR_10Y,5,Block_Hiking,Hiking,block_cv,cpi_yoy,gain,0.06393525749444962,macro
NOR_10Y,5,Block_Hiking,Hiking,block_cv,pce_core_chg,gain,0.0,macro
NOR_10Y,5,Block_Hiking,Hiking,block_cv,nfp_change,gain,0.0,macro
NOR_10Y,5,Block_Hiking,Hiking,block_cv,pmi_us,gain,0.0,macro
NOR_10Y,5,Block_Hiking,Hiking,block_cv,pmi_eur,gain,0.0,macro
NOR_10Y,5,Block_Hiking,Hiking,block_cv,unemp_eur,gain,0.0,macro
NOR_10Y,5,Block_Hiking,Hiking,block_cv,cpi_nsa_level,gain,0.0,macro
NOR_10Y,5,Block_Hiking,Hiking,block_cv,pce_core_level,gain,0.0,macro
NOR_10Y,5,Block_Hiking,Hiking,block_cv,eur_3m,gain,0.0,macro
NOR_10Y,5,Block_Hiking,Hiking,block_cv,eur_1w,gain,0.0,macro
NOR_10Y,5,Block_Hiking,Hiking,block_cv,nor_ibor_1m,gain,0.058634672313928604,norway
NOR_10Y,5,Block_Hiking,Hiking,block_cv,nor_ibor_6m,gain,0.0,norway
NOR_10Y,5,Block_Hiking,Hiking,block_cv,nor_ecb_dfr_chg,gain,0.0,norway
NOR_10Y,5,Block_Hiking,Hiking,block_cv,nor_ecb_dfr_level,gain,0.0,norway
NOR_10Y,5,Block_Hiking,Hiking,block_cv,nor_eurnok_chg_1d,gain,0.0487753301858902,norway
NOR_10Y,5,Block_Hiking,Hiking,block_cv,nor_eurnok_level,gain,0.0,norway
NOR_10Y,5,Block_Hiking,Hiking,block_cv,nor_eurnok_mom_1m,gain,0.08640296757221222,norway
NOR_10Y,5,Block_Hiking,Hiking,block_cv,nor_eurnok_mom_3m,gain,0.037581320852041245,norway
NOR_10Y,5,Block_Hiking,Hiking,block_cv,nor_eurnok_rvol_20d,gain,0.045779671519994736,norway
NOR_10Y,5,Block_Hiking,Hiking,block_cv,nor_govt_10y,gain,0.0,norway
NOR_10Y,5,Block_Hiking,Hiking,block_cv,nor_govt_3y,gain,0.035819392651319504,norway
NOR_10Y,5,Block_Hiking,Hiking,block_cv,nor_govt_5y,gain,0.032993756234645844,norway
NOR_10Y,5,Block_Hiking,Hiking,block_cv,nor_i44_chg_1d,gain,0.038643620908260345,norway
NOR_10Y,5,Block_Hiking,Hiking,block_cv,nor_i44_level,gain,0.0,norway
NOR_10Y,5,Block_Hiking,Hiking,block_cv,nor_i44_mom_1m,gain,0.0,norway
NOR_10Y,5,Block_Hiking,Hiking,block_cv,nor_i44_mom_3m,gain,0.03663286566734314,norway
NOR_10Y,5,Block_Hiking,Hiking,block_cv,nor_i44_rvol_20d,gain,0.03018210455775261,norway
NOR_10Y,5,Block_Hiking,Hiking,block_cv,nor_kpi_yoy,gain,0.0,norway
NOR_10Y,5,Block_Hiking,Hiking,block_cv,nor_kpijae_yoy,gain,0.07407745718955994,norway
NOR_10Y,5,Block_Hiking,Hiking,block_cv,nor_nibor_nowa_spread,gain,0.0,norway
NOR_10Y,5,Block_Hiking,Hiking,block_cv,nor_nowa_level,gain,0.0,norway
NOR_10Y,5,Block_Hiking,Hiking,block_cv,nor_polrate_chg_1d,gain,0.0,norway
NOR_10Y,5,Block_Hiking,Hiking,block_cv,nor_polrate_days_since_chg,gain,0.0766259953379631,norway
NOR_10Y,5,Block_Hiking,Hiking,block_cv,nor_polrate_level,gain,0.0,norway
NOR_10Y,5,Block_Hiking,Hiking,block_cv,nor_rb_rate_chg,gain,0.0,norway
NOR_10Y,5,Block_Hiking,Hiking,block_cv,nor_rb_rate_level,gain,0.0,norway
NOR_10Y,5,Block_Hiking,Hiking,block_cv,nor_unemp,gain,0.0,norway
NOR_10Y,5,Block_Hiking,Hiking,block_cv,nor_usdnok_chg_1d,gain,0.0,norway
NOR_10Y,5,Block_Hiking,Hiking,block_cv,nor_usdnok_level,gain,0.06578965485095978,norway
NOR_10Y,5,Block_Hiking,Hiking,block_cv,nor_usdnok_mom_1m,gain,0.012664755806326866,norway
NOR_10Y,5,Block_Hiking,Hiking,block_cv,nor_usdnok_mom_3m,gain,0.09543877840042114,norway
NOR_10Y,5,Block_Hiking,Hiking,block_cv,nor_usdnok_rvol_20d,gain,0.0,norway
NOR_10Y,5,Block_Hiking,Hiking,block_cv,swap_govt_spread,gain,0.0,norway
NOR_10Y,5,Block_Hiking,Hiking,block_cv,xmpca_01,gain,0.0,cross_market
NOR_10Y,5,Block_Hiking,Hiking,block_cv,xmpca_02,gain,0.03317499905824661,cross_market
NOR_10Y,5,Block_Hiking,Hiking,block_cv,xmpca_03,gain,0.0,cross_market
NOR_10Y,5,Block_Hiking,Hiking,block_cv,xmpca_04,gain,0.0,cross_market
NOR_10Y,5,Block_Hiking,Hiking,block_cv,xmpca_05,gain,0.07325601577758789,cross_market
NOR_10Y,5,Block_Hiking,Hiking,block_cv,xmpca_06,gain,0.0,cross_market
NOR_10Y,5,Block_Hiking,Hiking,block_cv,xmpca_07,gain,0.0,cross_market
NOR_10Y,5,Block_Hiking,Hiking,block_cv,xmpca_08,gain,0.07105286419391632,cross_market
NOR_10Y,5,Block_Hiking,Hiking,block_cv,xmpca_09,gain,0.019975833594799042,cross_market
NOR_10Y,5,Block_Hiking,Hiking,block_cv,xmpca_10,gain,0.028296712785959244,cross_market
NOR_10Y,5,Block_Hiking,Hiking,block_cv,xmpca_11,gain,0.0,cross_market
NOR_10Y,5,Block_Hiking,Hiking,block_cv,xmpca_12,gain,0.0,cross_market
NOR_10Y,5,Block_Hiking,Hiking,block_cv,chg_lag1,weight,1.0,momentum
NOR_10Y,5,Block_Hiking,Hiking,block_cv,chg_lag2,weight,1.0,momentum
NOR_10Y,5,Block_Hiking,Hiking,block_cv,chg_lag3,weight,2.0,momentum
NOR_10Y,5,Block_Hiking,Hiking,block_cv,chg_lag4,weight,0.0,momentum
NOR_10Y,5,Block_Hiking,Hiking,block_cv,chg_lag5,weight,0.0,momentum
NOR_10Y,5,Block_Hiking,Hiking,block_cv,carry_roll,weight,0.0,carry_roll
NOR_10Y,5,Block_Hiking,Hiking,block_cv,mom_63d,weight,0.0,momentum
NOR_10Y,5,Block_Hiking,Hiking,block_cv,mom_1m,weight,6.0,momentum
NOR_10Y,5,Block_Hiking,Hiking,block_cv,mom_3m,weight,3.0,momentum
NOR_10Y,5,Block_Hiking,Hiking,block_cv,mom_6m,weight,1.0,momentum
NOR_10Y,5,Block_Hiking,Hiking,block_cv,mom_12m,weight,2.0,momentum
NOR_10Y,5,Block_Hiking,Hiking,block_cv,dev_ma_3m,weight,1.0,curve
NOR_10Y,5,Block_Hiking,Hiking,block_cv,dev_ma_12m,weight,8.0,curve
NOR_10Y,5,Block_Hiking,Hiking,block_cv,vol_20d,weight,3.0,vol
NOR_10Y,5,Block_Hiking,Hiking,block_cv,vol_regime,weight,0.0,vol
NOR_10Y,5,Block_Hiking,Hiking,block_cv,vol_zscore,weight,1.0,vol
NOR_10Y,5,Block_Hiking,Hiking,block_cv,level_zscore,weight,5.0,curve
NOR_10Y,5,Block_Hiking,Hiking,block_cv,slope_10_1,weight,5.0,curve
NOR_10Y,5,Block_Hiking,Hiking,block_cv,slope_10_5,weight,0.0,curve
NOR_10Y,5,Block_Hiking,Hiking,block_cv,slope_5_1,weight,1.0,curve
NOR_10Y,5,Block_Hiking,Hiking,block_cv,sofr_mom_1m,weight,8.0,macro
NOR_10Y,5,Block_Hiking,Hiking,block_cv,ibor_level,weight,0.0,macro
NOR_10Y,5,Block_Hiking,Hiking,block_cv,ibor_chg_1d,weight,6.0,macro
NOR_10Y,5,Block_Hiking,Hiking,block_cv,ibor_mom_1m,weight,3.0,macro
NOR_10Y,5,Block_Hiking,Hiking,block_cv,ibor_term_slope,weight,3.0,macro
NOR_10Y,5,Block_Hiking,Hiking,block_cv,swap_ibor_basis,weight,2.0,curve
NOR_10Y,5,Block_Hiking,Hiking,block_cv,move_level,weight,0.0,vol
NOR_10Y,5,Block_Hiking,Hiking,block_cv,move_zscore,weight,1.0,vol
NOR_10Y,5,Block_Hiking,Hiking,block_cv,vix_level,weight,0.0,vol
NOR_10Y,5,Block_Hiking,Hiking,block_cv,vix_zscore,weight,0.0,vol
NOR_10Y,5,Block_Hiking,Hiking,block_cv,v2x_level,weight,1.0,vol
NOR_10Y,5,Block_Hiking,Hiking,block_cv,vxn_level,weight,1.0,vol
NOR_10Y,5,Block_Hiking,Hiking,block_cv,ovx_level,weight,2.0,vol
NOR_10Y,5,Block_Hiking,Hiking,block_cv,gvz_level,weight,2.0,vol
NOR_10Y,5,Block_Hiking,Hiking,block_cv,spx_mom_1m,weight,4.0,macro
NOR_10Y,5,Block_Hiking,Hiking,block_cv,spx_mom_3m,weight,1.0,macro
NOR_10Y,5,Block_Hiking,Hiking,block_cv,sx5e_mom_1m,weight,3.0,macro
NOR_10Y,5,Block_Hiking,Hiking,block_cv,sx5e_mom_3m,weight,0.0,macro
NOR_10Y,5,Block_Hiking,Hiking,block_cv,mxwo_mom_1m,weight,3.0,macro
NOR_10Y,5,Block_Hiking,Hiking,block_cv,ndx_mom_1m,weight,0.0,macro
NOR_10Y,5,Block_Hiking,Hiking,block_cv,oil_mom_1m,weight,5.0,macro
NOR_10Y,5,Block_Hiking,Hiking,block_cv,oil_mom_3m,weight,4.0,macro
NOR_10Y,5,Block_Hiking,Hiking,block_cv,copper_mom_1m,weight,2.0,macro
NOR_10Y,5,Block_Hiking,Hiking,block_cv,opec_prod,weight,0.0,macro
NOR_10Y,5,Block_Hiking,Hiking,block_cv,natgas_mom_1m,weight,0.0,macro
NOR_10Y,5,Block_Hiking,Hiking,block_cv,be5y_level,weight,0.0,macro
NOR_10Y,5,Block_Hiking,Hiking,block_cv,be10y_level,weight,0.0,macro
NOR_10Y,5,Block_Hiking,Hiking,block_cv,be_slope,weight,0.0,macro
NOR_10Y,5,Block_Hiking,Hiking,block_cv,be5y_chg_1m,weight,0.0,macro
NOR_10Y,5,Block_Hiking,Hiking,block_cv,ig_spread,weight,0.0,credit
NOR_10Y,5,Block_Hiking,Hiking,block_cv,hy_spread,weight,0.0,credit
NOR_10Y,5,Block_Hiking,Hiking,block_cv,ig_chg_1m,weight,0.0,credit
NOR_10Y,5,Block_Hiking,Hiking,block_cv,hy_chg_1m,weight,0.0,credit
NOR_10Y,5,Block_Hiking,Hiking,block_cv,cpi_yoy,weight,1.0,macro
NOR_10Y,5,Block_Hiking,Hiking,block_cv,pce_core_chg,weight,0.0,macro
NOR_10Y,5,Block_Hiking,Hiking,block_cv,nfp_change,weight,0.0,macro
NOR_10Y,5,Block_Hiking,Hiking,block_cv,pmi_us,weight,0.0,macro
NOR_10Y,5,Block_Hiking,Hiking,block_cv,pmi_eur,weight,0.0,macro
NOR_10Y,5,Block_Hiking,Hiking,block_cv,unemp_eur,weight,0.0,macro
NOR_10Y,5,Block_Hiking,Hiking,block_cv,cpi_nsa_level,weight,0.0,macro
NOR_10Y,5,Block_Hiking,Hiking,block_cv,pce_core_level,weight,0.0,macro
NOR_10Y,5,Block_Hiking,Hiking,block_cv,eur_3m,weight,0.0,macro
NOR_10Y,5,Block_Hiking,Hiking,block_cv,eur_1w,weight,0.0,macro
NOR_10Y,5,Block_Hiking,Hiking,block_cv,nor_ibor_1m,weight,1.0,norway
NOR_10Y,5,Block_Hiking,Hiking,block_cv,nor_ibor_6m,weight,0.0,norway
NOR_10Y,5,Block_Hiking,Hiking,block_cv,nor_ecb_dfr_chg,weight,0.0,norway
NOR_10Y,5,Block_Hiking,Hiking,block_cv,nor_ecb_dfr_level,weight,0.0,norway
NOR_10Y,5,Block_Hiking,Hiking,block_cv,nor_eurnok_chg_1d,weight,1.0,norway
NOR_10Y,5,Block_Hiking,Hiking,block_cv,nor_eurnok_level,weight,0.0,norway
NOR_10Y,5,Block_Hiking,Hiking,block_cv,nor_eurnok_mom_1m,weight,2.0,norway
NOR_10Y,5,Block_Hiking,Hiking,block_cv,nor_eurnok_mom_3m,weight,1.0,norway
NOR_10Y,5,Block_Hiking,Hiking,block_cv,nor_eurnok_rvol_20d,weight,3.0,norway
NOR_10Y,5,Block_Hiking,Hiking,block_cv,nor_govt_10y,weight,0.0,norway
NOR_10Y,5,Block_Hiking,Hiking,block_cv,nor_govt_3y,weight,1.0,norway
NOR_10Y,5,Block_Hiking,Hiking,block_cv,nor_govt_5y,weight,1.0,norway
NOR_10Y,5,Block_Hiking,Hiking,block_cv,nor_i44_chg_1d,weight,1.0,norway
NOR_10Y,5,Block_Hiking,Hiking,block_cv,nor_i44_level,weight,0.0,norway
NOR_10Y,5,Block_Hiking,Hiking,block_cv,nor_i44_mom_1m,weight,0.0,norway
NOR_10Y,5,Block_Hiking,Hiking,block_cv,nor_i44_mom_3m,weight,2.0,norway
NOR_10Y,5,Block_Hiking,Hiking,block_cv,nor_i44_rvol_20d,weight,1.0,norway
NOR_10Y,5,Block_Hiking,Hiking,block_cv,nor_kpi_yoy,weight,0.0,norway
NOR_10Y,5,Block_Hiking,Hiking,block_cv,nor_kpijae_yoy,weight,2.0,norway
NOR_10Y,5,Block_Hiking,Hiking,block_cv,nor_nibor_nowa_spread,weight,0.0,norway
NOR_10Y,5,Block_Hiking,Hiking,block_cv,nor_nowa_level,weight,0.0,norway
NOR_10Y,5,Block_Hiking,Hiking,block_cv,nor_polrate_chg_1d,weight,0.0,norway
NOR_10Y,5,Block_Hiking,Hiking,block_cv,nor_polrate_days_since_chg,weight,1.0,norway
NOR_10Y,5,Block_Hiking,Hiking,block_cv,nor_polrate_level,weight,0.0,norway
NOR_10Y,5,Block_Hiking,Hiking,block_cv,nor_rb_rate_chg,weight,0.0,norway
NOR_10Y,5,Block_Hiking,Hiking,block_cv,nor_rb_rate_level,weight,0.0,norway
NOR_10Y,5,Block_Hiking,Hiking,block_cv,nor_unemp,weight,0.0,norway
NOR_10Y,5,Block_Hiking,Hiking,block_cv,nor_usdnok_chg_1d,weight,0.0,norway
NOR_10Y,5,Block_Hiking,Hiking,block_cv,nor_usdnok_level,weight,2.0,norway
NOR_10Y,5,Block_Hiking,Hiking,block_cv,nor_usdnok_mom_1m,weight,2.0,norway
NOR_10Y,5,Block_Hiking,Hiking,block_cv,nor_usdnok_mom_3m,weight,8.0,norway
NOR_10Y,5,Block_Hiking,Hiking,block_cv,nor_usdnok_rvol_20d,weight,0.0,norway
NOR_10Y,5,Block_Hiking,Hiking,block_cv,swap_govt_spread,weight,0.0,norway
NOR_10Y,5,Block_Hiking,Hiking,block_cv,xmpca_01,weight,0.0,cross_market
NOR_10Y,5,Block_Hiking,Hiking,block_cv,xmpca_02,weight,2.0,cross_market
NOR_10Y,5,Block_Hiking,Hiking,block_cv,xmpca_03,weight,0.0,cross_market
NOR_10Y,5,Block_Hiking,Hiking,block_cv,xmpca_04,weight,0.0,cross_market
NOR_10Y,5,Block_Hiking,Hiking,block_cv,xmpca_05,weight,1.0,cross_market
NOR_10Y,5,Block_Hiking,Hiking,block_cv,xmpca_06,weight,0.0,cross_market
NOR_10Y,5,Block_Hiking,Hiking,block_cv,xmpca_07,weight,0.0,cross_market
NOR_10Y,5,Block_Hiking,Hiking,block_cv,xmpca_08,weight,1.0,cross_market
NOR_10Y,5,Block_Hiking,Hiking,block_cv,xmpca_09,weight,1.0,cross_market
NOR_10Y,5,Block_Hiking,Hiking,block_cv,xmpca_10,weight,1.0,cross_market
NOR_10Y,5,Block_Hiking,Hiking,block_cv,xmpca_11,weight,0.0,cross_market
NOR_10Y,5,Block_Hiking,Hiking,block_cv,xmpca_12,weight,0.0,cross_market
NOR_10Y,5,Block_Hiking,Hiking,block_cv,chg_lag1,cover,1399.0,momentum
NOR_10Y,5,Block_Hiking,Hiking,block_cv,chg_lag2,cover,14.0,momentum
NOR_10Y,5,Block_Hiking,Hiking,block_cv,chg_lag3,cover,32.5,momentum
NOR_10Y,5,Block_Hiking,Hiking,block_cv,chg_lag4,cover,0.0,momentum
NOR_10Y,5,Block_Hiking,Hiking,block_cv,chg_lag5,cover,0.0,momentum
NOR_10Y,5,Block_Hiking,Hiking,block_cv,carry_roll,cover,0.0,carry_roll
NOR_10Y,5,Block_Hiking,Hiking,block_cv,mom_63d,cover,0.0,momentum
NOR_10Y,5,Block_Hiking,Hiking,block_cv,mom_1m,cover,1697.8333740234375,momentum
NOR_10Y,5,Block_Hiking,Hiking,block_cv,mom_3m,cover,972.0,momentum
NOR_10Y,5,Block_Hiking,Hiking,block_cv,mom_6m,cover,1821.0,momentum
NOR_10Y,5,Block_Hiking,Hiking,block_cv,mom_12m,cover,1360.0,momentum
NOR_10Y,5,Block_Hiking,Hiking,block_cv,dev_ma_3m,cover,53.0,curve
NOR_10Y,5,Block_Hiking,Hiking,block_cv,dev_ma_12m,cover,1891.625,curve
NOR_10Y,5,Block_Hiking,Hiking,block_cv,vol_20d,cover,1569.6666259765625,vol
NOR_10Y,5,Block_Hiking,Hiking,block_cv,vol_regime,cover,0.0,vol
NOR_10Y,5,Block_Hiking,Hiking,block_cv,vol_zscore,cover,20.0,vol
NOR_10Y,5,Block_Hiking,Hiking,block_cv,level_zscore,cover,1371.4000244140625,curve
NOR_10Y,5,Block_Hiking,Hiking,block_cv,slope_10_1,cover,1181.199951171875,curve
NOR_10Y,5,Block_Hiking,Hiking,block_cv,slope_10_5,cover,0.0,curve
NOR_10Y,5,Block_Hiking,Hiking,block_cv,slope_5_1,cover,490.0,curve
NOR_10Y,5,Block_Hiking,Hiking,block_cv,sofr_mom_1m,cover,1455.25,macro
NOR_10Y,5,Block_Hiking,Hiking,block_cv,ibor_level,cover,0.0,macro
NOR_10Y,5,Block_Hiking,Hiking,block_cv,ibor_chg_1d,cover,1300.8333740234375,macro
NOR_10Y,5,Block_Hiking,Hiking,block_cv,ibor_mom_1m,cover,1870.0,macro
NOR_10Y,5,Block_Hiking,Hiking,block_cv,ibor_term_slope,cover,674.6666870117188,macro
NOR_10Y,5,Block_Hiking,Hiking,block_cv,swap_ibor_basis,cover,18.5,curve
NOR_10Y,5,Block_Hiking,Hiking,block_cv,move_level,cover,0.0,vol
NOR_10Y,5,Block_Hiking,Hiking,block_cv,move_zscore,cover,96.0,vol
NOR_10Y,5,Block_Hiking,Hiking,block_cv,vix_level,cover,0.0,vol
NOR_10Y,5,Block_Hiking,Hiking,block_cv,vix_zscore,cover,0.0,vol
NOR_10Y,5,Block_Hiking,Hiking,block_cv,v2x_level,cover,54.0,vol
NOR_10Y,5,Block_Hiking,Hiking,block_cv,vxn_level,cover,48.0,vol
NOR_10Y,5,Block_Hiking,Hiking,block_cv,ovx_level,cover,976.0,vol
NOR_10Y,5,Block_Hiking,Hiking,block_cv,gvz_level,cover,985.5,vol
NOR_10Y,5,Block_Hiking,Hiking,block_cv,spx_mom_1m,cover,1214.0,macro
NOR_10Y,5,Block_Hiking,Hiking,block_cv,spx_mom_3m,cover,837.0,macro
NOR_10Y,5,Block_Hiking,Hiking,block_cv,sx5e_mom_1m,cover,743.3333129882812,macro
NOR_10Y,5,Block_Hiking,Hiking,block_cv,sx5e_mom_3m,cover,0.0,macro
NOR_10Y,5,Block_Hiking,Hiking,block_cv,mxwo_mom_1m,cover,1403.6666259765625,macro
NOR_10Y,5,Block_Hiking,Hiking,block_cv,ndx_mom_1m,cover,0.0,macro
NOR_10Y,5,Block_Hiking,Hiking,block_cv,oil_mom_1m,cover,1509.4000244140625,macro
NOR_10Y,5,Block_Hiking,Hiking,block_cv,oil_mom_3m,cover,1443.25,macro
NOR_10Y,5,Block_Hiking,Hiking,block_cv,copper_mom_1m,cover,1056.0,macro
NOR_10Y,5,Block_Hiking,Hiking,block_cv,opec_prod,cover,0.0,macro
NOR_10Y,5,Block_Hiking,Hiking,block_cv,natgas_mom_1m,cover,0.0,macro
NOR_10Y,5,Block_Hiking,Hiking,block_cv,be5y_level,cover,0.0,macro
NOR_10Y,5,Block_Hiking,Hiking,block_cv,be10y_level,cover,0.0,macro
NOR_10Y,5,Block_Hiking,Hiking,block_cv,be_slope,cover,0.0,macro
NOR_10Y,5,Block_Hiking,Hiking,block_cv,be5y_chg_1m,cover,0.0,macro
NOR_10Y,5,Block_Hiking,Hiking,block_cv,ig_spread,cover,0.0,credit
NOR_10Y,5,Block_Hiking,Hiking,block_cv,hy_spread,cover,0.0,credit
NOR_10Y,5,Block_Hiking,Hiking,block_cv,ig_chg_1m,cover,0.0,credit
NOR_10Y,5,Block_Hiking,Hiking,block_cv,hy_chg_1m,cover,0.0,credit
NOR_10Y,5,Block_Hiking,Hiking,block_cv,cpi_yoy,cover,853.0,macro
NOR_10Y,5,Block_Hiking,Hiking,block_cv,pce_core_chg,cover,0.0,macro
NOR_10Y,5,Block_Hiking,Hiking,block_cv,nfp_change,cover,0.0,macro
NOR_10Y,5,Block_Hiking,Hiking,block_cv,pmi_us,cover,0.0,macro
NOR_10Y,5,Block_Hiking,Hiking,block_cv,pmi_eur,cover,0.0,macro
NOR_10Y,5,Block_Hiking,Hiking,block_cv,unemp_eur,cover,0.0,macro
NOR_10Y,5,Block_Hiking,Hiking,block_cv,cpi_nsa_level,cover,0.0,macro
NOR_10Y,5,Block_Hiking,Hiking,block_cv,pce_core_level,cover,0.0,macro
NOR_10Y,5,Block_Hiking,Hiking,block_cv,eur_3m,cover,0.0,macro
NOR_10Y,5,Block_Hiking,Hiking,block_cv,eur_1w,cover,0.0,macro
NOR_10Y,5,Block_Hiking,Hiking,block_cv,nor_ibor_1m,cover,1913.0,norway
NOR_10Y,5,Block_Hiking,Hiking,block_cv,nor_ibor_6m,cover,0.0,norway
NOR_10Y,5,Block_Hiking,Hiking,block_cv,nor_ecb_dfr_chg,cover,0.0,norway
NOR_10Y,5,Block_Hiking,Hiking,block_cv,nor_ecb_dfr_level,cover,0.0,norway
NOR_10Y,5,Block_Hiking,Hiking,block_cv,nor_eurnok_chg_1d,cover,1873.0,norway
NOR_10Y,5,Block_Hiking,Hiking,block_cv,nor_eurnok_level,cover,0.0,norway
NOR_10Y,5,Block_Hiking,Hiking,block_cv,nor_eurnok_mom_1m,cover,1917.0,norway
NOR_10Y,5,Block_Hiking,Hiking,block_cv,nor_eurnok_mom_3m,cover,1947.0,norway
NOR_10Y,5,Block_Hiking,Hiking,block_cv,nor_eurnok_rvol_20d,cover,1224.0,norway
NOR_10Y,5,Block_Hiking,Hiking,block_cv,nor_govt_10y,cover,0.0,norway
NOR_10Y,5,Block_Hiking,Hiking,block_cv,nor_govt_3y,cover,151.0,norway
NOR_10Y,5,Block_Hiking,Hiking,block_cv,nor_govt_5y,cover,1772.0,norway
NOR_10Y,5,Block_Hiking,Hiking,block_cv,nor_i44_chg_1d,cover,33.0,norway
NOR_10Y,5,Block_Hiking,Hiking,block_cv,nor_i44_level,cover,0.0,norway
NOR_10Y,5,Block_Hiking,Hiking,block_cv,nor_i44_mom_1m,cover,0.0,norway
NOR_10Y,5,Block_Hiking,Hiking,block_cv,nor_i44_mom_3m,cover,971.0,norway
NOR_10Y,5,Block_Hiking,Hiking,block_cv,nor_i44_rvol_20d,cover,15.0,norway
NOR_10Y,5,Block_Hiking,Hiking,block_cv,nor_kpi_yoy,cover,0.0,norway
NOR_10Y,5,Block_Hiking,Hiking,block_cv,nor_kpijae_yoy,cover,273.5,norway
NOR_10Y,5,Block_Hiking,Hiking,block_cv,nor_nibor_nowa_spread,cover,0.0,norway
NOR_10Y,5,Block_Hiking,Hiking,block_cv,nor_nowa_level,cover,0.0,norway
NOR_10Y,5,Block_Hiking,Hiking,block_cv,nor_polrate_chg_1d,cover,0.0,norway
NOR_10Y,5,Block_Hiking,Hiking,block_cv,nor_polrate_days_since_chg,cover,65.0,norway
NOR_10Y,5,Block_Hiking,Hiking,block_cv,nor_polrate_level,cover,0.0,norway
NOR_10Y,5,Block_Hiking,Hiking,block_cv,nor_rb_rate_chg,cover,0.0,norway
NOR_10Y,5,Block_Hiking,Hiking,block_cv,nor_rb_rate_level,cover,0.0,norway
NOR_10Y,5,Block_Hiking,Hiking,block_cv,nor_unemp,cover,0.0,norway
NOR_10Y,5,Block_Hiking,Hiking,block_cv,nor_usdnok_chg_1d,cover,0.0,norway
NOR_10Y,5,Block_Hiking,Hiking,block_cv,nor_usdnok_level,cover,498.0,norway
NOR_10Y,5,Block_Hiking,Hiking,block_cv,nor_usdnok_mom_1m,cover,16.0,norway
NOR_10Y,5,Block_Hiking,Hiking,block_cv,nor_usdnok_mom_3m,cover,1544.625,norway
NOR_10Y,5,Block_Hiking,Hiking,block_cv,nor_usdnok_rvol_20d,cover,0.0,norway
NOR_10Y,5,Block_Hiking,Hiking,block_cv,swap_govt_spread,cover,0.0,norway
NOR_10Y,5,Block_Hiking,Hiking,block_cv,xmpca_01,cover,0.0,cross_market
NOR_10Y,5,Block_Hiking,Hiking,block_cv,xmpca_02,cover,14.0,cross_market
NOR_10Y,5,Block_Hiking,Hiking,block_cv,xmpca_03,cover,0.0,cross_market
NOR_10Y,5,Block_Hiking,Hiking,block_cv,xmpca_04,cover,0.0,cross_market
NOR_10Y,5,Block_Hiking,Hiking,block_cv,xmpca_05,cover,26.0,cross_market
NOR_10Y,5,Block_Hiking,Hiking,block_cv,xmpca_06,cover,0.0,cross_market
NOR_10Y,5,Block_Hiking,Hiking,block_cv,xmpca_07,cover,0.0,cross_market
NOR_10Y,5,Block_Hiking,Hiking,block_cv,xmpca_08,cover,15.0,cross_market
NOR_10Y,5,Block_Hiking,Hiking,block_cv,xmpca_09,cover,15.0,cross_market
NOR_10Y,5,Block_Hiking,Hiking,block_cv,xmpca_10,cover,14.0,cross_market
NOR_10Y,5,Block_Hiking,Hiking,block_cv,xmpca_11,cover,0.0,cross_market
NOR_10Y,5,Block_Hiking,Hiking,block_cv,xmpca_12,cover,0.0,cross_market
NOR_10Y,5,Block_Hiking,Hiking,block_cv,chg_lag1,total_gain,0.042574796825647354,momentum
NOR_10Y,5,Block_Hiking,Hiking,block_cv,chg_lag2,total_gain,0.048089757561683655,momentum
NOR_10Y,5,Block_Hiking,Hiking,block_cv,chg_lag3,total_gain,0.10348393023014069,momentum
NOR_10Y,5,Block_Hiking,Hiking,block_cv,chg_lag4,total_gain,0.0,momentum
NOR_10Y,5,Block_Hiking,Hiking,block_cv,chg_lag5,total_gain,0.0,momentum
NOR_10Y,5,Block_Hiking,Hiking,block_cv,carry_roll,total_gain,0.0,carry_roll
NOR_10Y,5,Block_Hiking,Hiking,block_cv,mom_63d,total_gain,0.0,momentum
NOR_10Y,5,Block_Hiking,Hiking,block_cv,mom_1m,total_gain,0.41849035024642944,momentum
NOR_10Y,5,Block_Hiking,Hiking,block_cv,mom_3m,total_gain,0.13675689697265625,momentum
NOR_10Y,5,Block_Hiking,Hiking,block_cv,mom_6m,total_gain,0.04196834936738014,momentum
NOR_10Y,5,Block_Hiking,Hiking,block_cv,mom_12m,total_gain,0.12670673429965973,momentum
NOR_10Y,5,Block_Hiking,Hiking,block_cv,dev_ma_3m,total_gain,0.04165080189704895,curve
NOR_10Y,5,Block_Hiking,Hiking,block_cv,dev_ma_12m,total_gain,0.568450391292572,curve
NOR_10Y,5,Block_Hiking,Hiking,block_cv,vol_20d,total_gain,0.15952035784721375,vol
NOR_10Y,5,Block_Hiking,Hiking,block_cv,vol_regime,total_gain,0.0,vol
NOR_10Y,5,Block_Hiking,Hiking,block_cv,vol_zscore,total_gain,0.007246775086969137,vol
NOR_10Y,5,Block_Hiking,Hiking,block_cv,level_zscore,total_gain,0.3503376841545105,curve
NOR_10Y,5,Block_Hiking,Hiking,block_cv,slope_10_1,total_gain,0.29741501808166504,curve
NOR_10Y,5,Block_Hiking,Hiking,block_cv,slope_10_5,total_gain,0.0,curve
NOR_10Y,5,Block_Hiking,Hiking,block_cv,slope_5_1,total_gain,0.06901213526725769,curve
NOR_10Y,5,Block_Hiking,Hiking,block_cv,sofr_mom_1m,total_gain,0.471585750579834,macro
NOR_10Y,5,Block_Hiking,Hiking,block_cv,ibor_level,total_gain,0.0,macro
NOR_10Y,5,Block_Hiking,Hiking,block_cv,ibor_chg_1d,total_gain,0.587188184261322,macro
NOR_10Y,5,Block_Hiking,Hiking,block_cv,ibor_mom_1m,total_gain,0.2694443464279175,macro
NOR_10Y,5,Block_Hiking,Hiking,block_cv,ibor_term_slope,total_gain,0.17381155490875244,macro
NOR_10Y,5,Block_Hiking,Hiking,block_cv,swap_ibor_basis,total_gain,0.07945908606052399,curve
NOR_10Y,5,Block_Hiking,Hiking,block_cv,move_level,total_gain,0.0,vol
NOR_10Y,5,Block_Hiking,Hiking,block_cv,move_zscore,total_gain,0.034576673060655594,vol
NOR_10Y,5,Block_Hiking,Hiking,block_cv,vix_level,total_gain,0.0,vol
NOR_10Y,5,Block_Hiking,Hiking,block_cv,vix_zscore,total_gain,0.0,vol
NOR_10Y,5,Block_Hiking,Hiking,block_cv,v2x_level,total_gain,0.06482070684432983,vol
NOR_10Y,5,Block_Hiking,Hiking,block_cv,vxn_level,total_gain,0.06674831360578537,vol
NOR_10Y,5,Block_Hiking,Hiking,block_cv,ovx_level,total_gain,0.09810847043991089,vol
NOR_10Y,5,Block_Hiking,Hiking,block_cv,gvz_level,total_gain,0.12205047905445099,vol
NOR_10Y,5,Block_Hiking,Hiking,block_cv,spx_mom_1m,total_gain,0.20753562450408936,macro
NOR_10Y,5,Block_Hiking,Hiking,block_cv,spx_mom_3m,total_gain,0.06645031273365021,macro
NOR_10Y,5,Block_Hiking,Hiking,block_cv,sx5e_mom_1m,total_gain,0.11801548302173615,macro
NOR_10Y,5,Block_Hiking,Hiking,block_cv,sx5e_mom_3m,total_gain,0.0,macro
NOR_10Y,5,Block_Hiking,Hiking,block_cv,mxwo_mom_1m,total_gain,0.1808653473854065,macro
NOR_10Y,5,Block_Hiking,Hiking,block_cv,ndx_mom_1m,total_gain,0.0,macro
NOR_10Y,5,Block_Hiking,Hiking,block_cv,oil_mom_1m,total_gain,0.2629387378692627,macro
NOR_10Y,5,Block_Hiking,Hiking,block_cv,oil_mom_3m,total_gain,0.25542864203453064,macro
NOR_10Y,5,Block_Hiking,Hiking,block_cv,copper_mom_1m,total_gain,0.07054966688156128,macro
NOR_10Y,5,Block_Hiking,Hiking,block_cv,opec_prod,total_gain,0.0,macro
NOR_10Y,5,Block_Hiking,Hiking,block_cv,natgas_mom_1m,total_gain,0.0,macro
NOR_10Y,5,Block_Hiking,Hiking,block_cv,be5y_level,total_gain,0.0,macro
NOR_10Y,5,Block_Hiking,Hiking,block_cv,be10y_level,total_gain,0.0,macro
NOR_10Y,5,Block_Hiking,Hiking,block_cv,be_slope,total_gain,0.0,macro
NOR_10Y,5,Block_Hiking,Hiking,block_cv,be5y_chg_1m,total_gain,0.0,macro
NOR_10Y,5,Block_Hiking,Hiking,block_cv,ig_spread,total_gain,0.0,credit
NOR_10Y,5,Block_Hiking,Hiking,block_cv,hy_spread,total_gain,0.0,credit
NOR_10Y,5,Block_Hiking,Hiking,block_cv,ig_chg_1m,total_gain,0.0,credit
NOR_10Y,5,Block_Hiking,Hiking,block_cv,hy_chg_1m,total_gain,0.0,credit
NOR_10Y,5,Block_Hiking,Hiking,block_cv,cpi_yoy,total_gain,0.06393525749444962,macro
NOR_10Y,5,Block_Hiking,Hiking,block_cv,pce_core_chg,total_gain,0.0,macro
NOR_10Y,5,Block_Hiking,Hiking,block_cv,nfp_change,total_gain,0.0,macro
NOR_10Y,5,Block_Hiking,Hiking,block_cv,pmi_us,total_gain,0.0,macro
NOR_10Y,5,Block_Hiking,Hiking,block_cv,pmi_eur,total_gain,0.0,macro
NOR_10Y,5,Block_Hiking,Hiking,block_cv,unemp_eur,total_gain,0.0,macro
NOR_10Y,5,Block_Hiking,Hiking,block_cv,cpi_nsa_level,total_gain,0.0,macro
NOR_10Y,5,Block_Hiking,Hiking,block_cv,pce_core_level,total_gain,0.0,macro
NOR_10Y,5,Block_Hiking,Hiking,block_cv,eur_3m,total_gain,0.0,macro
NOR_10Y,5,Block_Hiking,Hiking,block_cv,eur_1w,total_gain,0.0,macro
NOR_10Y,5,Block_Hiking,Hiking,block_cv,nor_ibor_1m,total_gain,0.058634672313928604,norway
NOR_10Y,5,Block_Hiking,Hiking,block_cv,nor_ibor_6m,total_gain,0.0,norway
NOR_10Y,5,Block_Hiking,Hiking,block_cv,nor_ecb_dfr_chg,total_gain,0.0,norway
NOR_10Y,5,Block_Hiking,Hiking,block_cv,nor_ecb_dfr_level,total_gain,0.0,norway
NOR_10Y,5,Block_Hiking,Hiking,block_cv,nor_eurnok_chg_1d,total_gain,0.0487753301858902,norway
NOR_10Y,5,Block_Hiking,Hiking,block_cv,nor_eurnok_level,total_gain,0.0,norway
NOR_10Y,5,Block_Hiking,Hiking,block_cv,nor_eurnok_mom_1m,total_gain,0.17280593514442444,norway
NOR_10Y,5,Block_Hiking,Hiking,block_cv,nor_eurnok_mom_3m,total_gain,0.037581320852041245,norway
NOR_10Y,5,Block_Hiking,Hiking,block_cv,nor_eurnok_rvol_20d,total_gain,0.1373390108346939,norway
NOR_10Y,5,Block_Hiking,Hiking,block_cv,nor_govt_10y,total_gain,0.0,norway
NOR_10Y,5,Block_Hiking,Hiking,block_cv,nor_govt_3y,total_gain,0.035819392651319504,norway
NOR_10Y,5,Block_Hiking,Hiking,block_cv,nor_govt_5y,total_gain,0.032993756234645844,norway
NOR_10Y,5,Block_Hiking,Hiking,block_cv,nor_i44_chg_1d,total_gain,0.038643620908260345,norway
NOR_10Y,5,Block_Hiking,Hiking,block_cv,nor_i44_level,total_gain,0.0,norway
NOR_10Y,5,Block_Hiking,Hiking,block_cv,nor_i44_mom_1m,total_gain,0.0,norway
NOR_10Y,5,Block_Hiking,Hiking,block_cv,nor_i44_mom_3m,total_gain,0.07326573133468628,norway
NOR_10Y,5,Block_Hiking,Hiking,block_cv,nor_i44_rvol_20d,total_gain,0.03018210455775261,norway
NOR_10Y,5,Block_Hiking,Hiking,block_cv,nor_kpi_yoy,total_gain,0.0,norway
NOR_10Y,5,Block_Hiking,Hiking,block_cv,nor_kpijae_yoy,total_gain,0.14815491437911987,norway
NOR_10Y,5,Block_Hiking,Hiking,block_cv,nor_nibor_nowa_spread,total_gain,0.0,norway
NOR_10Y,5,Block_Hiking,Hiking,block_cv,nor_nowa_level,total_gain,0.0,norway
NOR_10Y,5,Block_Hiking,Hiking,block_cv,nor_polrate_chg_1d,total_gain,0.0,norway
NOR_10Y,5,Block_Hiking,Hiking,block_cv,nor_polrate_days_since_chg,total_gain,0.0766259953379631,norway
NOR_10Y,5,Block_Hiking,Hiking,block_cv,nor_polrate_level,total_gain,0.0,norway
NOR_10Y,5,Block_Hiking,Hiking,block_cv,nor_rb_rate_chg,total_gain,0.0,norway
NOR_10Y,5,Block_Hiking,Hiking,block_cv,nor_rb_rate_level,total_gain,0.0,norway
NOR_10Y,5,Block_Hiking,Hiking,block_cv,nor_unemp,total_gain,0.0,norway
NOR_10Y,5,Block_Hiking,Hiking,block_cv,nor_usdnok_chg_1d,total_gain,0.0,norway
NOR_10Y,5,Block_Hiking,Hiking,block_cv,nor_usdnok_level,total_gain,0.13157930970191956,norway
NOR_10Y,5,Block_Hiking,Hiking,block_cv,nor_usdnok_mom_1m,total_gain,0.025329511612653732,norway
NOR_10Y,5,Block_Hiking,Hiking,block_cv,nor_usdnok_mom_3m,total_gain,0.7635102272033691,norway
NOR_10Y,5,Block_Hiking,Hiking,block_cv,nor_usdnok_rvol_20d,total_gain,0.0,norway
NOR_10Y,5,Block_Hiking,Hiking,block_cv,swap_govt_spread,total_gain,0.0,norway
NOR_10Y,5,Block_Hiking,Hiking,block_cv,xmpca_01,total_gain,0.0,cross_market
NOR_10Y,5,Block_Hiking,Hiking,block_cv,xmpca_02,total_gain,0.06634999811649323,cross_market
NOR_10Y,5,Block_Hiking,Hiking,block_cv,xmpca_03,total_gain,0.0,cross_market
NOR_10Y,5,Block_Hiking,Hiking,block_cv,xmpca_04,total_gain,0.0,cross_market
NOR_10Y,5,Block_Hiking,Hiking,block_cv,xmpca_05,total_gain,0.07325601577758789,cross_market
NOR_10Y,5,Block_Hiking,Hiking,block_cv,xmpca_06,total_gain,0.0,cross_market
NOR_10Y,5,Block_Hiking,Hiking,block_cv,xmpca_07,total_gain,0.0,cross_market
NOR_10Y,5,Block_Hiking,Hiking,block_cv,xmpca_08,total_gain,0.07105286419391632,cross_market
NOR_10Y,5,Block_Hiking,Hiking,block_cv,xmpca_09,total_gain,0.019975833594799042,cross_market
NOR_10Y,5,Block_Hiking,Hiking,block_cv,xmpca_10,total_gain,0.028296712785959244,cross_market
NOR_10Y,5,Block_Hiking,Hiking,block_cv,xmpca_11,total_gain,0.0,cross_market
NOR_10Y,5,Block_Hiking,Hiking,block_cv,xmpca_12,total_gain,0.0,cross_market
NOR_10Y,5,Block_Hiking,Hiking,block_cv,chg_lag1,total_cover,1399.0,momentum
NOR_10Y,5,Block_Hiking,Hiking,block_cv,chg_lag2,total_cover,14.0,momentum
NOR_10Y,5,Block_Hiking,Hiking,block_cv,chg_lag3,total_cover,65.0,momentum
NOR_10Y,5,Block_Hiking,Hiking,block_cv,chg_lag4,total_cover,0.0,momentum
NOR_10Y,5,Block_Hiking,Hiking,block_cv,chg_lag5,total_cover,0.0,momentum
NOR_10Y,5,Block_Hiking,Hiking,block_cv,carry_roll,total_cover,0.0,carry_roll
NOR_10Y,5,Block_Hiking,Hiking,block_cv,mom_63d,total_cover,0.0,momentum
NOR_10Y,5,Block_Hiking,Hiking,block_cv,mom_1m,total_cover,10187.0,momentum
NOR_10Y,5,Block_Hiking,Hiking,block_cv,mom_3m,total_cover,2916.0,momentum
NOR_10Y,5,Block_Hiking,Hiking,block_cv,mom_6m,total_cover,1821.0,momentum
NOR_10Y,5,Block_Hiking,Hiking,block_cv,mom_12m,total_cover,2720.0,momentum
NOR_10Y,5,Block_Hiking,Hiking,block_cv,dev_ma_3m,total_cover,53.0,curve
NOR_10Y,5,Block_Hiking,Hiking,block_cv,dev_ma_12m,total_cover,15133.0,curve
NOR_10Y,5,Block_Hiking,Hiking,block_cv,vol_20d,total_cover,4709.0,vol
NOR_10Y,5,Block_Hiking,Hiking,block_cv,vol_regime,total_cover,0.0,vol
NOR_10Y,5,Block_Hiking,Hiking,block_cv,vol_zscore,total_cover,20.0,vol
NOR_10Y,5,Block_Hiking,Hiking,block_cv,level_zscore,total_cover,6857.0,curve
NOR_10Y,5,Block_Hiking,Hiking,block_cv,slope_10_1,total_cover,5906.0,curve
NOR_10Y,5,Block_Hiking,Hiking,block_cv,slope_10_5,total_cover,0.0,curve
NOR_10Y,5,Block_Hiking,Hiking,block_cv,slope_5_1,total_cover,490.0,curve
NOR_10Y,5,Block_Hiking,Hiking,block_cv,sofr_mom_1m,total_cover,11642.0,macro
NOR_10Y,5,Block_Hiking,Hiking,block_cv,ibor_level,total_cover,0.0,macro
NOR_10Y,5,Block_Hiking,Hiking,block_cv,ibor_chg_1d,total_cover,7805.0,macro
NOR_10Y,5,Block_Hiking,Hiking,block_cv,ibor_mom_1m,total_cover,5610.0,macro
NOR_10Y,5,Block_Hiking,Hiking,block_cv,ibor_term_slope,total_cover,2024.0,macro
NOR_10Y,5,Block_Hiking,Hiking,block_cv,swap_ibor_basis,total_cover,37.0,curve
NOR_10Y,5,Block_Hiking,Hiking,block_cv,move_level,total_cover,0.0,vol
NOR_10Y,5,Block_Hiking,Hiking,block_cv,move_zscore,total_cover,96.0,vol
NOR_10Y,5,Block_Hiking,Hiking,block_cv,vix_level,total_cover,0.0,vol
NOR_10Y,5,Block_Hiking,Hiking,block_cv,vix_zscore,total_cover,0.0,vol
NOR_10Y,5,Block_Hiking,Hiking,block_cv,v2x_level,total_cover,54.0,vol
NOR_10Y,5,Block_Hiking,Hiking,block_cv,vxn_level,total_cover,48.0,vol
NOR_10Y,5,Block_Hiking,Hiking,block_cv,ovx_level,total_cover,1952.0,vol
NOR_10Y,5,Block_Hiking,Hiking,block_cv,gvz_level,total_cover,1971.0,vol
NOR_10Y,5,Block_Hiking,Hiking,block_cv,spx_mom_1m,total_cover,4856.0,macro
NOR_10Y,5,Block_Hiking,Hiking,block_cv,spx_mom_3m,total_cover,837.0,macro
NOR_10Y,5,Block_Hiking,Hiking,block_cv,sx5e_mom_1m,total_cover,2230.0,macro
NOR_10Y,5,Block_Hiking,Hiking,block_cv,sx5e_mom_3m,total_cover,0.0,macro
NOR_10Y,5,Block_Hiking,Hiking,block_cv,mxwo_mom_1m,total_cover,4211.0,macro
NOR_10Y,5,Block_Hiking,Hiking,block_cv,ndx_mom_1m,total_cover,0.0,macro
NOR_10Y,5,Block_Hiking,Hiking,block_cv,oil_mom_1m,total_cover,7547.0,macro
NOR_10Y,5,Block_Hiking,Hiking,block_cv,oil_mom_3m,total_cover,5773.0,macro
NOR_10Y,5,Block_Hiking,Hiking,block_cv,copper_mom_1m,total_cover,2112.0,macro
NOR_10Y,5,Block_Hiking,Hiking,block_cv,opec_prod,total_cover,0.0,macro
NOR_10Y,5,Block_Hiking,Hiking,block_cv,natgas_mom_1m,total_cover,0.0,macro
NOR_10Y,5,Block_Hiking,Hiking,block_cv,be5y_level,total_cover,0.0,macro
NOR_10Y,5,Block_Hiking,Hiking,block_cv,be10y_level,total_cover,0.0,macro
NOR_10Y,5,Block_Hiking,Hiking,block_cv,be_slope,total_cover,0.0,macro
NOR_10Y,5,Block_Hiking,Hiking,block_cv,be5y_chg_1m,total_cover,0.0,macro
NOR_10Y,5,Block_Hiking,Hiking,block_cv,ig_spread,total_cover,0.0,credit
NOR_10Y,5,Block_Hiking,Hiking,block_cv,hy_spread,total_cover,0.0,credit
NOR_10Y,5,Block_Hiking,Hiking,block_cv,ig_chg_1m,total_cover,0.0,credit
NOR_10Y,5,Block_Hiking,Hiking,block_cv,hy_chg_1m,total_cover,0.0,credit
NOR_10Y,5,Block_Hiking,Hiking,block_cv,cpi_yoy,total_cover,853.0,macro
NOR_10Y,5,Block_Hiking,Hiking,block_cv,pce_core_chg,total_cover,0.0,macro
NOR_10Y,5,Block_Hiking,Hiking,block_cv,nfp_change,total_cover,0.0,macro
NOR_10Y,5,Block_Hiking,Hiking,block_cv,pmi_us,total_cover,0.0,macro
NOR_10Y,5,Block_Hiking,Hiking,block_cv,pmi_eur,total_cover,0.0,macro
NOR_10Y,5,Block_Hiking,Hiking,block_cv,unemp_eur,total_cover,0.0,macro
NOR_10Y,5,Block_Hiking,Hiking,block_cv,cpi_nsa_level,total_cover,0.0,macro
NOR_10Y,5,Block_Hiking,Hiking,block_cv,pce_core_level,total_cover,0.0,macro
NOR_10Y,5,Block_Hiking,Hiking,block_cv,eur_3m,total_cover,0.0,macro
NOR_10Y,5,Block_Hiking,Hiking,block_cv,eur_1w,total_cover,0.0,macro
NOR_10Y,5,Block_Hiking,Hiking,block_cv,nor_ibor_1m,total_cover,1913.0,norway
NOR_10Y,5,Block_Hiking,Hiking,block_cv,nor_ibor_6m,total_cover,0.0,norway
NOR_10Y,5,Block_Hiking,Hiking,block_cv,nor_ecb_dfr_chg,total_cover,0.0,norway
NOR_10Y,5,Block_Hiking,Hiking,block_cv,nor_ecb_dfr_level,total_cover,0.0,norway
NOR_10Y,5,Block_Hiking,Hiking,block_cv,nor_eurnok_chg_1d,total_cover,1873.0,norway
NOR_10Y,5,Block_Hiking,Hiking,block_cv,nor_eurnok_level,total_cover,0.0,norway
NOR_10Y,5,Block_Hiking,Hiking,block_cv,nor_eurnok_mom_1m,total_cover,3834.0,norway
NOR_10Y,5,Block_Hiking,Hiking,block_cv,nor_eurnok_mom_3m,total_cover,1947.0,norway
NOR_10Y,5,Block_Hiking,Hiking,block_cv,nor_eurnok_rvol_20d,total_cover,3672.0,norway
NOR_10Y,5,Block_Hiking,Hiking,block_cv,nor_govt_10y,total_cover,0.0,norway
NOR_10Y,5,Block_Hiking,Hiking,block_cv,nor_govt_3y,total_cover,151.0,norway
NOR_10Y,5,Block_Hiking,Hiking,block_cv,nor_govt_5y,total_cover,1772.0,norway
NOR_10Y,5,Block_Hiking,Hiking,block_cv,nor_i44_chg_1d,total_cover,33.0,norway
NOR_10Y,5,Block_Hiking,Hiking,block_cv,nor_i44_level,total_cover,0.0,norway
NOR_10Y,5,Block_Hiking,Hiking,block_cv,nor_i44_mom_1m,total_cover,0.0,norway
NOR_10Y,5,Block_Hiking,Hiking,block_cv,nor_i44_mom_3m,total_cover,1942.0,norway
NOR_10Y,5,Block_Hiking,Hiking,block_cv,nor_i44_rvol_20d,total_cover,15.0,norway
NOR_10Y,5,Block_Hiking,Hiking,block_cv,nor_kpi_yoy,total_cover,0.0,norway
NOR_10Y,5,Block_Hiking,Hiking,block_cv,nor_kpijae_yoy,total_cover,547.0,norway
NOR_10Y,5,Block_Hiking,Hiking,block_cv,nor_nibor_nowa_spread,total_cover,0.0,norway
NOR_10Y,5,Block_Hiking,Hiking,block_cv,nor_nowa_level,total_cover,0.0,norway
NOR_10Y,5,Block_Hiking,Hiking,block_cv,nor_polrate_chg_1d,total_cover,0.0,norway
NOR_10Y,5,Block_Hiking,Hiking,block_cv,nor_polrate_days_since_chg,total_cover,65.0,norway
NOR_10Y,5,Block_Hiking,Hiking,block_cv,nor_polrate_level,total_cover,0.0,norway
NOR_10Y,5,Block_Hiking,Hiking,block_cv,nor_rb_rate_chg,total_cover,0.0,norway
NOR_10Y,5,Block_Hiking,Hiking,block_cv,nor_rb_rate_level,total_cover,0.0,norway
NOR_10Y,5,Block_Hiking,Hiking,block_cv,nor_unemp,total_cover,0.0,norway
NOR_10Y,5,Block_Hiking,Hiking,block_cv,nor_usdnok_chg_1d,total_cover,0.0,norway
NOR_10Y,5,Block_Hiking,Hiking,block_cv,nor_usdnok_level,total_cover,996.0,norway
NOR_10Y,5,Block_Hiking,Hiking,block_cv,nor_usdnok_mom_1m,total_cover,32.0,norway
NOR_10Y,5,Block_Hiking,Hiking,block_cv,nor_usdnok_mom_3m,total_cover,12357.0,norway
NOR_10Y,5,Block_Hiking,Hiking,block_cv,nor_usdnok_rvol_20d,total_cover,0.0,norway
NOR_10Y,5,Block_Hiking,Hiking,block_cv,swap_govt_spread,total_cover,0.0,norway
NOR_10Y,5,Block_Hiking,Hiking,block_cv,xmpca_01,total_cover,0.0,cross_market
NOR_10Y,5,Block_Hiking,Hiking,block_cv,xmpca_02,total_cover,28.0,cross_market
NOR_10Y,5,Block_Hiking,Hiking,block_cv,xmpca_03,total_cover,0.0,cross_market
NOR_10Y,5,Block_Hiking,Hiking,block_cv,xmpca_04,total_cover,0.0,cross_market
NOR_10Y,5,Block_Hiking,Hiking,block_cv,xmpca_05,total_cover,26.0,cross_market
NOR_10Y,5,Block_Hiking,Hiking,block_cv,xmpca_06,total_cover,0.0,cross_market
NOR_10Y,5,Block_Hiking,Hiking,block_cv,xmpca_07,total_cover,0.0,cross_market
NOR_10Y,5,Block_Hiking,Hiking,block_cv,xmpca_08,total_cover,15.0,cross_market
NOR_10Y,5,Block_Hiking,Hiking,block_cv,xmpca_09,total_cover,15.0,cross_market
NOR_10Y,5,Block_Hiking,Hiking,block_cv,xmpca_10,total_cover,14.0,cross_market
NOR_10Y,5,Block_Hiking,Hiking,block_cv,xmpca_11,total_cover,0.0,cross_market
NOR_10Y,5,Block_Hiking,Hiking,block_cv,xmpca_12,total_cover,0.0,cross_market
NOR_10Y,5,Block_Hiking,Hiking,block_cv,chg_lag1,shap_mean_abs,0.00019292693468742073,momentum
NOR_10Y,5,Block_Hiking,Hiking,block_cv,chg_lag2,shap_mean_abs,2.142764424206689e-05,momentum
NOR_10Y,5,Block_Hiking,Hiking,block_cv,chg_lag3,shap_mean_abs,3.520042446325533e-05,momentum
NOR_10Y,5,Block_Hiking,Hiking,block_cv,chg_lag4,shap_mean_abs,0.0,momentum
NOR_10Y,5,Block_Hiking,Hiking,block_cv,chg_lag5,shap_mean_abs,0.0,momentum
NOR_10Y,5,Block_Hiking,Hiking,block_cv,carry_roll,shap_mean_abs,0.0,carry_roll
NOR_10Y,5,Block_Hiking,Hiking,block_cv,mom_63d,shap_mean_abs,0.0,momentum
NOR_10Y,5,Block_Hiking,Hiking,block_cv,mom_1m,shap_mean_abs,0.0016986996633931994,momentum
NOR_10Y,5,Block_Hiking,Hiking,block_cv,mom_3m,shap_mean_abs,0.0005613259272649884,momentum
NOR_10Y,5,Block_Hiking,Hiking,block_cv,mom_6m,shap_mean_abs,0.0001986390125239268,momentum
NOR_10Y,5,Block_Hiking,Hiking,block_cv,mom_12m,shap_mean_abs,5.3793683036928996e-05,momentum
NOR_10Y,5,Block_Hiking,Hiking,block_cv,dev_ma_3m,shap_mean_abs,7.006457599345595e-05,curve
NOR_10Y,5,Block_Hiking,Hiking,block_cv,dev_ma_12m,shap_mean_abs,0.0005440046079456806,curve
NOR_10Y,5,Block_Hiking,Hiking,block_cv,vol_20d,shap_mean_abs,0.0010139375226572156,vol
NOR_10Y,5,Block_Hiking,Hiking,block_cv,vol_regime,shap_mean_abs,0.0,vol
NOR_10Y,5,Block_Hiking,Hiking,block_cv,vol_zscore,shap_mean_abs,2.1625926819979213e-05,vol
NOR_10Y,5,Block_Hiking,Hiking,block_cv,level_zscore,shap_mean_abs,0.0005685453652404249,curve
NOR_10Y,5,Block_Hiking,Hiking,block_cv,slope_10_1,shap_mean_abs,0.001286999206058681,curve
NOR_10Y,5,Block_Hiking,Hiking,block_cv,slope_10_5,shap_mean_abs,0.0,curve
NOR_10Y,5,Block_Hiking,Hiking,block_cv,slope_5_1,shap_mean_abs,0.00044898566557094455,curve
NOR_10Y,5,Block_Hiking,Hiking,block_cv,sofr_mom_1m,shap_mean_abs,0.00348529196344316,macro
NOR_10Y,5,Block_Hiking,Hiking,block_cv,ibor_level,shap_mean_abs,0.0,macro
NOR_10Y,5,Block_Hiking,Hiking,block_cv,ibor_chg_1d,shap_mean_abs,0.0002832215395756066,macro
NOR_10Y,5,Block_Hiking,Hiking,block_cv,ibor_mom_1m,shap_mean_abs,1.6542029698030092e-05,macro
NOR_10Y,5,Block_Hiking,Hiking,block_cv,ibor_term_slope,shap_mean_abs,0.0005012993351556361,macro
NOR_10Y,5,Block_Hiking,Hiking,block_cv,swap_ibor_basis,shap_mean_abs,5.336634785635397e-05,curve
NOR_10Y,5,Block_Hiking,Hiking,block_cv,move_level,shap_mean_abs,0.0,vol
NOR_10Y,5,Block_Hiking,Hiking,block_cv,move_zscore,shap_mean_abs,9.567419328959659e-05,vol
NOR_10Y,5,Block_Hiking,Hiking,block_cv,vix_level,shap_mean_abs,0.0,vol
NOR_10Y,5,Block_Hiking,Hiking,block_cv,vix_zscore,shap_mean_abs,0.0,vol
NOR_10Y,5,Block_Hiking,Hiking,block_cv,v2x_level,shap_mean_abs,3.869376450893469e-05,vol
NOR_10Y,5,Block_Hiking,Hiking,block_cv,vxn_level,shap_mean_abs,6.854802632005885e-05,vol
NOR_10Y,5,Block_Hiking,Hiking,block_cv,ovx_level,shap_mean_abs,0.0004568063886836171,vol
NOR_10Y,5,Block_Hiking,Hiking,block_cv,gvz_level,shap_mean_abs,0.00014143915905151516,vol
NOR_10Y,5,Block_Hiking,Hiking,block_cv,spx_mom_1m,shap_mean_abs,0.0010630395263433456,macro
NOR_10Y,5,Block_Hiking,Hiking,block_cv,spx_mom_3m,shap_mean_abs,2.6773317586048506e-05,macro
NOR_10Y,5,Block_Hiking,Hiking,block_cv,sx5e_mom_1m,shap_mean_abs,0.0006271366728469729,macro
NOR_10Y,5,Block_Hiking,Hiking,block_cv,sx5e_mom_3m,shap_mean_abs,0.0,macro
NOR_10Y,5,Block_Hiking,Hiking,block_cv,mxwo_mom_1m,shap_mean_abs,0.0001904196251416579,macro
NOR_10Y,5,Block_Hiking,Hiking,block_cv,ndx_mom_1m,shap_mean_abs,0.0,macro
NOR_10Y,5,Block_Hiking,Hiking,block_cv,oil_mom_1m,shap_mean_abs,0.0015150728868320584,macro
NOR_10Y,5,Block_Hiking,Hiking,block_cv,oil_mom_3m,shap_mean_abs,0.0017145993188023567,macro
NOR_10Y,5,Block_Hiking,Hiking,block_cv,copper_mom_1m,shap_mean_abs,0.0001543613470857963,macro
NOR_10Y,5,Block_Hiking,Hiking,block_cv,opec_prod,shap_mean_abs,0.0,macro
NOR_10Y,5,Block_Hiking,Hiking,block_cv,natgas_mom_1m,shap_mean_abs,0.0,macro
NOR_10Y,5,Block_Hiking,Hiking,block_cv,be5y_level,shap_mean_abs,0.0,macro
NOR_10Y,5,Block_Hiking,Hiking,block_cv,be10y_level,shap_mean_abs,0.0,macro
NOR_10Y,5,Block_Hiking,Hiking,block_cv,be_slope,shap_mean_abs,0.0,macro
NOR_10Y,5,Block_Hiking,Hiking,block_cv,be5y_chg_1m,shap_mean_abs,0.0,macro
NOR_10Y,5,Block_Hiking,Hiking,block_cv,ig_spread,shap_mean_abs,0.0,credit
NOR_10Y,5,Block_Hiking,Hiking,block_cv,hy_spread,shap_mean_abs,0.0,credit
NOR_10Y,5,Block_Hiking,Hiking,block_cv,ig_chg_1m,shap_mean_abs,0.0,credit
NOR_10Y,5,Block_Hiking,Hiking,block_cv,hy_chg_1m,shap_mean_abs,0.0,credit
NOR_10Y,5,Block_Hiking,Hiking,block_cv,cpi_yoy,shap_mean_abs,0.0005013998015783727,macro
NOR_10Y,5,Block_Hiking,Hiking,block_cv,pce_core_chg,shap_mean_abs,0.0,macro
NOR_10Y,5,Block_Hiking,Hiking,block_cv,nfp_change,shap_mean_abs,0.0,macro
NOR_10Y,5,Block_Hiking,Hiking,block_cv,pmi_us,shap_mean_abs,0.0,macro
NOR_10Y,5,Block_Hiking,Hiking,block_cv,pmi_eur,shap_mean_abs,0.0,macro
NOR_10Y,5,Block_Hiking,Hiking,block_cv,unemp_eur,shap_mean_abs,0.0,macro
NOR_10Y,5,Block_Hiking,Hiking,block_cv,cpi_nsa_level,shap_mean_abs,0.0,macro
NOR_10Y,5,Block_Hiking,Hiking,block_cv,pce_core_level,shap_mean_abs,0.0,macro
NOR_10Y,5,Block_Hiking,Hiking,block_cv,eur_3m,shap_mean_abs,0.0,macro
NOR_10Y,5,Block_Hiking,Hiking,block_cv,eur_1w,shap_mean_abs,0.0,macro
NOR_10Y,5,Block_Hiking,Hiking,block_cv,nor_ibor_1m,shap_mean_abs,4.542415263131261e-05,norway
NOR_10Y,5,Block_Hiking,Hiking,block_cv,nor_ibor_6m,shap_mean_abs,0.0,norway
NOR_10Y,5,Block_Hiking,Hiking,block_cv,nor_ecb_dfr_chg,shap_mean_abs,0.0,norway
NOR_10Y,5,Block_Hiking,Hiking,block_cv,nor_ecb_dfr_level,shap_mean_abs,0.0,norway
NOR_10Y,5,Block_Hiking,Hiking,block_cv,nor_eurnok_chg_1d,shap_mean_abs,3.589335028664209e-05,norway
NOR_10Y,5,Block_Hiking,Hiking,block_cv,nor_eurnok_level,shap_mean_abs,0.0,norway
NOR_10Y,5,Block_Hiking,Hiking,block_cv,nor_eurnok_mom_1m,shap_mean_abs,0.0002721229684539139,norway
NOR_10Y,5,Block_Hiking,Hiking,block_cv,nor_eurnok_mom_3m,shap_mean_abs,0.00039689961704425514,norway
NOR_10Y,5,Block_Hiking,Hiking,block_cv,nor_eurnok_rvol_20d,shap_mean_abs,0.00044638957479037344,norway
NOR_10Y,5,Block_Hiking,Hiking,block_cv,nor_govt_10y,shap_mean_abs,0.0,norway
NOR_10Y,5,Block_Hiking,Hiking,block_cv,nor_govt_3y,shap_mean_abs,0.0007163521368056536,norway
NOR_10Y,5,Block_Hiking,Hiking,block_cv,nor_govt_5y,shap_mean_abs,0.0043458035215735435,norway
NOR_10Y,5,Block_Hiking,Hiking,block_cv,nor_i44_chg_1d,shap_mean_abs,3.202671359758824e-05,norway
NOR_10Y,5,Block_Hiking,Hiking,block_cv,nor_i44_level,shap_mean_abs,0.0,norway
NOR_10Y,5,Block_Hiking,Hiking,block_cv,nor_i44_mom_1m,shap_mean_abs,0.0,norway
NOR_10Y,5,Block_Hiking,Hiking,block_cv,nor_i44_mom_3m,shap_mean_abs,0.00046206789556890726,norway
NOR_10Y,5,Block_Hiking,Hiking,block_cv,nor_i44_rvol_20d,shap_mean_abs,1.2567804333230015e-05,norway
NOR_10Y,5,Block_Hiking,Hiking,block_cv,nor_kpi_yoy,shap_mean_abs,0.0,norway
NOR_10Y,5,Block_Hiking,Hiking,block_cv,nor_kpijae_yoy,shap_mean_abs,0.00041059241630136967,norway
NOR_10Y,5,Block_Hiking,Hiking,block_cv,nor_nibor_nowa_spread,shap_mean_abs,0.0,norway
NOR_10Y,5,Block_Hiking,Hiking,block_cv,nor_nowa_level,shap_mean_abs,0.0,norway
NOR_10Y,5,Block_Hiking,Hiking,block_cv,nor_polrate_chg_1d,shap_mean_abs,0.0,norway
NOR_10Y,5,Block_Hiking,Hiking,block_cv,nor_polrate_days_since_chg,shap_mean_abs,6.406259490177035e-05,norway
NOR_10Y,5,Block_Hiking,Hiking,block_cv,nor_polrate_level,shap_mean_abs,0.0,norway
NOR_10Y,5,Block_Hiking,Hiking,block_cv,nor_rb_rate_chg,shap_mean_abs,0.0,norway
NOR_10Y,5,Block_Hiking,Hiking,block_cv,nor_rb_rate_level,shap_mean_abs,0.0,norway
NOR_10Y,5,Block_Hiking,Hiking,block_cv,nor_unemp,shap_mean_abs,0.0,norway
NOR_10Y,5,Block_Hiking,Hiking,block_cv,nor_usdnok_chg_1d,shap_mean_abs,0.0,norway
NOR_10Y,5,Block_Hiking,Hiking,block_cv,nor_usdnok_level,shap_mean_abs,0.0003578452451620251,norway
NOR_10Y,5,Block_Hiking,Hiking,block_cv,nor_usdnok_mom_1m,shap_mean_abs,7.192048360593617e-05,norway
NOR_10Y,5,Block_Hiking,Hiking,block_cv,nor_usdnok_mom_3m,shap_mean_abs,0.0009342364501208067,norway
NOR_10Y,5,Block_Hiking,Hiking,block_cv,nor_usdnok_rvol_20d,shap_mean_abs,0.0,norway
NOR_10Y,5,Block_Hiking,Hiking,block_cv,swap_govt_spread,shap_mean_abs,0.0,norway
NOR_10Y,5,Block_Hiking,Hiking,block_cv,xmpca_01,shap_mean_abs,0.0,cross_market
NOR_10Y,5,Block_Hiking,Hiking,block_cv,xmpca_02,shap_mean_abs,3.280963210272603e-05,cross_market
NOR_10Y,5,Block_Hiking,Hiking,block_cv,xmpca_03,shap_mean_abs,0.0,cross_market
NOR_10Y,5,Block_Hiking,Hiking,block_cv,xmpca_04,shap_mean_abs,0.0,cross_market
NOR_10Y,5,Block_Hiking,Hiking,block_cv,xmpca_05,shap_mean_abs,4.1492752643534914e-05,cross_market
NOR_10Y,5,Block_Hiking,Hiking,block_cv,xmpca_06,shap_mean_abs,0.0,cross_market
NOR_10Y,5,Block_Hiking,Hiking,block_cv,xmpca_07,shap_mean_abs,0.0,cross_market
NOR_10Y,5,Block_Hiking,Hiking,block_cv,xmpca_08,shap_mean_abs,3.122764974250458e-05,cross_market
NOR_10Y,5,Block_Hiking,Hiking,block_cv,xmpca_09,shap_mean_abs,3.41585764545016e-05,cross_market
NOR_10Y,5,Block_Hiking,Hiking,block_cv,xmpca_10,shap_mean_abs,1.709910975478124e-05,cross_market
NOR_10Y,5,Block_Hiking,Hiking,block_cv,xmpca_11,shap_mean_abs,0.0,cross_market
NOR_10Y,5,Block_Hiking,Hiking,block_cv,xmpca_12,shap_mean_abs,0.0,cross_market
NOR_15Y,5,Block_GFC,GFC,block_cv,chg_lag1,gain,0.08048541843891144,momentum
NOR_15Y,5,Block_GFC,GFC,block_cv,chg_lag2,gain,0.0,momentum
NOR_15Y,5,Block_GFC,GFC,block_cv,chg_lag3,gain,0.0,momentum
NOR_15Y,5,Block_GFC,GFC,block_cv,chg_lag4,gain,0.0,momentum
NOR_15Y,5,Block_GFC,GFC,block_cv,chg_lag5,gain,0.0,momentum
NOR_15Y,5,Block_GFC,GFC,block_cv,carry_roll,gain,0.08598991483449936,carry_roll
NOR_15Y,5,Block_GFC,GFC,block_cv,mom_63d,gain,0.0,momentum
NOR_15Y,5,Block_GFC,GFC,block_cv,mom_1m,gain,0.05477064102888107,momentum
NOR_15Y,5,Block_GFC,GFC,block_cv,mom_3m,gain,0.08408543467521667,momentum
NOR_15Y,5,Block_GFC,GFC,block_cv,mom_6m,gain,0.0,momentum
NOR_15Y,5,Block_GFC,GFC,block_cv,mom_12m,gain,0.0,momentum
NOR_15Y,5,Block_GFC,GFC,block_cv,dev_ma_3m,gain,0.06726805865764618,curve
NOR_15Y,5,Block_GFC,GFC,block_cv,dev_ma_12m,gain,0.01866823434829712,curve
NOR_15Y,5,Block_GFC,GFC,block_cv,vol_20d,gain,0.0,vol
NOR_15Y,5,Block_GFC,GFC,block_cv,vol_regime,gain,0.0,vol
NOR_15Y,5,Block_GFC,GFC,block_cv,vol_zscore,gain,0.0,vol
NOR_15Y,5,Block_GFC,GFC,block_cv,level_zscore,gain,0.0,curve
NOR_15Y,5,Block_GFC,GFC,block_cv,slope_10_1,gain,0.0,curve
NOR_15Y,5,Block_GFC,GFC,block_cv,slope_10_5,gain,0.08922748267650604,curve
NOR_15Y,5,Block_GFC,GFC,block_cv,slope_5_1,gain,0.08860228955745697,curve
NOR_15Y,5,Block_GFC,GFC,block_cv,sofr_mom_1m,gain,0.08377718925476074,macro
NOR_15Y,5,Block_GFC,GFC,block_cv,ibor_level,gain,0.06338296830654144,macro
NOR_15Y,5,Block_GFC,GFC,block_cv,ibor_chg_1d,gain,0.0,macro
NOR_15Y,5,Block_GFC,GFC,block_cv,ibor_mom_1m,gain,0.054439373314380646,macro
NOR_15Y,5,Block_GFC,GFC,block_cv,ibor_term_slope,gain,0.05378827452659607,macro
NOR_15Y,5,Block_GFC,GFC,block_cv,swap_ibor_basis,gain,0.0,curve
NOR_15Y,5,Block_GFC,GFC,block_cv,move_level,gain,0.1074913740158081,vol
NOR_15Y,5,Block_GFC,GFC,block_cv,move_zscore,gain,0.12320040911436081,vol
NOR_15Y,5,Block_GFC,GFC,block_cv,vix_level,gain,0.04308684170246124,vol
NOR_15Y,5,Block_GFC,GFC,block_cv,vix_zscore,gain,0.0,vol
NOR_15Y,5,Block_GFC,GFC,block_cv,v2x_level,gain,0.0,vol
NOR_15Y,5,Block_GFC,GFC,block_cv,vxn_level,gain,0.0,vol
NOR_15Y,5,Block_GFC,GFC,block_cv,ovx_level,gain,0.0,vol
NOR_15Y,5,Block_GFC,GFC,block_cv,gvz_level,gain,0.0,vol
NOR_15Y,5,Block_GFC,GFC,block_cv,spx_mom_1m,gain,0.0,macro
NOR_15Y,5,Block_GFC,GFC,block_cv,spx_mom_3m,gain,0.0,macro
NOR_15Y,5,Block_GFC,GFC,block_cv,sx5e_mom_1m,gain,0.0,macro
NOR_15Y,5,Block_GFC,GFC,block_cv,sx5e_mom_3m,gain,0.0,macro
NOR_15Y,5,Block_GFC,GFC,block_cv,mxwo_mom_1m,gain,0.0,macro
NOR_15Y,5,Block_GFC,GFC,block_cv,ndx_mom_1m,gain,0.049996063113212585,macro
NOR_15Y,5,Block_GFC,GFC,block_cv,oil_mom_1m,gain,0.07471220940351486,macro
NOR_15Y,5,Block_GFC,GFC,block_cv,oil_mom_3m,gain,0.0,macro
NOR_15Y,5,Block_GFC,GFC,block_cv,copper_mom_1m,gain,0.0724930539727211,macro
NOR_15Y,5,Block_GFC,GFC,block_cv,opec_prod,gain,0.0,macro
NOR_15Y,5,Block_GFC,GFC,block_cv,natgas_mom_1m,gain,0.05782896280288696,macro
NOR_15Y,5,Block_GFC,GFC,block_cv,be5y_level,gain,0.0,macro
NOR_15Y,5,Block_GFC,GFC,block_cv,be10y_level,gain,0.0,macro
NOR_15Y,5,Block_GFC,GFC,block_cv,be_slope,gain,0.0,macro
NOR_15Y,5,Block_GFC,GFC,block_cv,be5y_chg_1m,gain,0.0,macro
NOR_15Y,5,Block_GFC,GFC,block_cv,ig_spread,gain,0.0,credit
NOR_15Y,5,Block_GFC,GFC,block_cv,hy_spread,gain,0.0,credit
NOR_15Y,5,Block_GFC,GFC,block_cv,ig_chg_1m,gain,0.0,credit
NOR_15Y,5,Block_GFC,GFC,block_cv,hy_chg_1m,gain,0.0,credit
NOR_15Y,5,Block_GFC,GFC,block_cv,cpi_yoy,gain,0.0,macro
NOR_15Y,5,Block_GFC,GFC,block_cv,pce_core_chg,gain,0.04224264621734619,macro
NOR_15Y,5,Block_GFC,GFC,block_cv,nfp_change,gain,0.0,macro
NOR_15Y,5,Block_GFC,GFC,block_cv,pmi_us,gain,0.0,macro
NOR_15Y,5,Block_GFC,GFC,block_cv,pmi_eur,gain,0.0920872613787651,macro
NOR_15Y,5,Block_GFC,GFC,block_cv,unemp_eur,gain,0.0,macro
NOR_15Y,5,Block_GFC,GFC,block_cv,cpi_nsa_level,gain,0.0,macro
NOR_15Y,5,Block_GFC,GFC,block_cv,pce_core_level,gain,0.0,macro
NOR_15Y,5,Block_GFC,GFC,block_cv,eur_3m,gain,0.0,macro
NOR_15Y,5,Block_GFC,GFC,block_cv,eur_1w,gain,0.0,macro
NOR_15Y,5,Block_GFC,GFC,block_cv,nor_ibor_1m,gain,0.0,norway
NOR_15Y,5,Block_GFC,GFC,block_cv,nor_ibor_6m,gain,0.0,norway
NOR_15Y,5,Block_GFC,GFC,block_cv,nor_ecb_dfr_chg,gain,0.0,norway
NOR_15Y,5,Block_GFC,GFC,block_cv,nor_ecb_dfr_level,gain,0.0,norway
NOR_15Y,5,Block_GFC,GFC,block_cv,nor_eurnok_chg_1d,gain,0.0,norway
NOR_15Y,5,Block_GFC,GFC,block_cv,nor_eurnok_level,gain,0.0,norway
NOR_15Y,5,Block_GFC,GFC,block_cv,nor_eurnok_mom_1m,gain,0.0,norway
NOR_15Y,5,Block_GFC,GFC,block_cv,nor_eurnok_mom_3m,gain,0.09536227583885193,norway
NOR_15Y,5,Block_GFC,GFC,block_cv,nor_eurnok_rvol_20d,gain,0.1128540113568306,norway
NOR_15Y,5,Block_GFC,GFC,block_cv,nor_govt_10y,gain,0.0,norway
NOR_15Y,5,Block_GFC,GFC,block_cv,nor_govt_3y,gain,0.0,norway
NOR_15Y,5,Block_GFC,GFC,block_cv,nor_govt_5y,gain,0.03874577581882477,norway
NOR_15Y,5,Block_GFC,GFC,block_cv,nor_i44_chg_1d,gain,0.06205137073993683,norway
NOR_15Y,5,Block_GFC,GFC,block_cv,nor_i44_level,gain,0.0,norway
NOR_15Y,5,Block_GFC,GFC,block_cv,nor_i44_mom_1m,gain,0.0,norway
NOR_15Y,5,Block_GFC,GFC,block_cv,nor_i44_mom_3m,gain,0.07752227783203125,norway
NOR_15Y,5,Block_GFC,GFC,block_cv,nor_i44_rvol_20d,gain,0.08791104704141617,norway
NOR_15Y,5,Block_GFC,GFC,block_cv,nor_kpi_yoy,gain,0.07817647606134415,norway
NOR_15Y,5,Block_GFC,GFC,block_cv,nor_kpijae_yoy,gain,0.0,norway
NOR_15Y,5,Block_GFC,GFC,block_cv,nor_nibor_nowa_spread,gain,0.0,norway
NOR_15Y,5,Block_GFC,GFC,block_cv,nor_nowa_level,gain,0.0,norway
NOR_15Y,5,Block_GFC,GFC,block_cv,nor_polrate_chg_1d,gain,0.0,norway
NOR_15Y,5,Block_GFC,GFC,block_cv,nor_polrate_days_since_chg,gain,0.14251923561096191,norway
NOR_15Y,5,Block_GFC,GFC,block_cv,nor_polrate_level,gain,0.0,norway
NOR_15Y,5,Block_GFC,GFC,block_cv,nor_rb_rate_chg,gain,0.0,norway
NOR_15Y,5,Block_GFC,GFC,block_cv,nor_rb_rate_level,gain,0.0,norway
NOR_15Y,5,Block_GFC,GFC,block_cv,nor_unemp,gain,0.07125784456729889,norway
NOR_15Y,5,Block_GFC,GFC,block_cv,nor_usdnok_chg_1d,gain,0.0,norway
NOR_15Y,5,Block_GFC,GFC,block_cv,nor_usdnok_level,gain,0.0,norway
NOR_15Y,5,Block_GFC,GFC,block_cv,nor_usdnok_mom_1m,gain,0.018318157643079758,norway
NOR_15Y,5,Block_GFC,GFC,block_cv,nor_usdnok_mom_3m,gain,0.08246660977602005,norway
NOR_15Y,5,Block_GFC,GFC,block_cv,nor_usdnok_rvol_20d,gain,0.04412379115819931,norway
NOR_15Y,5,Block_GFC,GFC,block_cv,swap_govt_spread,gain,0.0,norway
NOR_15Y,5,Block_GFC,GFC,block_cv,xmpca_01,gain,0.0702437311410904,cross_market
NOR_15Y,5,Block_GFC,GFC,block_cv,xmpca_02,gain,0.042823031544685364,cross_market
NOR_15Y,5,Block_GFC,GFC,block_cv,xmpca_03,gain,0.0,cross_market
NOR_15Y,5,Block_GFC,GFC,block_cv,xmpca_04,gain,0.040458373725414276,cross_market
NOR_15Y,5,Block_GFC,GFC,block_cv,xmpca_05,gain,0.0,cross_market
NOR_15Y,5,Block_GFC,GFC,block_cv,xmpca_06,gain,0.05681656301021576,cross_market
NOR_15Y,5,Block_GFC,GFC,block_cv,xmpca_07,gain,0.019402025267481804,cross_market
NOR_15Y,5,Block_GFC,GFC,block_cv,xmpca_08,gain,0.053276240825653076,cross_market
NOR_15Y,5,Block_GFC,GFC,block_cv,xmpca_09,gain,0.0,cross_market
NOR_15Y,5,Block_GFC,GFC,block_cv,xmpca_10,gain,0.028487585484981537,cross_market
NOR_15Y,5,Block_GFC,GFC,block_cv,xmpca_11,gain,0.08927693963050842,cross_market
NOR_15Y,5,Block_GFC,GFC,block_cv,xmpca_12,gain,0.0,cross_market
NOR_15Y,5,Block_GFC,GFC,block_cv,chg_lag1,weight,1.0,momentum
NOR_15Y,5,Block_GFC,GFC,block_cv,chg_lag2,weight,0.0,momentum
NOR_15Y,5,Block_GFC,GFC,block_cv,chg_lag3,weight,0.0,momentum
NOR_15Y,5,Block_GFC,GFC,block_cv,chg_lag4,weight,0.0,momentum
NOR_15Y,5,Block_GFC,GFC,block_cv,chg_lag5,weight,0.0,momentum
NOR_15Y,5,Block_GFC,GFC,block_cv,carry_roll,weight,1.0,carry_roll
NOR_15Y,5,Block_GFC,GFC,block_cv,mom_63d,weight,0.0,momentum
NOR_15Y,5,Block_GFC,GFC,block_cv,mom_1m,weight,1.0,momentum
NOR_15Y,5,Block_GFC,GFC,block_cv,mom_3m,weight,1.0,momentum
NOR_15Y,5,Block_GFC,GFC,block_cv,mom_6m,weight,0.0,momentum
NOR_15Y,5,Block_GFC,GFC,block_cv,mom_12m,weight,0.0,momentum
NOR_15Y,5,Block_GFC,GFC,block_cv,dev_ma_3m,weight,1.0,curve
NOR_15Y,5,Block_GFC,GFC,block_cv,dev_ma_12m,weight,1.0,curve
NOR_15Y,5,Block_GFC,GFC,block_cv,vol_20d,weight,0.0,vol
NOR_15Y,5,Block_GFC,GFC,block_cv,vol_regime,weight,0.0,vol
NOR_15Y,5,Block_GFC,GFC,block_cv,vol_zscore,weight,0.0,vol
NOR_15Y,5,Block_GFC,GFC,block_cv,level_zscore,weight,0.0,curve
NOR_15Y,5,Block_GFC,GFC,block_cv,slope_10_1,weight,0.0,curve
NOR_15Y,5,Block_GFC,GFC,block_cv,slope_10_5,weight,2.0,curve
NOR_15Y,5,Block_GFC,GFC,block_cv,slope_5_1,weight,2.0,curve
NOR_15Y,5,Block_GFC,GFC,block_cv,sofr_mom_1m,weight,2.0,macro
NOR_15Y,5,Block_GFC,GFC,block_cv,ibor_level,weight,4.0,macro
NOR_15Y,5,Block_GFC,GFC,block_cv,ibor_chg_1d,weight,0.0,macro
NOR_15Y,5,Block_GFC,GFC,block_cv,ibor_mom_1m,weight,1.0,macro
NOR_15Y,5,Block_GFC,GFC,block_cv,ibor_term_slope,weight,3.0,macro
NOR_15Y,5,Block_GFC,GFC,block_cv,swap_ibor_basis,weight,0.0,curve
NOR_15Y,5,Block_GFC,GFC,block_cv,move_level,weight,2.0,vol
NOR_15Y,5,Block_GFC,GFC,block_cv,move_zscore,weight,1.0,vol
NOR_15Y,5,Block_GFC,GFC,block_cv,vix_level,weight,1.0,vol
NOR_15Y,5,Block_GFC,GFC,block_cv,vix_zscore,weight,0.0,vol
NOR_15Y,5,Block_GFC,GFC,block_cv,v2x_level,weight,0.0,vol
NOR_15Y,5,Block_GFC,GFC,block_cv,vxn_level,weight,0.0,vol
NOR_15Y,5,Block_GFC,GFC,block_cv,ovx_level,weight,0.0,vol
NOR_15Y,5,Block_GFC,GFC,block_cv,gvz_level,weight,0.0,vol
NOR_15Y,5,Block_GFC,GFC,block_cv,spx_mom_1m,weight,0.0,macro
NOR_15Y,5,Block_GFC,GFC,block_cv,spx_mom_3m,weight,0.0,macro
NOR_15Y,5,Block_GFC,GFC,block_cv,sx5e_mom_1m,weight,0.0,macro
NOR_15Y,5,Block_GFC,GFC,block_cv,sx5e_mom_3m,weight,0.0,macro
NOR_15Y,5,Block_GFC,GFC,block_cv,mxwo_mom_1m,weight,0.0,macro
NOR_15Y,5,Block_GFC,GFC,block_cv,ndx_mom_1m,weight,2.0,macro
NOR_15Y,5,Block_GFC,GFC,block_cv,oil_mom_1m,weight,3.0,macro
NOR_15Y,5,Block_GFC,GFC,block_cv,oil_mom_3m,weight,0.0,macro
NOR_15Y,5,Block_GFC,GFC,block_cv,copper_mom_1m,weight,1.0,macro
NOR_15Y,5,Block_GFC,GFC,block_cv,opec_prod,weight,0.0,macro
NOR_15Y,5,Block_GFC,GFC,block_cv,natgas_mom_1m,weight,2.0,macro
NOR_15Y,5,Block_GFC,GFC,block_cv,be5y_level,weight,0.0,macro
NOR_15Y,5,Block_GFC,GFC,block_cv,be10y_level,weight,0.0,macro
NOR_15Y,5,Block_GFC,GFC,block_cv,be_slope,weight,0.0,macro
NOR_15Y,5,Block_GFC,GFC,block_cv,be5y_chg_1m,weight,0.0,macro
NOR_15Y,5,Block_GFC,GFC,block_cv,ig_spread,weight,0.0,credit
NOR_15Y,5,Block_GFC,GFC,block_cv,hy_spread,weight,0.0,credit
NOR_15Y,5,Block_GFC,GFC,block_cv,ig_chg_1m,weight,0.0,credit
NOR_15Y,5,Block_GFC,GFC,block_cv,hy_chg_1m,weight,0.0,credit
NOR_15Y,5,Block_GFC,GFC,block_cv,cpi_yoy,weight,0.0,macro
NOR_15Y,5,Block_GFC,GFC,block_cv,pce_core_chg,weight,1.0,macro
NOR_15Y,5,Block_GFC,GFC,block_cv,nfp_change,weight,0.0,macro
NOR_15Y,5,Block_GFC,GFC,block_cv,pmi_us,weight,0.0,macro
NOR_15Y,5,Block_GFC,GFC,block_cv,pmi_eur,weight,4.0,macro
NOR_15Y,5,Block_GFC,GFC,block_cv,unemp_eur,weight,0.0,macro
NOR_15Y,5,Block_GFC,GFC,block_cv,cpi_nsa_level,weight,0.0,macro
NOR_15Y,5,Block_GFC,GFC,block_cv,pce_core_level,weight,0.0,macro
NOR_15Y,5,Block_GFC,GFC,block_cv,eur_3m,weight,0.0,macro
NOR_15Y,5,Block_GFC,GFC,block_cv,eur_1w,weight,0.0,macro
NOR_15Y,5,Block_GFC,GFC,block_cv,nor_ibor_1m,weight,0.0,norway
NOR_15Y,5,Block_GFC,GFC,block_cv,nor_ibor_6m,weight,0.0,norway
NOR_15Y,5,Block_GFC,GFC,block_cv,nor_ecb_dfr_chg,weight,0.0,norway
NOR_15Y,5,Block_GFC,GFC,block_cv,nor_ecb_dfr_level,weight,0.0,norway
NOR_15Y,5,Block_GFC,GFC,block_cv,nor_eurnok_chg_1d,weight,0.0,norway
NOR_15Y,5,Block_GFC,GFC,block_cv,nor_eurnok_level,weight,0.0,norway
NOR_15Y,5,Block_GFC,GFC,block_cv,nor_eurnok_mom_1m,weight,0.0,norway
NOR_15Y,5,Block_GFC,GFC,block_cv,nor_eurnok_mom_3m,weight,2.0,norway
NOR_15Y,5,Block_GFC,GFC,block_cv,nor_eurnok_rvol_20d,weight,2.0,norway
NOR_15Y,5,Block_GFC,GFC,block_cv,nor_govt_10y,weight,0.0,norway
NOR_15Y,5,Block_GFC,GFC,block_cv,nor_govt_3y,weight,0.0,norway
NOR_15Y,5,Block_GFC,GFC,block_cv,nor_govt_5y,weight,2.0,norway
NOR_15Y,5,Block_GFC,GFC,block_cv,nor_i44_chg_1d,weight,1.0,norway
NOR_15Y,5,Block_GFC,GFC,block_cv,nor_i44_level,weight,0.0,norway
NOR_15Y,5,Block_GFC,GFC,block_cv,nor_i44_mom_1m,weight,0.0,norway
NOR_15Y,5,Block_GFC,GFC,block_cv,nor_i44_mom_3m,weight,1.0,norway
NOR_15Y,5,Block_GFC,GFC,block_cv,nor_i44_rvol_20d,weight,1.0,norway
NOR_15Y,5,Block_GFC,GFC,block_cv,nor_kpi_yoy,weight,4.0,norway
NOR_15Y,5,Block_GFC,GFC,block_cv,nor_kpijae_yoy,weight,0.0,norway
NOR_15Y,5,Block_GFC,GFC,block_cv,nor_nibor_nowa_spread,weight,0.0,norway
NOR_15Y,5,Block_GFC,GFC,block_cv,nor_nowa_level,weight,0.0,norway
NOR_15Y,5,Block_GFC,GFC,block_cv,nor_polrate_chg_1d,weight,0.0,norway
NOR_15Y,5,Block_GFC,GFC,block_cv,nor_polrate_days_since_chg,weight,1.0,norway
NOR_15Y,5,Block_GFC,GFC,block_cv,nor_polrate_level,weight,0.0,norway
NOR_15Y,5,Block_GFC,GFC,block_cv,nor_rb_rate_chg,weight,0.0,norway
NOR_15Y,5,Block_GFC,GFC,block_cv,nor_rb_rate_level,weight,0.0,norway
NOR_15Y,5,Block_GFC,GFC,block_cv,nor_unemp,weight,1.0,norway
NOR_15Y,5,Block_GFC,GFC,block_cv,nor_usdnok_chg_1d,weight,0.0,norway
NOR_15Y,5,Block_GFC,GFC,block_cv,nor_usdnok_level,weight,0.0,norway
NOR_15Y,5,Block_GFC,GFC,block_cv,nor_usdnok_mom_1m,weight,1.0,norway
NOR_15Y,5,Block_GFC,GFC,block_cv,nor_usdnok_mom_3m,weight,3.0,norway
NOR_15Y,5,Block_GFC,GFC,block_cv,nor_usdnok_rvol_20d,weight,2.0,norway
NOR_15Y,5,Block_GFC,GFC,block_cv,swap_govt_spread,weight,0.0,norway
NOR_15Y,5,Block_GFC,GFC,block_cv,xmpca_01,weight,2.0,cross_market
NOR_15Y,5,Block_GFC,GFC,block_cv,xmpca_02,weight,1.0,cross_market
NOR_15Y,5,Block_GFC,GFC,block_cv,xmpca_03,weight,0.0,cross_market
NOR_15Y,5,Block_GFC,GFC,block_cv,xmpca_04,weight,1.0,cross_market
NOR_15Y,5,Block_GFC,GFC,block_cv,xmpca_05,weight,0.0,cross_market
NOR_15Y,5,Block_GFC,GFC,block_cv,xmpca_06,weight,1.0,cross_market
NOR_15Y,5,Block_GFC,GFC,block_cv,xmpca_07,weight,1.0,cross_market
NOR_15Y,5,Block_GFC,GFC,block_cv,xmpca_08,weight,1.0,cross_market
NOR_15Y,5,Block_GFC,GFC,block_cv,xmpca_09,weight,0.0,cross_market
NOR_15Y,5,Block_GFC,GFC,block_cv,xmpca_10,weight,1.0,cross_market
NOR_15Y,5,Block_GFC,GFC,block_cv,xmpca_11,weight,3.0,cross_market
NOR_15Y,5,Block_GFC,GFC,block_cv,xmpca_12,weight,0.0,cross_market
NOR_15Y,5,Block_GFC,GFC,block_cv,chg_lag1,cover,62.0,momentum
NOR_15Y,5,Block_GFC,GFC,block_cv,chg_lag2,cover,0.0,momentum
NOR_15Y,5,Block_GFC,GFC,block_cv,chg_lag3,cover,0.0,momentum
NOR_15Y,5,Block_GFC,GFC,block_cv,chg_lag4,cover,0.0,momentum
NOR_15Y,5,Block_GFC,GFC,block_cv,chg_lag5,cover,0.0,momentum
NOR_15Y,5,Block_GFC,GFC,block_cv,carry_roll,cover,1458.0,carry_roll
NOR_15Y,5,Block_GFC,GFC,block_cv,mom_63d,cover,0.0,momentum
NOR_15Y,5,Block_GFC,GFC,block_cv,mom_1m,cover,51.0,momentum
NOR_15Y,5,Block_GFC,GFC,block_cv,mom_3m,cover,1431.0,momentum
NOR_15Y,5,Block_GFC,GFC,block_cv,mom_6m,cover,0.0,momentum
NOR_15Y,5,Block_GFC,GFC,block_cv,mom_12m,cover,0.0,momentum
NOR_15Y,5,Block_GFC,GFC,block_cv,dev_ma_3m,cover,437.0,curve
NOR_15Y,5,Block_GFC,GFC,block_cv,dev_ma_12m,cover,17.0,curve
NOR_15Y,5,Block_GFC,GFC,block_cv,vol_20d,cover,0.0,vol
NOR_15Y,5,Block_GFC,GFC,block_cv,vol_regime,cover,0.0,vol
NOR_15Y,5,Block_GFC,GFC,block_cv,vol_zscore,cover,0.0,vol
NOR_15Y,5,Block_GFC,GFC,block_cv,level_zscore,cover,0.0,curve
NOR_15Y,5,Block_GFC,GFC,block_cv,slope_10_1,cover,0.0,curve
NOR_15Y,5,Block_GFC,GFC,block_cv,slope_10_5,cover,65.0,curve
NOR_15Y,5,Block_GFC,GFC,block_cv,slope_5_1,cover,1203.5,curve
NOR_15Y,5,Block_GFC,GFC,block_cv,sofr_mom_1m,cover,1635.0,macro
NOR_15Y,5,Block_GFC,GFC,block_cv,ibor_level,cover,1188.0,macro
NOR_15Y,5,Block_GFC,GFC,block_cv,ibor_chg_1d,cover,0.0,macro
NOR_15Y,5,Block_GFC,GFC,block_cv,ibor_mom_1m,cover,337.0,macro
NOR_15Y,5,Block_GFC,GFC,block_cv,ibor_term_slope,cover,662.0,macro
NOR_15Y,5,Block_GFC,GFC,block_cv,swap_ibor_basis,cover,0.0,curve
NOR_15Y,5,Block_GFC,GFC,block_cv,move_level,cover,158.5,vol
NOR_15Y,5,Block_GFC,GFC,block_cv,move_zscore,cover,257.0,vol
NOR_15Y,5,Block_GFC,GFC,block_cv,vix_level,cover,79.0,vol
NOR_15Y,5,Block_GFC,GFC,block_cv,vix_zscore,cover,0.0,vol
NOR_15Y,5,Block_GFC,GFC,block_cv,v2x_level,cover,0.0,vol
NOR_15Y,5,Block_GFC,GFC,block_cv,vxn_level,cover,0.0,vol
NOR_15Y,5,Block_GFC,GFC,block_cv,ovx_level,cover,0.0,vol
NOR_15Y,5,Block_GFC,GFC,block_cv,gvz_level,cover,0.0,vol
NOR_15Y,5,Block_GFC,GFC,block_cv,spx_mom_1m,cover,0.0,macro
NOR_15Y,5,Block_GFC,GFC,block_cv,spx_mom_3m,cover,0.0,macro
NOR_15Y,5,Block_GFC,GFC,block_cv,sx5e_mom_1m,cover,0.0,macro
NOR_15Y,5,Block_GFC,GFC,block_cv,sx5e_mom_3m,cover,0.0,macro
NOR_15Y,5,Block_GFC,GFC,block_cv,mxwo_mom_1m,cover,0.0,macro
NOR_15Y,5,Block_GFC,GFC,block_cv,ndx_mom_1m,cover,477.5,macro
NOR_15Y,5,Block_GFC,GFC,block_cv,oil_mom_1m,cover,1522.6666259765625,macro
NOR_15Y,5,Block_GFC,GFC,block_cv,oil_mom_3m,cover,0.0,macro
NOR_15Y,5,Block_GFC,GFC,block_cv,copper_mom_1m,cover,37.0,macro
NOR_15Y,5,Block_GFC,GFC,block_cv,opec_prod,cover,0.0,macro
NOR_15Y,5,Block_GFC,GFC,block_cv,natgas_mom_1m,cover,185.5,macro
NOR_15Y,5,Block_GFC,GFC,block_cv,be5y_level,cover,0.0,macro
NOR_15Y,5,Block_GFC,GFC,block_cv,be10y_level,cover,0.0,macro
NOR_15Y,5,Block_GFC,GFC,block_cv,be_slope,cover,0.0,macro
NOR_15Y,5,Block_GFC,GFC,block_cv,be5y_chg_1m,cover,0.0,macro
NOR_15Y,5,Block_GFC,GFC,block_cv,ig_spread,cover,0.0,credit
NOR_15Y,5,Block_GFC,GFC,block_cv,hy_spread,cover,0.0,credit
NOR_15Y,5,Block_GFC,GFC,block_cv,ig_chg_1m,cover,0.0,credit
NOR_15Y,5,Block_GFC,GFC,block_cv,hy_chg_1m,cover,0.0,credit
NOR_15Y,5,Block_GFC,GFC,block_cv,cpi_yoy,cover,0.0,macro
NOR_15Y,5,Block_GFC,GFC,block_cv,pce_core_chg,cover,35.0,macro
NOR_15Y,5,Block_GFC,GFC,block_cv,nfp_change,cover,0.0,macro
NOR_15Y,5,Block_GFC,GFC,block_cv,pmi_us,cover,0.0,macro
NOR_15Y,5,Block_GFC,GFC,block_cv,pmi_eur,cover,1707.25,macro
NOR_15Y,5,Block_GFC,GFC,block_cv,unemp_eur,cover,0.0,macro
NOR_15Y,5,Block_GFC,GFC,block_cv,cpi_nsa_level,cover,0.0,macro
NOR_15Y,5,Block_GFC,GFC,block_cv,pce_core_level,cover,0.0,macro
NOR_15Y,5,Block_GFC,GFC,block_cv,eur_3m,cover,0.0,macro
NOR_15Y,5,Block_GFC,GFC,block_cv,eur_1w,cover,0.0,macro
NOR_15Y,5,Block_GFC,GFC,block_cv,nor_ibor_1m,cover,0.0,norway
NOR_15Y,5,Block_GFC,GFC,block_cv,nor_ibor_6m,cover,0.0,norway
NOR_15Y,5,Block_GFC,GFC,block_cv,nor_ecb_dfr_chg,cover,0.0,norway
NOR_15Y,5,Block_GFC,GFC,block_cv,nor_ecb_dfr_level,cover,0.0,norway
NOR_15Y,5,Block_GFC,GFC,block_cv,nor_eurnok_chg_1d,cover,0.0,norway
NOR_15Y,5,Block_GFC,GFC,block_cv,nor_eurnok_level,cover,0.0,norway
NOR_15Y,5,Block_GFC,GFC,block_cv,nor_eurnok_mom_1m,cover,0.0,norway
NOR_15Y,5,Block_GFC,GFC,block_cv,nor_eurnok_mom_3m,cover,966.0,norway
NOR_15Y,5,Block_GFC,GFC,block_cv,nor_eurnok_rvol_20d,cover,200.0,norway
NOR_15Y,5,Block_GFC,GFC,block_cv,nor_govt_10y,cover,0.0,norway
NOR_15Y,5,Block_GFC,GFC,block_cv,nor_govt_3y,cover,0.0,norway
NOR_15Y,5,Block_GFC,GFC,block_cv,nor_govt_5y,cover,796.0,norway
NOR_15Y,5,Block_GFC,GFC,block_cv,nor_i44_chg_1d,cover,76.0,norway
NOR_15Y,5,Block_GFC,GFC,block_cv,nor_i44_level,cover,0.0,norway
NOR_15Y,5,Block_GFC,GFC,block_cv,nor_i44_mom_1m,cover,0.0,norway
NOR_15Y,5,Block_GFC,GFC,block_cv,nor_i44_mom_3m,cover,1539.0,norway
NOR_15Y,5,Block_GFC,GFC,block_cv,nor_i44_rvol_20d,cover,109.0,norway
NOR_15Y,5,Block_GFC,GFC,block_cv,nor_kpi_yoy,cover,1184.0,norway
NOR_15Y,5,Block_GFC,GFC,block_cv,nor_kpijae_yoy,cover,0.0,norway
NOR_15Y,5,Block_GFC,GFC,block_cv,nor_nibor_nowa_spread,cover,0.0,norway
NOR_15Y,5,Block_GFC,GFC,block_cv,nor_nowa_level,cover,0.0,norway
NOR_15Y,5,Block_GFC,GFC,block_cv,nor_polrate_chg_1d,cover,0.0,norway
NOR_15Y,5,Block_GFC,GFC,block_cv,nor_polrate_days_since_chg,cover,182.0,norway
NOR_15Y,5,Block_GFC,GFC,block_cv,nor_polrate_level,cover,0.0,norway
NOR_15Y,5,Block_GFC,GFC,block_cv,nor_rb_rate_chg,cover,0.0,norway
NOR_15Y,5,Block_GFC,GFC,block_cv,nor_rb_rate_level,cover,0.0,norway
NOR_15Y,5,Block_GFC,GFC,block_cv,nor_unemp,cover,592.0,norway
NOR_15Y,5,Block_GFC,GFC,block_cv,nor_usdnok_chg_1d,cover,0.0,norway
NOR_15Y,5,Block_GFC,GFC,block_cv,nor_usdnok_level,cover,0.0,norway
NOR_15Y,5,Block_GFC,GFC,block_cv,nor_usdnok_mom_1m,cover,12.0,norway
NOR_15Y,5,Block_GFC,GFC,block_cv,nor_usdnok_mom_3m,cover,1163.0,norway
NOR_15Y,5,Block_GFC,GFC,block_cv,nor_usdnok_rvol_20d,cover,56.0,norway
NOR_15Y,5,Block_GFC,GFC,block_cv,swap_govt_spread,cover,0.0,norway
NOR_15Y,5,Block_GFC,GFC,block_cv,xmpca_01,cover,1222.5,cross_market
NOR_15Y,5,Block_GFC,GFC,block_cv,xmpca_02,cover,78.0,cross_market
NOR_15Y,5,Block_GFC,GFC,block_cv,xmpca_03,cover,0.0,cross_market
NOR_15Y,5,Block_GFC,GFC,block_cv,xmpca_04,cover,102.0,cross_market
NOR_15Y,5,Block_GFC,GFC,block_cv,xmpca_05,cover,0.0,cross_market
NOR_15Y,5,Block_GFC,GFC,block_cv,xmpca_06,cover,120.0,cross_market
NOR_15Y,5,Block_GFC,GFC,block_cv,xmpca_07,cover,15.0,cross_market
NOR_15Y,5,Block_GFC,GFC,block_cv,xmpca_08,cover,523.0,cross_market
NOR_15Y,5,Block_GFC,GFC,block_cv,xmpca_09,cover,0.0,cross_market
NOR_15Y,5,Block_GFC,GFC,block_cv,xmpca_10,cover,33.0,cross_market
NOR_15Y,5,Block_GFC,GFC,block_cv,xmpca_11,cover,1387.0,cross_market
NOR_15Y,5,Block_GFC,GFC,block_cv,xmpca_12,cover,0.0,cross_market
NOR_15Y,5,Block_GFC,GFC,block_cv,chg_lag1,total_gain,0.08048541843891144,momentum
NOR_15Y,5,Block_GFC,GFC,block_cv,chg_lag2,total_gain,0.0,momentum
NOR_15Y,5,Block_GFC,GFC,block_cv,chg_lag3,total_gain,0.0,momentum
NOR_15Y,5,Block_GFC,GFC,block_cv,chg_lag4,total_gain,0.0,momentum
NOR_15Y,5,Block_GFC,GFC,block_cv,chg_lag5,total_gain,0.0,momentum
NOR_15Y,5,Block_GFC,GFC,block_cv,carry_roll,total_gain,0.08598991483449936,carry_roll
NOR_15Y,5,Block_GFC,GFC,block_cv,mom_63d,total_gain,0.0,momentum
NOR_15Y,5,Block_GFC,GFC,block_cv,mom_1m,total_gain,0.05477064102888107,momentum
NOR_15Y,5,Block_GFC,GFC,block_cv,mom_3m,total_gain,0.08408543467521667,momentum
NOR_15Y,5,Block_GFC,GFC,block_cv,mom_6m,total_gain,0.0,momentum
NOR_15Y,5,Block_GFC,GFC,block_cv,mom_12m,total_gain,0.0,momentum
NOR_15Y,5,Block_GFC,GFC,block_cv,dev_ma_3m,total_gain,0.06726805865764618,curve
NOR_15Y,5,Block_GFC,GFC,block_cv,dev_ma_12m,total_gain,0.01866823434829712,curve
NOR_15Y,5,Block_GFC,GFC,block_cv,vol_20d,total_gain,0.0,vol
NOR_15Y,5,Block_GFC,GFC,block_cv,vol_regime,total_gain,0.0,vol
NOR_15Y,5,Block_GFC,GFC,block_cv,vol_zscore,total_gain,0.0,vol
NOR_15Y,5,Block_GFC,GFC,block_cv,level_zscore,total_gain,0.0,curve
NOR_15Y,5,Block_GFC,GFC,block_cv,slope_10_1,total_gain,0.0,curve
NOR_15Y,5,Block_GFC,GFC,block_cv,slope_10_5,total_gain,0.17845496535301208,curve
NOR_15Y,5,Block_GFC,GFC,block_cv,slope_5_1,total_gain,0.17720457911491394,curve
NOR_15Y,5,Block_GFC,GFC,block_cv,sofr_mom_1m,total_gain,0.16755437850952148,macro
NOR_15Y,5,Block_GFC,GFC,block_cv,ibor_level,total_gain,0.25353187322616577,macro
NOR_15Y,5,Block_GFC,GFC,block_cv,ibor_chg_1d,total_gain,0.0,macro
NOR_15Y,5,Block_GFC,GFC,block_cv,ibor_mom_1m,total_gain,0.054439373314380646,macro
NOR_15Y,5,Block_GFC,GFC,block_cv,ibor_term_slope,total_gain,0.1613648235797882,macro
NOR_15Y,5,Block_GFC,GFC,block_cv,swap_ibor_basis,total_gain,0.0,curve
NOR_15Y,5,Block_GFC,GFC,block_cv,move_level,total_gain,0.2149827480316162,vol
NOR_15Y,5,Block_GFC,GFC,block_cv,move_zscore,total_gain,0.12320040911436081,vol
NOR_15Y,5,Block_GFC,GFC,block_cv,vix_level,total_gain,0.04308684170246124,vol
NOR_15Y,5,Block_GFC,GFC,block_cv,vix_zscore,total_gain,0.0,vol
NOR_15Y,5,Block_GFC,GFC,block_cv,v2x_level,total_gain,0.0,vol
NOR_15Y,5,Block_GFC,GFC,block_cv,vxn_level,total_gain,0.0,vol
NOR_15Y,5,Block_GFC,GFC,block_cv,ovx_level,total_gain,0.0,vol
NOR_15Y,5,Block_GFC,GFC,block_cv,gvz_level,total_gain,0.0,vol
NOR_15Y,5,Block_GFC,GFC,block_cv,spx_mom_1m,total_gain,0.0,macro
NOR_15Y,5,Block_GFC,GFC,block_cv,spx_mom_3m,total_gain,0.0,macro
NOR_15Y,5,Block_GFC,GFC,block_cv,sx5e_mom_1m,total_gain,0.0,macro
NOR_15Y,5,Block_GFC,GFC,block_cv,sx5e_mom_3m,total_gain,0.0,macro
NOR_15Y,5,Block_GFC,GFC,block_cv,mxwo_mom_1m,total_gain,0.0,macro
NOR_15Y,5,Block_GFC,GFC,block_cv,ndx_mom_1m,total_gain,0.09999212622642517,macro
NOR_15Y,5,Block_GFC,GFC,block_cv,oil_mom_1m,total_gain,0.224136620759964,macro
NOR_15Y,5,Block_GFC,GFC,block_cv,oil_mom_3m,total_gain,0.0,macro
NOR_15Y,5,Block_GFC,GFC,block_cv,copper_mom_1m,total_gain,0.0724930539727211,macro
NOR_15Y,5,Block_GFC,GFC,block_cv,opec_prod,total_gain,0.0,macro
NOR_15Y,5,Block_GFC,GFC,block_cv,natgas_mom_1m,total_gain,0.11565792560577393,macro
NOR_15Y,5,Block_GFC,GFC,block_cv,be5y_level,total_gain,0.0,macro
NOR_15Y,5,Block_GFC,GFC,block_cv,be10y_level,total_gain,0.0,macro
NOR_15Y,5,Block_GFC,GFC,block_cv,be_slope,total_gain,0.0,macro
NOR_15Y,5,Block_GFC,GFC,block_cv,be5y_chg_1m,total_gain,0.0,macro
NOR_15Y,5,Block_GFC,GFC,block_cv,ig_spread,total_gain,0.0,credit
NOR_15Y,5,Block_GFC,GFC,block_cv,hy_spread,total_gain,0.0,credit
NOR_15Y,5,Block_GFC,GFC,block_cv,ig_chg_1m,total_gain,0.0,credit
NOR_15Y,5,Block_GFC,GFC,block_cv,hy_chg_1m,total_gain,0.0,credit
NOR_15Y,5,Block_GFC,GFC,block_cv,cpi_yoy,total_gain,0.0,macro
NOR_15Y,5,Block_GFC,GFC,block_cv,pce_core_chg,total_gain,0.04224264621734619,macro
NOR_15Y,5,Block_GFC,GFC,block_cv,nfp_change,total_gain,0.0,macro
NOR_15Y,5,Block_GFC,GFC,block_cv,pmi_us,total_gain,0.0,macro
NOR_15Y,5,Block_GFC,GFC,block_cv,pmi_eur,total_gain,0.3683490455150604,macro
NOR_15Y,5,Block_GFC,GFC,block_cv,unemp_eur,total_gain,0.0,macro
NOR_15Y,5,Block_GFC,GFC,block_cv,cpi_nsa_level,total_gain,0.0,macro
NOR_15Y,5,Block_GFC,GFC,block_cv,pce_core_level,total_gain,0.0,macro
NOR_15Y,5,Block_GFC,GFC,block_cv,eur_3m,total_gain,0.0,macro
NOR_15Y,5,Block_GFC,GFC,block_cv,eur_1w,total_gain,0.0,macro
NOR_15Y,5,Block_GFC,GFC,block_cv,nor_ibor_1m,total_gain,0.0,norway
NOR_15Y,5,Block_GFC,GFC,block_cv,nor_ibor_6m,total_gain,0.0,norway
NOR_15Y,5,Block_GFC,GFC,block_cv,nor_ecb_dfr_chg,total_gain,0.0,norway
NOR_15Y,5,Block_GFC,GFC,block_cv,nor_ecb_dfr_level,total_gain,0.0,norway
NOR_15Y,5,Block_GFC,GFC,block_cv,nor_eurnok_chg_1d,total_gain,0.0,norway
NOR_15Y,5,Block_GFC,GFC,block_cv,nor_eurnok_level,total_gain,0.0,norway
NOR_15Y,5,Block_GFC,GFC,block_cv,nor_eurnok_mom_1m,total_gain,0.0,norway
NOR_15Y,5,Block_GFC,GFC,block_cv,nor_eurnok_mom_3m,total_gain,0.19072455167770386,norway
NOR_15Y,5,Block_GFC,GFC,block_cv,nor_eurnok_rvol_20d,total_gain,0.2257080227136612,norway
NOR_15Y,5,Block_GFC,GFC,block_cv,nor_govt_10y,total_gain,0.0,norway
NOR_15Y,5,Block_GFC,GFC,block_cv,nor_govt_3y,total_gain,0.0,norway
NOR_15Y,5,Block_GFC,GFC,block_cv,nor_govt_5y,total_gain,0.07749155163764954,norway
NOR_15Y,5,Block_GFC,GFC,block_cv,nor_i44_chg_1d,total_gain,0.06205137073993683,norway
NOR_15Y,5,Block_GFC,GFC,block_cv,nor_i44_level,total_gain,0.0,norway
NOR_15Y,5,Block_GFC,GFC,block_cv,nor_i44_mom_1m,total_gain,0.0,norway
NOR_15Y,5,Block_GFC,GFC,block_cv,nor_i44_mom_3m,total_gain,0.07752227783203125,norway
NOR_15Y,5,Block_GFC,GFC,block_cv,nor_i44_rvol_20d,total_gain,0.08791104704141617,norway
NOR_15Y,5,Block_GFC,GFC,block_cv,nor_kpi_yoy,total_gain,0.3127059042453766,norway
NOR_15Y,5,Block_GFC,GFC,block_cv,nor_kpijae_yoy,total_gain,0.0,norway
NOR_15Y,5,Block_GFC,GFC,block_cv,nor_nibor_nowa_spread,total_gain,0.0,norway
NOR_15Y,5,Block_GFC,GFC,block_cv,nor_nowa_level,total_gain,0.0,norway
NOR_15Y,5,Block_GFC,GFC,block_cv,nor_polrate_chg_1d,total_gain,0.0,norway
NOR_15Y,5,Block_GFC,GFC,block_cv,nor_polrate_days_since_chg,total_gain,0.14251923561096191,norway
NOR_15Y,5,Block_GFC,GFC,block_cv,nor_polrate_level,total_gain,0.0,norway
NOR_15Y,5,Block_GFC,GFC,block_cv,nor_rb_rate_chg,total_gain,0.0,norway
NOR_15Y,5,Block_GFC,GFC,block_cv,nor_rb_rate_level,total_gain,0.0,norway
NOR_15Y,5,Block_GFC,GFC,block_cv,nor_unemp,total_gain,0.07125784456729889,norway
NOR_15Y,5,Block_GFC,GFC,block_cv,nor_usdnok_chg_1d,total_gain,0.0,norway
NOR_15Y,5,Block_GFC,GFC,block_cv,nor_usdnok_level,total_gain,0.0,norway
NOR_15Y,5,Block_GFC,GFC,block_cv,nor_usdnok_mom_1m,total_gain,0.018318157643079758,norway
NOR_15Y,5,Block_GFC,GFC,block_cv,nor_usdnok_mom_3m,total_gain,0.24739982187747955,norway
NOR_15Y,5,Block_GFC,GFC,block_cv,nor_usdnok_rvol_20d,total_gain,0.08824758231639862,norway
NOR_15Y,5,Block_GFC,GFC,block_cv,swap_govt_spread,total_gain,0.0,norway
NOR_15Y,5,Block_GFC,GFC,block_cv,xmpca_01,total_gain,0.1404874622821808,cross_market
NOR_15Y,5,Block_GFC,GFC,block_cv,xmpca_02,total_gain,0.042823031544685364,cross_market
NOR_15Y,5,Block_GFC,GFC,block_cv,xmpca_03,total_gain,0.0,cross_market
NOR_15Y,5,Block_GFC,GFC,block_cv,xmpca_04,total_gain,0.040458373725414276,cross_market
NOR_15Y,5,Block_GFC,GFC,block_cv,xmpca_05,total_gain,0.0,cross_market
NOR_15Y,5,Block_GFC,GFC,block_cv,xmpca_06,total_gain,0.05681656301021576,cross_market
NOR_15Y,5,Block_GFC,GFC,block_cv,xmpca_07,total_gain,0.019402025267481804,cross_market
NOR_15Y,5,Block_GFC,GFC,block_cv,xmpca_08,total_gain,0.053276240825653076,cross_market
NOR_15Y,5,Block_GFC,GFC,block_cv,xmpca_09,total_gain,0.0,cross_market
NOR_15Y,5,Block_GFC,GFC,block_cv,xmpca_10,total_gain,0.028487585484981537,cross_market
NOR_15Y,5,Block_GFC,GFC,block_cv,xmpca_11,total_gain,0.26783081889152527,cross_market
NOR_15Y,5,Block_GFC,GFC,block_cv,xmpca_12,total_gain,0.0,cross_market
NOR_15Y,5,Block_GFC,GFC,block_cv,chg_lag1,total_cover,62.0,momentum
NOR_15Y,5,Block_GFC,GFC,block_cv,chg_lag2,total_cover,0.0,momentum
NOR_15Y,5,Block_GFC,GFC,block_cv,chg_lag3,total_cover,0.0,momentum
NOR_15Y,5,Block_GFC,GFC,block_cv,chg_lag4,total_cover,0.0,momentum
NOR_15Y,5,Block_GFC,GFC,block_cv,chg_lag5,total_cover,0.0,momentum
NOR_15Y,5,Block_GFC,GFC,block_cv,carry_roll,total_cover,1458.0,carry_roll
NOR_15Y,5,Block_GFC,GFC,block_cv,mom_63d,total_cover,0.0,momentum
NOR_15Y,5,Block_GFC,GFC,block_cv,mom_1m,total_cover,51.0,momentum
NOR_15Y,5,Block_GFC,GFC,block_cv,mom_3m,total_cover,1431.0,momentum
NOR_15Y,5,Block_GFC,GFC,block_cv,mom_6m,total_cover,0.0,momentum
NOR_15Y,5,Block_GFC,GFC,block_cv,mom_12m,total_cover,0.0,momentum
NOR_15Y,5,Block_GFC,GFC,block_cv,dev_ma_3m,total_cover,437.0,curve
NOR_15Y,5,Block_GFC,GFC,block_cv,dev_ma_12m,total_cover,17.0,curve
NOR_15Y,5,Block_GFC,GFC,block_cv,vol_20d,total_cover,0.0,vol
NOR_15Y,5,Block_GFC,GFC,block_cv,vol_regime,total_cover,0.0,vol
NOR_15Y,5,Block_GFC,GFC,block_cv,vol_zscore,total_cover,0.0,vol
NOR_15Y,5,Block_GFC,GFC,block_cv,level_zscore,total_cover,0.0,curve
NOR_15Y,5,Block_GFC,GFC,block_cv,slope_10_1,total_cover,0.0,curve
NOR_15Y,5,Block_GFC,GFC,block_cv,slope_10_5,total_cover,130.0,curve
NOR_15Y,5,Block_GFC,GFC,block_cv,slope_5_1,total_cover,2407.0,curve
NOR_15Y,5,Block_GFC,GFC,block_cv,sofr_mom_1m,total_cover,3270.0,macro
NOR_15Y,5,Block_GFC,GFC,block_cv,ibor_level,total_cover,4752.0,macro
NOR_15Y,5,Block_GFC,GFC,block_cv,ibor_chg_1d,total_cover,0.0,macro
NOR_15Y,5,Block_GFC,GFC,block_cv,ibor_mom_1m,total_cover,337.0,macro
NOR_15Y,5,Block_GFC,GFC,block_cv,ibor_term_slope,total_cover,1986.0,macro
NOR_15Y,5,Block_GFC,GFC,block_cv,swap_ibor_basis,total_cover,0.0,curve
NOR_15Y,5,Block_GFC,GFC,block_cv,move_level,total_cover,317.0,vol
NOR_15Y,5,Block_GFC,GFC,block_cv,move_zscore,total_cover,257.0,vol
NOR_15Y,5,Block_GFC,GFC,block_cv,vix_level,total_cover,79.0,vol
NOR_15Y,5,Block_GFC,GFC,block_cv,vix_zscore,total_cover,0.0,vol
NOR_15Y,5,Block_GFC,GFC,block_cv,v2x_level,total_cover,0.0,vol
NOR_15Y,5,Block_GFC,GFC,block_cv,vxn_level,total_cover,0.0,vol
NOR_15Y,5,Block_GFC,GFC,block_cv,ovx_level,total_cover,0.0,vol
NOR_15Y,5,Block_GFC,GFC,block_cv,gvz_level,total_cover,0.0,vol
NOR_15Y,5,Block_GFC,GFC,block_cv,spx_mom_1m,total_cover,0.0,macro
NOR_15Y,5,Block_GFC,GFC,block_cv,spx_mom_3m,total_cover,0.0,macro
NOR_15Y,5,Block_GFC,GFC,block_cv,sx5e_mom_1m,total_cover,0.0,macro
NOR_15Y,5,Block_GFC,GFC,block_cv,sx5e_mom_3m,total_cover,0.0,macro
NOR_15Y,5,Block_GFC,GFC,block_cv,mxwo_mom_1m,total_cover,0.0,macro
NOR_15Y,5,Block_GFC,GFC,block_cv,ndx_mom_1m,total_cover,955.0,macro
NOR_15Y,5,Block_GFC,GFC,block_cv,oil_mom_1m,total_cover,4568.0,macro
NOR_15Y,5,Block_GFC,GFC,block_cv,oil_mom_3m,total_cover,0.0,macro
NOR_15Y,5,Block_GFC,GFC,block_cv,copper_mom_1m,total_cover,37.0,macro
NOR_15Y,5,Block_GFC,GFC,block_cv,opec_prod,total_cover,0.0,macro
NOR_15Y,5,Block_GFC,GFC,block_cv,natgas_mom_1m,total_cover,371.0,macro
NOR_15Y,5,Block_GFC,GFC,block_cv,be5y_level,total_cover,0.0,macro
NOR_15Y,5,Block_GFC,GFC,block_cv,be10y_level,total_cover,0.0,macro
NOR_15Y,5,Block_GFC,GFC,block_cv,be_slope,total_cover,0.0,macro
NOR_15Y,5,Block_GFC,GFC,block_cv,be5y_chg_1m,total_cover,0.0,macro
NOR_15Y,5,Block_GFC,GFC,block_cv,ig_spread,total_cover,0.0,credit
NOR_15Y,5,Block_GFC,GFC,block_cv,hy_spread,total_cover,0.0,credit
NOR_15Y,5,Block_GFC,GFC,block_cv,ig_chg_1m,total_cover,0.0,credit
NOR_15Y,5,Block_GFC,GFC,block_cv,hy_chg_1m,total_cover,0.0,credit
NOR_15Y,5,Block_GFC,GFC,block_cv,cpi_yoy,total_cover,0.0,macro
NOR_15Y,5,Block_GFC,GFC,block_cv,pce_core_chg,total_cover,35.0,macro
NOR_15Y,5,Block_GFC,GFC,block_cv,nfp_change,total_cover,0.0,macro
NOR_15Y,5,Block_GFC,GFC,block_cv,pmi_us,total_cover,0.0,macro
NOR_15Y,5,Block_GFC,GFC,block_cv,pmi_eur,total_cover,6829.0,macro
NOR_15Y,5,Block_GFC,GFC,block_cv,unemp_eur,total_cover,0.0,macro
NOR_15Y,5,Block_GFC,GFC,block_cv,cpi_nsa_level,total_cover,0.0,macro
NOR_15Y,5,Block_GFC,GFC,block_cv,pce_core_level,total_cover,0.0,macro
NOR_15Y,5,Block_GFC,GFC,block_cv,eur_3m,total_cover,0.0,macro
NOR_15Y,5,Block_GFC,GFC,block_cv,eur_1w,total_cover,0.0,macro
NOR_15Y,5,Block_GFC,GFC,block_cv,nor_ibor_1m,total_cover,0.0,norway
NOR_15Y,5,Block_GFC,GFC,block_cv,nor_ibor_6m,total_cover,0.0,norway
NOR_15Y,5,Block_GFC,GFC,block_cv,nor_ecb_dfr_chg,total_cover,0.0,norway
NOR_15Y,5,Block_GFC,GFC,block_cv,nor_ecb_dfr_level,total_cover,0.0,norway
NOR_15Y,5,Block_GFC,GFC,block_cv,nor_eurnok_chg_1d,total_cover,0.0,norway
NOR_15Y,5,Block_GFC,GFC,block_cv,nor_eurnok_level,total_cover,0.0,norway
NOR_15Y,5,Block_GFC,GFC,block_cv,nor_eurnok_mom_1m,total_cover,0.0,norway
NOR_15Y,5,Block_GFC,GFC,block_cv,nor_eurnok_mom_3m,total_cover,1932.0,norway
NOR_15Y,5,Block_GFC,GFC,block_cv,nor_eurnok_rvol_20d,total_cover,400.0,norway
NOR_15Y,5,Block_GFC,GFC,block_cv,nor_govt_10y,total_cover,0.0,norway
NOR_15Y,5,Block_GFC,GFC,block_cv,nor_govt_3y,total_cover,0.0,norway
NOR_15Y,5,Block_GFC,GFC,block_cv,nor_govt_5y,total_cover,1592.0,norway
NOR_15Y,5,Block_GFC,GFC,block_cv,nor_i44_chg_1d,total_cover,76.0,norway
NOR_15Y,5,Block_GFC,GFC,block_cv,nor_i44_level,total_cover,0.0,norway
NOR_15Y,5,Block_GFC,GFC,block_cv,nor_i44_mom_1m,total_cover,0.0,norway
NOR_15Y,5,Block_GFC,GFC,block_cv,nor_i44_mom_3m,total_cover,1539.0,norway
NOR_15Y,5,Block_GFC,GFC,block_cv,nor_i44_rvol_20d,total_cover,109.0,norway
NOR_15Y,5,Block_GFC,GFC,block_cv,nor_kpi_yoy,total_cover,4736.0,norway
NOR_15Y,5,Block_GFC,GFC,block_cv,nor_kpijae_yoy,total_cover,0.0,norway
NOR_15Y,5,Block_GFC,GFC,block_cv,nor_nibor_nowa_spread,total_cover,0.0,norway
NOR_15Y,5,Block_GFC,GFC,block_cv,nor_nowa_level,total_cover,0.0,norway
NOR_15Y,5,Block_GFC,GFC,block_cv,nor_polrate_chg_1d,total_cover,0.0,norway
NOR_15Y,5,Block_GFC,GFC,block_cv,nor_polrate_days_since_chg,total_cover,182.0,norway
NOR_15Y,5,Block_GFC,GFC,block_cv,nor_polrate_level,total_cover,0.0,norway
NOR_15Y,5,Block_GFC,GFC,block_cv,nor_rb_rate_chg,total_cover,0.0,norway
NOR_15Y,5,Block_GFC,GFC,block_cv,nor_rb_rate_level,total_cover,0.0,norway
NOR_15Y,5,Block_GFC,GFC,block_cv,nor_unemp,total_cover,592.0,norway
NOR_15Y,5,Block_GFC,GFC,block_cv,nor_usdnok_chg_1d,total_cover,0.0,norway
NOR_15Y,5,Block_GFC,GFC,block_cv,nor_usdnok_level,total_cover,0.0,norway
NOR_15Y,5,Block_GFC,GFC,block_cv,nor_usdnok_mom_1m,total_cover,12.0,norway
NOR_15Y,5,Block_GFC,GFC,block_cv,nor_usdnok_mom_3m,total_cover,3489.0,norway
NOR_15Y,5,Block_GFC,GFC,block_cv,nor_usdnok_rvol_20d,total_cover,112.0,norway
NOR_15Y,5,Block_GFC,GFC,block_cv,swap_govt_spread,total_cover,0.0,norway
NOR_15Y,5,Block_GFC,GFC,block_cv,xmpca_01,total_cover,2445.0,cross_market
NOR_15Y,5,Block_GFC,GFC,block_cv,xmpca_02,total_cover,78.0,cross_market
NOR_15Y,5,Block_GFC,GFC,block_cv,xmpca_03,total_cover,0.0,cross_market
NOR_15Y,5,Block_GFC,GFC,block_cv,xmpca_04,total_cover,102.0,cross_market
NOR_15Y,5,Block_GFC,GFC,block_cv,xmpca_05,total_cover,0.0,cross_market
NOR_15Y,5,Block_GFC,GFC,block_cv,xmpca_06,total_cover,120.0,cross_market
NOR_15Y,5,Block_GFC,GFC,block_cv,xmpca_07,total_cover,15.0,cross_market
NOR_15Y,5,Block_GFC,GFC,block_cv,xmpca_08,total_cover,523.0,cross_market
NOR_15Y,5,Block_GFC,GFC,block_cv,xmpca_09,total_cover,0.0,cross_market
NOR_15Y,5,Block_GFC,GFC,block_cv,xmpca_10,total_cover,33.0,cross_market
NOR_15Y,5,Block_GFC,GFC,block_cv,xmpca_11,total_cover,4161.0,cross_market
NOR_15Y,5,Block_GFC,GFC,block_cv,xmpca_12,total_cover,0.0,cross_market
NOR_15Y,5,Block_GFC,GFC,block_cv,chg_lag1,shap_mean_abs,0.00012910478108096868,momentum
NOR_15Y,5,Block_GFC,GFC,block_cv,chg_lag2,shap_mean_abs,0.0,momentum
NOR_15Y,5,Block_GFC,GFC,block_cv,chg_lag3,shap_mean_abs,0.0,momentum
NOR_15Y,5,Block_GFC,GFC,block_cv,chg_lag4,shap_mean_abs,0.0,momentum
NOR_15Y,5,Block_GFC,GFC,block_cv,chg_lag5,shap_mean_abs,0.0,momentum
NOR_15Y,5,Block_GFC,GFC,block_cv,carry_roll,shap_mean_abs,0.0001504159445175901,carry_roll
NOR_15Y,5,Block_GFC,GFC,block_cv,mom_63d,shap_mean_abs,0.0,momentum
NOR_15Y,5,Block_GFC,GFC,block_cv,mom_1m,shap_mean_abs,0.00012890917423646897,momentum
NOR_15Y,5,Block_GFC,GFC,block_cv,mom_3m,shap_mean_abs,0.000310934497974813,momentum
NOR_15Y,5,Block_GFC,GFC,block_cv,mom_6m,shap_mean_abs,0.0,momentum
NOR_15Y,5,Block_GFC,GFC,block_cv,mom_12m,shap_mean_abs,0.0,momentum
NOR_15Y,5,Block_GFC,GFC,block_cv,dev_ma_3m,shap_mean_abs,0.0001558036165079102,curve
NOR_15Y,5,Block_GFC,GFC,block_cv,dev_ma_12m,shap_mean_abs,1.7002237655106e-05,curve
NOR_15Y,5,Block_GFC,GFC,block_cv,vol_20d,shap_mean_abs,0.0,vol
NOR_15Y,5,Block_GFC,GFC,block_cv,vol_regime,shap_mean_abs,0.0,vol
NOR_15Y,5,Block_GFC,GFC,block_cv,vol_zscore,shap_mean_abs,0.0,vol
NOR_15Y,5,Block_GFC,GFC,block_cv,level_zscore,shap_mean_abs,0.0,curve
NOR_15Y,5,Block_GFC,GFC,block_cv,slope_10_1,shap_mean_abs,0.0,curve
NOR_15Y,5,Block_GFC,GFC,block_cv,slope_10_5,shap_mean_abs,0.00015076299314387143,curve
NOR_15Y,5,Block_GFC,GFC,block_cv,slope_5_1,shap_mean_abs,0.0008714109426364303,curve
NOR_15Y,5,Block_GFC,GFC,block_cv,sofr_mom_1m,shap_mean_abs,0.0008980627753771842,macro
NOR_15Y,5,Block_GFC,GFC,block_cv,ibor_level,shap_mean_abs,0.00266489339992404,macro
NOR_15Y,5,Block_GFC,GFC,block_cv,ibor_chg_1d,shap_mean_abs,0.0,macro
NOR_15Y,5,Block_GFC,GFC,block_cv,ibor_mom_1m,shap_mean_abs,0.00019729572522919625,macro
NOR_15Y,5,Block_GFC,GFC,block_cv,ibor_term_slope,shap_mean_abs,0.0012459139106795192,macro
NOR_15Y,5,Block_GFC,GFC,block_cv,swap_ibor_basis,shap_mean_abs,0.0,curve
NOR_15Y,5,Block_GFC,GFC,block_cv,move_level,shap_mean_abs,0.00025364593602716923,vol
NOR_15Y,5,Block_GFC,GFC,block_cv,move_zscore,shap_mean_abs,0.000142974968184717,vol
NOR_15Y,5,Block_GFC,GFC,block_cv,vix_level,shap_mean_abs,7.324110629269853e-05,vol
NOR_15Y,5,Block_GFC,GFC,block_cv,vix_zscore,shap_mean_abs,0.0,vol
NOR_15Y,5,Block_GFC,GFC,block_cv,v2x_level,shap_mean_abs,0.0,vol
NOR_15Y,5,Block_GFC,GFC,block_cv,vxn_level,shap_mean_abs,0.0,vol
NOR_15Y,5,Block_GFC,GFC,block_cv,ovx_level,shap_mean_abs,0.0,vol
NOR_15Y,5,Block_GFC,GFC,block_cv,gvz_level,shap_mean_abs,0.0,vol
NOR_15Y,5,Block_GFC,GFC,block_cv,spx_mom_1m,shap_mean_abs,0.0,macro
NOR_15Y,5,Block_GFC,GFC,block_cv,spx_mom_3m,shap_mean_abs,0.0,macro
NOR_15Y,5,Block_GFC,GFC,block_cv,sx5e_mom_1m,shap_mean_abs,0.0,macro
NOR_15Y,5,Block_GFC,GFC,block_cv,sx5e_mom_3m,shap_mean_abs,0.0,macro
NOR_15Y,5,Block_GFC,GFC,block_cv,mxwo_mom_1m,shap_mean_abs,0.0,macro
NOR_15Y,5,Block_GFC,GFC,block_cv,ndx_mom_1m,shap_mean_abs,0.0003352409112267196,macro
NOR_15Y,5,Block_GFC,GFC,block_cv,oil_mom_1m,shap_mean_abs,0.001790960319340229,macro
NOR_15Y,5,Block_GFC,GFC,block_cv,oil_mom_3m,shap_mean_abs,0.0,macro
NOR_15Y,5,Block_GFC,GFC,block_cv,copper_mom_1m,shap_mean_abs,3.613591252360493e-05,macro
NOR_15Y,5,Block_GFC,GFC,block_cv,opec_prod,shap_mean_abs,0.0,macro
NOR_15Y,5,Block_GFC,GFC,block_cv,natgas_mom_1m,shap_mean_abs,0.0002257895248476416,macro
NOR_15Y,5,Block_GFC,GFC,block_cv,be5y_level,shap_mean_abs,0.0,macro
NOR_15Y,5,Block_GFC,GFC,block_cv,be10y_level,shap_mean_abs,0.0,macro
NOR_15Y,5,Block_GFC,GFC,block_cv,be_slope,shap_mean_abs,0.0,macro
NOR_15Y,5,Block_GFC,GFC,block_cv,be5y_chg_1m,shap_mean_abs,0.0,macro
NOR_15Y,5,Block_GFC,GFC,block_cv,ig_spread,shap_mean_abs,0.0,credit
NOR_15Y,5,Block_GFC,GFC,block_cv,hy_spread,shap_mean_abs,0.0,credit
NOR_15Y,5,Block_GFC,GFC,block_cv,ig_chg_1m,shap_mean_abs,0.0,credit
NOR_15Y,5,Block_GFC,GFC,block_cv,hy_chg_1m,shap_mean_abs,0.0,credit
NOR_15Y,5,Block_GFC,GFC,block_cv,cpi_yoy,shap_mean_abs,0.0,macro
NOR_15Y,5,Block_GFC,GFC,block_cv,pce_core_chg,shap_mean_abs,0.00016974899335764349,macro
NOR_15Y,5,Block_GFC,GFC,block_cv,nfp_change,shap_mean_abs,0.0,macro
NOR_15Y,5,Block_GFC,GFC,block_cv,pmi_us,shap_mean_abs,0.0,macro
NOR_15Y,5,Block_GFC,GFC,block_cv,pmi_eur,shap_mean_abs,0.0016809131484478712,macro
NOR_15Y,5,Block_GFC,GFC,block_cv,unemp_eur,shap_mean_abs,0.0,macro
NOR_15Y,5,Block_GFC,GFC,block_cv,cpi_nsa_level,shap_mean_abs,0.0,macro
NOR_15Y,5,Block_GFC,GFC,block_cv,pce_core_level,shap_mean_abs,0.0,macro
NOR_15Y,5,Block_GFC,GFC,block_cv,eur_3m,shap_mean_abs,0.0,macro
NOR_15Y,5,Block_GFC,GFC,block_cv,eur_1w,shap_mean_abs,0.0,macro
NOR_15Y,5,Block_GFC,GFC,block_cv,nor_ibor_1m,shap_mean_abs,0.0,norway
NOR_15Y,5,Block_GFC,GFC,block_cv,nor_ibor_6m,shap_mean_abs,0.0,norway
NOR_15Y,5,Block_GFC,GFC,block_cv,nor_ecb_dfr_chg,shap_mean_abs,0.0,norway
NOR_15Y,5,Block_GFC,GFC,block_cv,nor_ecb_dfr_level,shap_mean_abs,0.0,norway
NOR_15Y,5,Block_GFC,GFC,block_cv,nor_eurnok_chg_1d,shap_mean_abs,0.0,norway
NOR_15Y,5,Block_GFC,GFC,block_cv,nor_eurnok_level,shap_mean_abs,0.0,norway
NOR_15Y,5,Block_GFC,GFC,block_cv,nor_eurnok_mom_1m,shap_mean_abs,0.0,norway
NOR_15Y,5,Block_GFC,GFC,block_cv,nor_eurnok_mom_3m,shap_mean_abs,0.0006091240211389959,norway
NOR_15Y,5,Block_GFC,GFC,block_cv,nor_eurnok_rvol_20d,shap_mean_abs,0.00029478545184247196,norway
NOR_15Y,5,Block_GFC,GFC,block_cv,nor_govt_10y,shap_mean_abs,0.0,norway
NOR_15Y,5,Block_GFC,GFC,block_cv,nor_govt_3y,shap_mean_abs,0.0,norway
NOR_15Y,5,Block_GFC,GFC,block_cv,nor_govt_5y,shap_mean_abs,0.0001005069279926829,norway
NOR_15Y,5,Block_GFC,GFC,block_cv,nor_i44_chg_1d,shap_mean_abs,7.124937837943435e-05,norway
NOR_15Y,5,Block_GFC,GFC,block_cv,nor_i44_level,shap_mean_abs,0.0,norway
NOR_15Y,5,Block_GFC,GFC,block_cv,nor_i44_mom_1m,shap_mean_abs,0.0,norway
NOR_15Y,5,Block_GFC,GFC,block_cv,nor_i44_mom_3m,shap_mean_abs,0.0002504932344891131,norway
NOR_15Y,5,Block_GFC,GFC,block_cv,nor_i44_rvol_20d,shap_mean_abs,9.839065023697913e-05,norway
NOR_15Y,5,Block_GFC,GFC,block_cv,nor_kpi_yoy,shap_mean_abs,0.00025319744599983096,norway
NOR_15Y,5,Block_GFC,GFC,block_cv,nor_kpijae_yoy,shap_mean_abs,0.0,norway
NOR_15Y,5,Block_GFC,GFC,block_cv,nor_nibor_nowa_spread,shap_mean_abs,0.0,norway
NOR_15Y,5,Block_GFC,GFC,block_cv,nor_nowa_level,shap_mean_abs,0.0,norway
NOR_15Y,5,Block_GFC,GFC,block_cv,nor_polrate_chg_1d,shap_mean_abs,0.0,norway
NOR_15Y,5,Block_GFC,GFC,block_cv,nor_polrate_days_since_chg,shap_mean_abs,0.00017898793157655746,norway
NOR_15Y,5,Block_GFC,GFC,block_cv,nor_polrate_level,shap_mean_abs,0.0,norway
NOR_15Y,5,Block_GFC,GFC,block_cv,nor_rb_rate_chg,shap_mean_abs,0.0,norway
NOR_15Y,5,Block_GFC,GFC,block_cv,nor_rb_rate_level,shap_mean_abs,0.0,norway
NOR_15Y,5,Block_GFC,GFC,block_cv,nor_unemp,shap_mean_abs,0.00022262912534642965,norway
NOR_15Y,5,Block_GFC,GFC,block_cv,nor_usdnok_chg_1d,shap_mean_abs,0.0,norway
NOR_15Y,5,Block_GFC,GFC,block_cv,nor_usdnok_level,shap_mean_abs,0.0,norway
NOR_15Y,5,Block_GFC,GFC,block_cv,nor_usdnok_mom_1m,shap_mean_abs,0.00029388864641077816,norway
NOR_15Y,5,Block_GFC,GFC,block_cv,nor_usdnok_mom_3m,shap_mean_abs,0.0005566770560108125,norway
NOR_15Y,5,Block_GFC,GFC,block_cv,nor_usdnok_rvol_20d,shap_mean_abs,0.00013447734818328172,norway
NOR_15Y,5,Block_GFC,GFC,block_cv,swap_govt_spread,shap_mean_abs,0.0,norway
NOR_15Y,5,Block_GFC,GFC,block_cv,xmpca_01,shap_mean_abs,0.0013102632947266102,cross_market
NOR_15Y,5,Block_GFC,GFC,block_cv,xmpca_02,shap_mean_abs,2.6732855985756032e-05,cross_market
NOR_15Y,5,Block_GFC,GFC,block_cv,xmpca_03,shap_mean_abs,0.0,cross_market
NOR_15Y,5,Block_GFC,GFC,block_cv,xmpca_04,shap_mean_abs,5.052006235928275e-05,cross_market
NOR_15Y,5,Block_GFC,GFC,block_cv,xmpca_05,shap_mean_abs,0.0,cross_market
NOR_15Y,5,Block_GFC,GFC,block_cv,xmpca_06,shap_mean_abs,6.67330896249041e-05,cross_market
NOR_15Y,5,Block_GFC,GFC,block_cv,xmpca_07,shap_mean_abs,3.5076365747954696e-05,cross_market
NOR_15Y,5,Block_GFC,GFC,block_cv,xmpca_08,shap_mean_abs,0.00030162205803208053,cross_market
NOR_15Y,5,Block_GFC,GFC,block_cv,xmpca_09,shap_mean_abs,0.0,cross_market
NOR_15Y,5,Block_GFC,GFC,block_cv,xmpca_10,shap_mean_abs,0.0001664534502197057,cross_market
NOR_15Y,5,Block_GFC,GFC,block_cv,xmpca_11,shap_mean_abs,0.0011602806625887752,cross_market
NOR_15Y,5,Block_GFC,GFC,block_cv,xmpca_12,shap_mean_abs,0.0,cross_market
NOR_15Y,5,Block_ZIRP,ZIRP,block_cv,chg_lag1,gain,0.0,momentum
NOR_15Y,5,Block_ZIRP,ZIRP,block_cv,chg_lag2,gain,0.09050832688808441,momentum
NOR_15Y,5,Block_ZIRP,ZIRP,block_cv,chg_lag3,gain,0.0,momentum
NOR_15Y,5,Block_ZIRP,ZIRP,block_cv,chg_lag4,gain,0.0,momentum
NOR_15Y,5,Block_ZIRP,ZIRP,block_cv,chg_lag5,gain,0.0,momentum
NOR_15Y,5,Block_ZIRP,ZIRP,block_cv,carry_roll,gain,0.1335558444261551,carry_roll
NOR_15Y,5,Block_ZIRP,ZIRP,block_cv,mom_63d,gain,0.11602270603179932,momentum
NOR_15Y,5,Block_ZIRP,ZIRP,block_cv,mom_1m,gain,0.20351536571979523,momentum
NOR_15Y,5,Block_ZIRP,ZIRP,block_cv,mom_3m,gain,0.06417156010866165,momentum
NOR_15Y,5,Block_ZIRP,ZIRP,block_cv,mom_6m,gain,0.0,momentum
NOR_15Y,5,Block_ZIRP,ZIRP,block_cv,mom_12m,gain,0.15422268211841583,momentum
NOR_15Y,5,Block_ZIRP,ZIRP,block_cv,dev_ma_3m,gain,0.06989533454179764,curve
NOR_15Y,5,Block_ZIRP,ZIRP,block_cv,dev_ma_12m,gain,0.23539090156555176,curve
NOR_15Y,5,Block_ZIRP,ZIRP,block_cv,vol_20d,gain,0.0,vol
NOR_15Y,5,Block_ZIRP,ZIRP,block_cv,vol_regime,gain,0.0,vol
NOR_15Y,5,Block_ZIRP,ZIRP,block_cv,vol_zscore,gain,0.0,vol
NOR_15Y,5,Block_ZIRP,ZIRP,block_cv,level_zscore,gain,0.08556906878948212,curve
NOR_15Y,5,Block_ZIRP,ZIRP,block_cv,slope_10_1,gain,0.06946714967489243,curve
NOR_15Y,5,Block_ZIRP,ZIRP,block_cv,slope_10_5,gain,0.0,curve
NOR_15Y,5,Block_ZIRP,ZIRP,block_cv,slope_5_1,gain,0.15388166904449463,curve
NOR_15Y,5,Block_ZIRP,ZIRP,block_cv,sofr_mom_1m,gain,0.1070094183087349,macro
NOR_15Y,5,Block_ZIRP,ZIRP,block_cv,ibor_level,gain,0.06559810042381287,macro
NOR_15Y,5,Block_ZIRP,ZIRP,block_cv,ibor_chg_1d,gain,0.05516532063484192,macro
NOR_15Y,5,Block_ZIRP,ZIRP,block_cv,ibor_mom_1m,gain,0.09575261920690536,macro
NOR_15Y,5,Block_ZIRP,ZIRP,block_cv,ibor_term_slope,gain,0.14648950099945068,macro
NOR_15Y,5,Block_ZIRP,ZIRP,block_cv,swap_ibor_basis,gain,0.0,curve
NOR_15Y,5,Block_ZIRP,ZIRP,block_cv,move_level,gain,0.0,vol
NOR_15Y,5,Block_ZIRP,ZIRP,block_cv,move_zscore,gain,0.0,vol
NOR_15Y,5,Block_ZIRP,ZIRP,block_cv,vix_level,gain,0.0,vol
NOR_15Y,5,Block_ZIRP,ZIRP,block_cv,vix_zscore,gain,0.0,vol
NOR_15Y,5,Block_ZIRP,ZIRP,block_cv,v2x_level,gain,0.0,vol
NOR_15Y,5,Block_ZIRP,ZIRP,block_cv,vxn_level,gain,0.0,vol
NOR_15Y,5,Block_ZIRP,ZIRP,block_cv,ovx_level,gain,0.0,vol
NOR_15Y,5,Block_ZIRP,ZIRP,block_cv,gvz_level,gain,0.0,vol
NOR_15Y,5,Block_ZIRP,ZIRP,block_cv,spx_mom_1m,gain,0.13075701892375946,macro
NOR_15Y,5,Block_ZIRP,ZIRP,block_cv,spx_mom_3m,gain,0.09494953602552414,macro
NOR_15Y,5,Block_ZIRP,ZIRP,block_cv,sx5e_mom_1m,gain,0.06344211101531982,macro
NOR_15Y,5,Block_ZIRP,ZIRP,block_cv,sx5e_mom_3m,gain,0.0,macro
NOR_15Y,5,Block_ZIRP,ZIRP,block_cv,mxwo_mom_1m,gain,0.0,macro
NOR_15Y,5,Block_ZIRP,ZIRP,block_cv,ndx_mom_1m,gain,0.0,macro
NOR_15Y,5,Block_ZIRP,ZIRP,block_cv,oil_mom_1m,gain,0.039424553513526917,macro
NOR_15Y,5,Block_ZIRP,ZIRP,block_cv,oil_mom_3m,gain,0.06388703733682632,macro
NOR_15Y,5,Block_ZIRP,ZIRP,block_cv,copper_mom_1m,gain,0.1716059148311615,macro
NOR_15Y,5,Block_ZIRP,ZIRP,block_cv,opec_prod,gain,0.05976908653974533,macro
NOR_15Y,5,Block_ZIRP,ZIRP,block_cv,natgas_mom_1m,gain,0.0,macro
NOR_15Y,5,Block_ZIRP,ZIRP,block_cv,be5y_level,gain,0.0,macro
NOR_15Y,5,Block_ZIRP,ZIRP,block_cv,be10y_level,gain,0.0,macro
NOR_15Y,5,Block_ZIRP,ZIRP,block_cv,be_slope,gain,0.09073087573051453,macro
NOR_15Y,5,Block_ZIRP,ZIRP,block_cv,be5y_chg_1m,gain,0.0,macro
NOR_15Y,5,Block_ZIRP,ZIRP,block_cv,ig_spread,gain,0.0,credit
NOR_15Y,5,Block_ZIRP,ZIRP,block_cv,hy_spread,gain,0.0,credit
NOR_15Y,5,Block_ZIRP,ZIRP,block_cv,ig_chg_1m,gain,0.0,credit
NOR_15Y,5,Block_ZIRP,ZIRP,block_cv,hy_chg_1m,gain,0.0,credit
NOR_15Y,5,Block_ZIRP,ZIRP,block_cv,cpi_yoy,gain,0.09368433058261871,macro
NOR_15Y,5,Block_ZIRP,ZIRP,block_cv,pce_core_chg,gain,0.0,macro
NOR_15Y,5,Block_ZIRP,ZIRP,block_cv,nfp_change,gain,0.0,macro
NOR_15Y,5,Block_ZIRP,ZIRP,block_cv,pmi_us,gain,0.0,macro
NOR_15Y,5,Block_ZIRP,ZIRP,block_cv,pmi_eur,gain,0.12688152492046356,macro
NOR_15Y,5,Block_ZIRP,ZIRP,block_cv,unemp_eur,gain,0.0,macro
NOR_15Y,5,Block_ZIRP,ZIRP,block_cv,cpi_nsa_level,gain,0.0,macro
NOR_15Y,5,Block_ZIRP,ZIRP,block_cv,pce_core_level,gain,0.0,macro
NOR_15Y,5,Block_ZIRP,ZIRP,block_cv,eur_3m,gain,0.09753881394863129,macro
NOR_15Y,5,Block_ZIRP,ZIRP,block_cv,eur_1w,gain,0.0,macro
NOR_15Y,5,Block_ZIRP,ZIRP,block_cv,nor_ibor_1m,gain,0.03360585868358612,norway
NOR_15Y,5,Block_ZIRP,ZIRP,block_cv,nor_ibor_6m,gain,0.07147625088691711,norway
NOR_15Y,5,Block_ZIRP,ZIRP,block_cv,nor_ecb_dfr_chg,gain,0.0,norway
NOR_15Y,5,Block_ZIRP,ZIRP,block_cv,nor_ecb_dfr_level,gain,0.0,norway
NOR_15Y,5,Block_ZIRP,ZIRP,block_cv,nor_eurnok_chg_1d,gain,0.1014619767665863,norway
NOR_15Y,5,Block_ZIRP,ZIRP,block_cv,nor_eurnok_level,gain,0.0,norway
NOR_15Y,5,Block_ZIRP,ZIRP,block_cv,nor_eurnok_mom_1m,gain,0.08617936819791794,norway
NOR_15Y,5,Block_ZIRP,ZIRP,block_cv,nor_eurnok_mom_3m,gain,0.08455955982208252,norway
NOR_15Y,5,Block_ZIRP,ZIRP,block_cv,nor_eurnok_rvol_20d,gain,0.12642735242843628,norway
NOR_15Y,5,Block_ZIRP,ZIRP,block_cv,nor_govt_10y,gain,0.0,norway
NOR_15Y,5,Block_ZIRP,ZIRP,block_cv,nor_govt_3y,gain,0.0,norway
NOR_15Y,5,Block_ZIRP,ZIRP,block_cv,nor_govt_5y,gain,0.0,norway
NOR_15Y,5,Block_ZIRP,ZIRP,block_cv,nor_i44_chg_1d,gain,0.0,norway
NOR_15Y,5,Block_ZIRP,ZIRP,block_cv,nor_i44_level,gain,0.0,norway
NOR_15Y,5,Block_ZIRP,ZIRP,block_cv,nor_i44_mom_1m,gain,0.142584890127182,norway
NOR_15Y,5,Block_ZIRP,ZIRP,block_cv,nor_i44_mom_3m,gain,0.0,norway
NOR_15Y,5,Block_ZIRP,ZIRP,block_cv,nor_i44_rvol_20d,gain,0.14333747327327728,norway
NOR_15Y,5,Block_ZIRP,ZIRP,block_cv,nor_kpi_yoy,gain,0.0,norway
NOR_15Y,5,Block_ZIRP,ZIRP,block_cv,nor_kpijae_yoy,gain,0.0,norway
NOR_15Y,5,Block_ZIRP,ZIRP,block_cv,nor_nibor_nowa_spread,gain,0.0,norway
NOR_15Y,5,Block_ZIRP,ZIRP,block_cv,nor_nowa_level,gain,0.0,norway
NOR_15Y,5,Block_ZIRP,ZIRP,block_cv,nor_polrate_chg_1d,gain,0.031929727643728256,norway
NOR_15Y,5,Block_ZIRP,ZIRP,block_cv,nor_polrate_days_since_chg,gain,0.12685541808605194,norway
NOR_15Y,5,Block_ZIRP,ZIRP,block_cv,nor_polrate_level,gain,0.0,norway
NOR_15Y,5,Block_ZIRP,ZIRP,block_cv,nor_rb_rate_chg,gain,0.0,norway
NOR_15Y,5,Block_ZIRP,ZIRP,block_cv,nor_rb_rate_level,gain,0.0,norway
NOR_15Y,5,Block_ZIRP,ZIRP,block_cv,nor_unemp,gain,0.0,norway
NOR_15Y,5,Block_ZIRP,ZIRP,block_cv,nor_usdnok_chg_1d,gain,0.0009191110730171204,norway
NOR_15Y,5,Block_ZIRP,ZIRP,block_cv,nor_usdnok_level,gain,0.10012239962816238,norway
NOR_15Y,5,Block_ZIRP,ZIRP,block_cv,nor_usdnok_mom_1m,gain,0.1292416751384735,norway
NOR_15Y,5,Block_ZIRP,ZIRP,block_cv,nor_usdnok_mom_3m,gain,0.09961466491222382,norway
NOR_15Y,5,Block_ZIRP,ZIRP,block_cv,nor_usdnok_rvol_20d,gain,0.0,norway
NOR_15Y,5,Block_ZIRP,ZIRP,block_cv,swap_govt_spread,gain,0.0,norway
NOR_15Y,5,Block_ZIRP,ZIRP,block_cv,xmpca_01,gain,0.0,cross_market
NOR_15Y,5,Block_ZIRP,ZIRP,block_cv,xmpca_02,gain,0.00789208710193634,cross_market
NOR_15Y,5,Block_ZIRP,ZIRP,block_cv,xmpca_03,gain,0.10798098891973495,cross_market
NOR_15Y,5,Block_ZIRP,ZIRP,block_cv,xmpca_04,gain,0.0,cross_market
NOR_15Y,5,Block_ZIRP,ZIRP,block_cv,xmpca_05,gain,0.0,cross_market
NOR_15Y,5,Block_ZIRP,ZIRP,block_cv,xmpca_06,gain,0.0,cross_market
NOR_15Y,5,Block_ZIRP,ZIRP,block_cv,xmpca_07,gain,0.03656643256545067,cross_market
NOR_15Y,5,Block_ZIRP,ZIRP,block_cv,xmpca_08,gain,0.0,cross_market
NOR_15Y,5,Block_ZIRP,ZIRP,block_cv,xmpca_09,gain,0.0506972074508667,cross_market
NOR_15Y,5,Block_ZIRP,ZIRP,block_cv,xmpca_10,gain,0.07984262704849243,cross_market
NOR_15Y,5,Block_ZIRP,ZIRP,block_cv,xmpca_11,gain,0.11415904760360718,cross_market
NOR_15Y,5,Block_ZIRP,ZIRP,block_cv,xmpca_12,gain,0.0,cross_market
NOR_15Y,5,Block_ZIRP,ZIRP,block_cv,chg_lag1,weight,0.0,momentum
NOR_15Y,5,Block_ZIRP,ZIRP,block_cv,chg_lag2,weight,2.0,momentum
NOR_15Y,5,Block_ZIRP,ZIRP,block_cv,chg_lag3,weight,0.0,momentum
NOR_15Y,5,Block_ZIRP,ZIRP,block_cv,chg_lag4,weight,0.0,momentum
NOR_15Y,5,Block_ZIRP,ZIRP,block_cv,chg_lag5,weight,0.0,momentum
NOR_15Y,5,Block_ZIRP,ZIRP,block_cv,carry_roll,weight,2.0,carry_roll
NOR_15Y,5,Block_ZIRP,ZIRP,block_cv,mom_63d,weight,1.0,momentum
NOR_15Y,5,Block_ZIRP,ZIRP,block_cv,mom_1m,weight,3.0,momentum
NOR_15Y,5,Block_ZIRP,ZIRP,block_cv,mom_3m,weight,3.0,momentum
NOR_15Y,5,Block_ZIRP,ZIRP,block_cv,mom_6m,weight,0.0,momentum
NOR_15Y,5,Block_ZIRP,ZIRP,block_cv,mom_12m,weight,6.0,momentum
NOR_15Y,5,Block_ZIRP,ZIRP,block_cv,dev_ma_3m,weight,3.0,curve
NOR_15Y,5,Block_ZIRP,ZIRP,block_cv,dev_ma_12m,weight,5.0,curve
NOR_15Y,5,Block_ZIRP,ZIRP,block_cv,vol_20d,weight,0.0,vol
NOR_15Y,5,Block_ZIRP,ZIRP,block_cv,vol_regime,weight,0.0,vol
NOR_15Y,5,Block_ZIRP,ZIRP,block_cv,vol_zscore,weight,0.0,vol
NOR_15Y,5,Block_ZIRP,ZIRP,block_cv,level_zscore,weight,2.0,curve
NOR_15Y,5,Block_ZIRP,ZIRP,block_cv,slope_10_1,weight,1.0,curve
NOR_15Y,5,Block_ZIRP,ZIRP,block_cv,slope_10_5,weight,0.0,curve
NOR_15Y,5,Block_ZIRP,ZIRP,block_cv,slope_5_1,weight,1.0,curve
NOR_15Y,5,Block_ZIRP,ZIRP,block_cv,sofr_mom_1m,weight,6.0,macro
NOR_15Y,5,Block_ZIRP,ZIRP,block_cv,ibor_level,weight,4.0,macro
NOR_15Y,5,Block_ZIRP,ZIRP,block_cv,ibor_chg_1d,weight,3.0,macro
NOR_15Y,5,Block_ZIRP,ZIRP,block_cv,ibor_mom_1m,weight,6.0,macro
NOR_15Y,5,Block_ZIRP,ZIRP,block_cv,ibor_term_slope,weight,1.0,macro
NOR_15Y,5,Block_ZIRP,ZIRP,block_cv,swap_ibor_basis,weight,0.0,curve
NOR_15Y,5,Block_ZIRP,ZIRP,block_cv,move_level,weight,0.0,vol
NOR_15Y,5,Block_ZIRP,ZIRP,block_cv,move_zscore,weight,0.0,vol
NOR_15Y,5,Block_ZIRP,ZIRP,block_cv,vix_level,weight,0.0,vol
NOR_15Y,5,Block_ZIRP,ZIRP,block_cv,vix_zscore,weight,0.0,vol
NOR_15Y,5,Block_ZIRP,ZIRP,block_cv,v2x_level,weight,0.0,vol
NOR_15Y,5,Block_ZIRP,ZIRP,block_cv,vxn_level,weight,0.0,vol
NOR_15Y,5,Block_ZIRP,ZIRP,block_cv,ovx_level,weight,0.0,vol
NOR_15Y,5,Block_ZIRP,ZIRP,block_cv,gvz_level,weight,0.0,vol
NOR_15Y,5,Block_ZIRP,ZIRP,block_cv,spx_mom_1m,weight,5.0,macro
NOR_15Y,5,Block_ZIRP,ZIRP,block_cv,spx_mom_3m,weight,3.0,macro
NOR_15Y,5,Block_ZIRP,ZIRP,block_cv,sx5e_mom_1m,weight,1.0,macro
NOR_15Y,5,Block_ZIRP,ZIRP,block_cv,sx5e_mom_3m,weight,0.0,macro
NOR_15Y,5,Block_ZIRP,ZIRP,block_cv,mxwo_mom_1m,weight,0.0,macro
NOR_15Y,5,Block_ZIRP,ZIRP,block_cv,ndx_mom_1m,weight,0.0,macro
NOR_15Y,5,Block_ZIRP,ZIRP,block_cv,oil_mom_1m,weight,4.0,macro
NOR_15Y,5,Block_ZIRP,ZIRP,block_cv,oil_mom_3m,weight,5.0,macro
NOR_15Y,5,Block_ZIRP,ZIRP,block_cv,copper_mom_1m,weight,4.0,macro
NOR_15Y,5,Block_ZIRP,ZIRP,block_cv,opec_prod,weight,2.0,macro
NOR_15Y,5,Block_ZIRP,ZIRP,block_cv,natgas_mom_1m,weight,0.0,macro
NOR_15Y,5,Block_ZIRP,ZIRP,block_cv,be5y_level,weight,0.0,macro
NOR_15Y,5,Block_ZIRP,ZIRP,block_cv,be10y_level,weight,0.0,macro
NOR_15Y,5,Block_ZIRP,ZIRP,block_cv,be_slope,weight,2.0,macro
NOR_15Y,5,Block_ZIRP,ZIRP,block_cv,be5y_chg_1m,weight,0.0,macro
NOR_15Y,5,Block_ZIRP,ZIRP,block_cv,ig_spread,weight,0.0,credit
NOR_15Y,5,Block_ZIRP,ZIRP,block_cv,hy_spread,weight,0.0,credit
NOR_15Y,5,Block_ZIRP,ZIRP,block_cv,ig_chg_1m,weight,0.0,credit
NOR_15Y,5,Block_ZIRP,ZIRP,block_cv,hy_chg_1m,weight,0.0,credit
NOR_15Y,5,Block_ZIRP,ZIRP,block_cv,cpi_yoy,weight,1.0,macro
NOR_15Y,5,Block_ZIRP,ZIRP,block_cv,pce_core_chg,weight,0.0,macro
NOR_15Y,5,Block_ZIRP,ZIRP,block_cv,nfp_change,weight,0.0,macro
NOR_15Y,5,Block_ZIRP,ZIRP,block_cv,pmi_us,weight,0.0,macro
NOR_15Y,5,Block_ZIRP,ZIRP,block_cv,pmi_eur,weight,5.0,macro
NOR_15Y,5,Block_ZIRP,ZIRP,block_cv,unemp_eur,weight,0.0,macro
NOR_15Y,5,Block_ZIRP,ZIRP,block_cv,cpi_nsa_level,weight,0.0,macro
NOR_15Y,5,Block_ZIRP,ZIRP,block_cv,pce_core_level,weight,0.0,macro
NOR_15Y,5,Block_ZIRP,ZIRP,block_cv,eur_3m,weight,1.0,macro
NOR_15Y,5,Block_ZIRP,ZIRP,block_cv,eur_1w,weight,0.0,macro
NOR_15Y,5,Block_ZIRP,ZIRP,block_cv,nor_ibor_1m,weight,1.0,norway
NOR_15Y,5,Block_ZIRP,ZIRP,block_cv,nor_ibor_6m,weight,1.0,norway
NOR_15Y,5,Block_ZIRP,ZIRP,block_cv,nor_ecb_dfr_chg,weight,0.0,norway
NOR_15Y,5,Block_ZIRP,ZIRP,block_cv,nor_ecb_dfr_level,weight,0.0,norway
NOR_15Y,5,Block_ZIRP,ZIRP,block_cv,nor_eurnok_chg_1d,weight,1.0,norway
NOR_15Y,5,Block_ZIRP,ZIRP,block_cv,nor_eurnok_level,weight,0.0,norway
NOR_15Y,5,Block_ZIRP,ZIRP,block_cv,nor_eurnok_mom_1m,weight,2.0,norway
NOR_15Y,5,Block_ZIRP,ZIRP,block_cv,nor_eurnok_mom_3m,weight,3.0,norway
NOR_15Y,5,Block_ZIRP,ZIRP,block_cv,nor_eurnok_rvol_20d,weight,5.0,norway
NOR_15Y,5,Block_ZIRP,ZIRP,block_cv,nor_govt_10y,weight,0.0,norway
NOR_15Y,5,Block_ZIRP,ZIRP,block_cv,nor_govt_3y,weight,0.0,norway
NOR_15Y,5,Block_ZIRP,ZIRP,block_cv,nor_govt_5y,weight,0.0,norway
NOR_15Y,5,Block_ZIRP,ZIRP,block_cv,nor_i44_chg_1d,weight,0.0,norway
NOR_15Y,5,Block_ZIRP,ZIRP,block_cv,nor_i44_level,weight,0.0,norway
NOR_15Y,5,Block_ZIRP,ZIRP,block_cv,nor_i44_mom_1m,weight,1.0,norway
NOR_15Y,5,Block_ZIRP,ZIRP,block_cv,nor_i44_mom_3m,weight,0.0,norway
NOR_15Y,5,Block_ZIRP,ZIRP,block_cv,nor_i44_rvol_20d,weight,2.0,norway
NOR_15Y,5,Block_ZIRP,ZIRP,block_cv,nor_kpi_yoy,weight,0.0,norway
NOR_15Y,5,Block_ZIRP,ZIRP,block_cv,nor_kpijae_yoy,weight,0.0,norway
NOR_15Y,5,Block_ZIRP,ZIRP,block_cv,nor_nibor_nowa_spread,weight,0.0,norway
NOR_15Y,5,Block_ZIRP,ZIRP,block_cv,nor_nowa_level,weight,0.0,norway
NOR_15Y,5,Block_ZIRP,ZIRP,block_cv,nor_polrate_chg_1d,weight,1.0,norway
NOR_15Y,5,Block_ZIRP,ZIRP,block_cv,nor_polrate_days_since_chg,weight,1.0,norway
NOR_15Y,5,Block_ZIRP,ZIRP,block_cv,nor_polrate_level,weight,0.0,norway
NOR_15Y,5,Block_ZIRP,ZIRP,block_cv,nor_rb_rate_chg,weight,0.0,norway
NOR_15Y,5,Block_ZIRP,ZIRP,block_cv,nor_rb_rate_level,weight,0.0,norway
NOR_15Y,5,Block_ZIRP,ZIRP,block_cv,nor_unemp,weight,0.0,norway
NOR_15Y,5,Block_ZIRP,ZIRP,block_cv,nor_usdnok_chg_1d,weight,1.0,norway
NOR_15Y,5,Block_ZIRP,ZIRP,block_cv,nor_usdnok_level,weight,1.0,norway
NOR_15Y,5,Block_ZIRP,ZIRP,block_cv,nor_usdnok_mom_1m,weight,2.0,norway
NOR_15Y,5,Block_ZIRP,ZIRP,block_cv,nor_usdnok_mom_3m,weight,2.0,norway
NOR_15Y,5,Block_ZIRP,ZIRP,block_cv,nor_usdnok_rvol_20d,weight,0.0,norway
NOR_15Y,5,Block_ZIRP,ZIRP,block_cv,swap_govt_spread,weight,0.0,norway
NOR_15Y,5,Block_ZIRP,ZIRP,block_cv,xmpca_01,weight,0.0,cross_market
NOR_15Y,5,Block_ZIRP,ZIRP,block_cv,xmpca_02,weight,1.0,cross_market
NOR_15Y,5,Block_ZIRP,ZIRP,block_cv,xmpca_03,weight,1.0,cross_market
NOR_15Y,5,Block_ZIRP,ZIRP,block_cv,xmpca_04,weight,0.0,cross_market
NOR_15Y,5,Block_ZIRP,ZIRP,block_cv,xmpca_05,weight,0.0,cross_market
NOR_15Y,5,Block_ZIRP,ZIRP,block_cv,xmpca_06,weight,0.0,cross_market
NOR_15Y,5,Block_ZIRP,ZIRP,block_cv,xmpca_07,weight,1.0,cross_market
NOR_15Y,5,Block_ZIRP,ZIRP,block_cv,xmpca_08,weight,0.0,cross_market
NOR_15Y,5,Block_ZIRP,ZIRP,block_cv,xmpca_09,weight,1.0,cross_market
NOR_15Y,5,Block_ZIRP,ZIRP,block_cv,xmpca_10,weight,1.0,cross_market
NOR_15Y,5,Block_ZIRP,ZIRP,block_cv,xmpca_11,weight,1.0,cross_market
NOR_15Y,5,Block_ZIRP,ZIRP,block_cv,xmpca_12,weight,0.0,cross_market
NOR_15Y,5,Block_ZIRP,ZIRP,block_cv,chg_lag1,cover,0.0,momentum
NOR_15Y,5,Block_ZIRP,ZIRP,block_cv,chg_lag2,cover,227.5,momentum
NOR_15Y,5,Block_ZIRP,ZIRP,block_cv,chg_lag3,cover,0.0,momentum
NOR_15Y,5,Block_ZIRP,ZIRP,block_cv,chg_lag4,cover,0.0,momentum
NOR_15Y,5,Block_ZIRP,ZIRP,block_cv,chg_lag5,cover,0.0,momentum
NOR_15Y,5,Block_ZIRP,ZIRP,block_cv,carry_roll,cover,763.0,carry_roll
NOR_15Y,5,Block_ZIRP,ZIRP,block_cv,mom_63d,cover,161.0,momentum
NOR_15Y,5,Block_ZIRP,ZIRP,block_cv,mom_1m,cover,1935.0,momentum
NOR_15Y,5,Block_ZIRP,ZIRP,block_cv,mom_3m,cover,316.6666564941406,momentum
NOR_15Y,5,Block_ZIRP,ZIRP,block_cv,mom_6m,cover,0.0,momentum
NOR_15Y,5,Block_ZIRP,ZIRP,block_cv,mom_12m,cover,290.1666564941406,momentum
NOR_15Y,5,Block_ZIRP,ZIRP,block_cv,dev_ma_3m,cover,107.33333587646484,curve
NOR_15Y,5,Block_ZIRP,ZIRP,block_cv,dev_ma_12m,cover,1935.0,curve
NOR_15Y,5,Block_ZIRP,ZIRP,block_cv,vol_20d,cover,0.0,vol
NOR_15Y,5,Block_ZIRP,ZIRP,block_cv,vol_regime,cover,0.0,vol
NOR_15Y,5,Block_ZIRP,ZIRP,block_cv,vol_zscore,cover,0.0,vol
NOR_15Y,5,Block_ZIRP,ZIRP,block_cv,level_zscore,cover,92.5,curve
NOR_15Y,5,Block_ZIRP,ZIRP,block_cv,slope_10_1,cover,108.0,curve
NOR_15Y,5,Block_ZIRP,ZIRP,block_cv,slope_10_5,cover,0.0,curve
NOR_15Y,5,Block_ZIRP,ZIRP,block_cv,slope_5_1,cover,1671.0,curve
NOR_15Y,5,Block_ZIRP,ZIRP,block_cv,sofr_mom_1m,cover,1064.8333740234375,macro
NOR_15Y,5,Block_ZIRP,ZIRP,block_cv,ibor_level,cover,489.25,macro
NOR_15Y,5,Block_ZIRP,ZIRP,block_cv,ibor_chg_1d,cover,643.0,macro
NOR_15Y,5,Block_ZIRP,ZIRP,block_cv,ibor_mom_1m,cover,1082.0,macro
NOR_15Y,5,Block_ZIRP,ZIRP,block_cv,ibor_term_slope,cover,413.0,macro
NOR_15Y,5,Block_ZIRP,ZIRP,block_cv,swap_ibor_basis,cover,0.0,curve
NOR_15Y,5,Block_ZIRP,ZIRP,block_cv,move_level,cover,0.0,vol
NOR_15Y,5,Block_ZIRP,ZIRP,block_cv,move_zscore,cover,0.0,vol
NOR_15Y,5,Block_ZIRP,ZIRP,block_cv,vix_level,cover,0.0,vol
NOR_15Y,5,Block_ZIRP,ZIRP,block_cv,vix_zscore,cover,0.0,vol
NOR_15Y,5,Block_ZIRP,ZIRP,block_cv,v2x_level,cover,0.0,vol
NOR_15Y,5,Block_ZIRP,ZIRP,block_cv,vxn_level,cover,0.0,vol
NOR_15Y,5,Block_ZIRP,ZIRP,block_cv,ovx_level,cover,0.0,vol
NOR_15Y,5,Block_ZIRP,ZIRP,block_cv,gvz_level,cover,0.0,vol
NOR_15Y,5,Block_ZIRP,ZIRP,block_cv,spx_mom_1m,cover,1527.5999755859375,macro
NOR_15Y,5,Block_ZIRP,ZIRP,block_cv,spx_mom_3m,cover,655.6666870117188,macro
NOR_15Y,5,Block_ZIRP,ZIRP,block_cv,sx5e_mom_1m,cover,134.0,macro
NOR_15Y,5,Block_ZIRP,ZIRP,block_cv,sx5e_mom_3m,cover,0.0,macro
NOR_15Y,5,Block_ZIRP,ZIRP,block_cv,mxwo_mom_1m,cover,0.0,macro
NOR_15Y,5,Block_ZIRP,ZIRP,block_cv,ndx_mom_1m,cover,0.0,macro
NOR_15Y,5,Block_ZIRP,ZIRP,block_cv,oil_mom_1m,cover,423.0,macro
NOR_15Y,5,Block_ZIRP,ZIRP,block_cv,oil_mom_3m,cover,440.20001220703125,macro
NOR_15Y,5,Block_ZIRP,ZIRP,block_cv,copper_mom_1m,cover,314.5,macro
NOR_15Y,5,Block_ZIRP,ZIRP,block_cv,opec_prod,cover,757.0,macro
NOR_15Y,5,Block_ZIRP,ZIRP,block_cv,natgas_mom_1m,cover,0.0,macro
NOR_15Y,5,Block_ZIRP,ZIRP,block_cv,be5y_level,cover,0.0,macro
NOR_15Y,5,Block_ZIRP,ZIRP,block_cv,be10y_level,cover,0.0,macro
NOR_15Y,5,Block_ZIRP,ZIRP,block_cv,be_slope,cover,1608.0,macro
NOR_15Y,5,Block_ZIRP,ZIRP,block_cv,be5y_chg_1m,cover,0.0,macro
NOR_15Y,5,Block_ZIRP,ZIRP,block_cv,ig_spread,cover,0.0,credit
NOR_15Y,5,Block_ZIRP,ZIRP,block_cv,hy_spread,cover,0.0,credit
NOR_15Y,5,Block_ZIRP,ZIRP,block_cv,ig_chg_1m,cover,0.0,credit
NOR_15Y,5,Block_ZIRP,ZIRP,block_cv,hy_chg_1m,cover,0.0,credit
NOR_15Y,5,Block_ZIRP,ZIRP,block_cv,cpi_yoy,cover,1634.0,macro
NOR_15Y,5,Block_ZIRP,ZIRP,block_cv,pce_core_chg,cover,0.0,macro
NOR_15Y,5,Block_ZIRP,ZIRP,block_cv,nfp_change,cover,0.0,macro
NOR_15Y,5,Block_ZIRP,ZIRP,block_cv,pmi_us,cover,0.0,macro
NOR_15Y,5,Block_ZIRP,ZIRP,block_cv,pmi_eur,cover,1785.4000244140625,macro
NOR_15Y,5,Block_ZIRP,ZIRP,block_cv,unemp_eur,cover,0.0,macro
NOR_15Y,5,Block_ZIRP,ZIRP,block_cv,cpi_nsa_level,cover,0.0,macro
NOR_15Y,5,Block_ZIRP,ZIRP,block_cv,pce_core_level,cover,0.0,macro
NOR_15Y,5,Block_ZIRP,ZIRP,block_cv,eur_3m,cover,66.0,macro
NOR_15Y,5,Block_ZIRP,ZIRP,block_cv,eur_1w,cover,0.0,macro
NOR_15Y,5,Block_ZIRP,ZIRP,block_cv,nor_ibor_1m,cover,14.0,norway
NOR_15Y,5,Block_ZIRP,ZIRP,block_cv,nor_ibor_6m,cover,499.0,norway
NOR_15Y,5,Block_ZIRP,ZIRP,block_cv,nor_ecb_dfr_chg,cover,0.0,norway
NOR_15Y,5,Block_ZIRP,ZIRP,block_cv,nor_ecb_dfr_level,cover,0.0,norway
NOR_15Y,5,Block_ZIRP,ZIRP,block_cv,nor_eurnok_chg_1d,cover,274.0,norway
NOR_15Y,5,Block_ZIRP,ZIRP,block_cv,nor_eurnok_level,cover,0.0,norway
NOR_15Y,5,Block_ZIRP,ZIRP,block_cv,nor_eurnok_mom_1m,cover,144.5,norway
NOR_15Y,5,Block_ZIRP,ZIRP,block_cv,nor_eurnok_mom_3m,cover,596.6666870117188,norway
NOR_15Y,5,Block_ZIRP,ZIRP,block_cv,nor_eurnok_rvol_20d,cover,529.4000244140625,norway
NOR_15Y,5,Block_ZIRP,ZIRP,block_cv,nor_govt_10y,cover,0.0,norway
NOR_15Y,5,Block_ZIRP,ZIRP,block_cv,nor_govt_3y,cover,0.0,norway
NOR_15Y,5,Block_ZIRP,ZIRP,block_cv,nor_govt_5y,cover,0.0,norway
NOR_15Y,5,Block_ZIRP,ZIRP,block_cv,nor_i44_chg_1d,cover,0.0,norway
NOR_15Y,5,Block_ZIRP,ZIRP,block_cv,nor_i44_level,cover,0.0,norway
NOR_15Y,5,Block_ZIRP,ZIRP,block_cv,nor_i44_mom_1m,cover,281.0,norway
NOR_15Y,5,Block_ZIRP,ZIRP,block_cv,nor_i44_mom_3m,cover,0.0,norway
NOR_15Y,5,Block_ZIRP,ZIRP,block_cv,nor_i44_rvol_20d,cover,963.0,norway
NOR_15Y,5,Block_ZIRP,ZIRP,block_cv,nor_kpi_yoy,cover,0.0,norway
NOR_15Y,5,Block_ZIRP,ZIRP,block_cv,nor_kpijae_yoy,cover,0.0,norway
NOR_15Y,5,Block_ZIRP,ZIRP,block_cv,nor_nibor_nowa_spread,cover,0.0,norway
NOR_15Y,5,Block_ZIRP,ZIRP,block_cv,nor_nowa_level,cover,0.0,norway
NOR_15Y,5,Block_ZIRP,ZIRP,block_cv,nor_polrate_chg_1d,cover,48.0,norway
NOR_15Y,5,Block_ZIRP,ZIRP,block_cv,nor_polrate_days_since_chg,cover,269.0,norway
NOR_15Y,5,Block_ZIRP,ZIRP,block_cv,nor_polrate_level,cover,0.0,norway
NOR_15Y,5,Block_ZIRP,ZIRP,block_cv,nor_rb_rate_chg,cover,0.0,norway
NOR_15Y,5,Block_ZIRP,ZIRP,block_cv,nor_rb_rate_level,cover,0.0,norway
NOR_15Y,5,Block_ZIRP,ZIRP,block_cv,nor_unemp,cover,0.0,norway
NOR_15Y,5,Block_ZIRP,ZIRP,block_cv,nor_usdnok_chg_1d,cover,10.0,norway
NOR_15Y,5,Block_ZIRP,ZIRP,block_cv,nor_usdnok_level,cover,1839.0,norway
NOR_15Y,5,Block_ZIRP,ZIRP,block_cv,nor_usdnok_mom_1m,cover,993.0,norway
NOR_15Y,5,Block_ZIRP,ZIRP,block_cv,nor_usdnok_mom_3m,cover,1756.5,norway
NOR_15Y,5,Block_ZIRP,ZIRP,block_cv,nor_usdnok_rvol_20d,cover,0.0,norway
NOR_15Y,5,Block_ZIRP,ZIRP,block_cv,swap_govt_spread,cover,0.0,norway
NOR_15Y,5,Block_ZIRP,ZIRP,block_cv,xmpca_01,cover,0.0,cross_market
NOR_15Y,5,Block_ZIRP,ZIRP,block_cv,xmpca_02,cover,14.0,cross_market
NOR_15Y,5,Block_ZIRP,ZIRP,block_cv,xmpca_03,cover,859.0,cross_market
NOR_15Y,5,Block_ZIRP,ZIRP,block_cv,xmpca_04,cover,0.0,cross_market
NOR_15Y,5,Block_ZIRP,ZIRP,block_cv,xmpca_05,cover,0.0,cross_market
NOR_15Y,5,Block_ZIRP,ZIRP,block_cv,xmpca_06,cover,0.0,cross_market
NOR_15Y,5,Block_ZIRP,ZIRP,block_cv,xmpca_07,cover,33.0,cross_market
NOR_15Y,5,Block_ZIRP,ZIRP,block_cv,xmpca_08,cover,0.0,cross_market
NOR_15Y,5,Block_ZIRP,ZIRP,block_cv,xmpca_09,cover,10.0,cross_market
NOR_15Y,5,Block_ZIRP,ZIRP,block_cv,xmpca_10,cover,26.0,cross_market
NOR_15Y,5,Block_ZIRP,ZIRP,block_cv,xmpca_11,cover,148.0,cross_market
NOR_15Y,5,Block_ZIRP,ZIRP,block_cv,xmpca_12,cover,0.0,cross_market
NOR_15Y,5,Block_ZIRP,ZIRP,block_cv,chg_lag1,total_gain,0.0,momentum
NOR_15Y,5,Block_ZIRP,ZIRP,block_cv,chg_lag2,total_gain,0.18101665377616882,momentum
NOR_15Y,5,Block_ZIRP,ZIRP,block_cv,chg_lag3,total_gain,0.0,momentum
NOR_15Y,5,Block_ZIRP,ZIRP,block_cv,chg_lag4,total_gain,0.0,momentum
NOR_15Y,5,Block_ZIRP,ZIRP,block_cv,chg_lag5,total_gain,0.0,momentum
NOR_15Y,5,Block_ZIRP,ZIRP,block_cv,carry_roll,total_gain,0.2671116888523102,carry_roll
NOR_15Y,5,Block_ZIRP,ZIRP,block_cv,mom_63d,total_gain,0.11602270603179932,momentum
NOR_15Y,5,Block_ZIRP,ZIRP,block_cv,mom_1m,total_gain,0.6105461120605469,momentum
NOR_15Y,5,Block_ZIRP,ZIRP,block_cv,mom_3m,total_gain,0.19251468777656555,momentum
NOR_15Y,5,Block_ZIRP,ZIRP,block_cv,mom_6m,total_gain,0.0,momentum
NOR_15Y,5,Block_ZIRP,ZIRP,block_cv,mom_12m,total_gain,0.9253361225128174,momentum
NOR_15Y,5,Block_ZIRP,ZIRP,block_cv,dev_ma_3m,total_gain,0.20968599617481232,curve
NOR_15Y,5,Block_ZIRP,ZIRP,block_cv,dev_ma_12m,total_gain,1.1769545078277588,curve
NOR_15Y,5,Block_ZIRP,ZIRP,block_cv,vol_20d,total_gain,0.0,vol
NOR_15Y,5,Block_ZIRP,ZIRP,block_cv,vol_regime,total_gain,0.0,vol
NOR_15Y,5,Block_ZIRP,ZIRP,block_cv,vol_zscore,total_gain,0.0,vol
NOR_15Y,5,Block_ZIRP,ZIRP,block_cv,level_zscore,total_gain,0.17113813757896423,curve
NOR_15Y,5,Block_ZIRP,ZIRP,block_cv,slope_10_1,total_gain,0.06946714967489243,curve
NOR_15Y,5,Block_ZIRP,ZIRP,block_cv,slope_10_5,total_gain,0.0,curve
NOR_15Y,5,Block_ZIRP,ZIRP,block_cv,slope_5_1,total_gain,0.15388166904449463,curve
NOR_15Y,5,Block_ZIRP,ZIRP,block_cv,sofr_mom_1m,total_gain,0.6420565247535706,macro
NOR_15Y,5,Block_ZIRP,ZIRP,block_cv,ibor_level,total_gain,0.26239240169525146,macro
NOR_15Y,5,Block_ZIRP,ZIRP,block_cv,ibor_chg_1d,total_gain,0.16549596190452576,macro
NOR_15Y,5,Block_ZIRP,ZIRP,block_cv,ibor_mom_1m,total_gain,0.574515700340271,macro
NOR_15Y,5,Block_ZIRP,ZIRP,block_cv,ibor_term_slope,total_gain,0.14648950099945068,macro
NOR_15Y,5,Block_ZIRP,ZIRP,block_cv,swap_ibor_basis,total_gain,0.0,curve
NOR_15Y,5,Block_ZIRP,ZIRP,block_cv,move_level,total_gain,0.0,vol
NOR_15Y,5,Block_ZIRP,ZIRP,block_cv,move_zscore,total_gain,0.0,vol
NOR_15Y,5,Block_ZIRP,ZIRP,block_cv,vix_level,total_gain,0.0,vol
NOR_15Y,5,Block_ZIRP,ZIRP,block_cv,vix_zscore,total_gain,0.0,vol
NOR_15Y,5,Block_ZIRP,ZIRP,block_cv,v2x_level,total_gain,0.0,vol
NOR_15Y,5,Block_ZIRP,ZIRP,block_cv,vxn_level,total_gain,0.0,vol
NOR_15Y,5,Block_ZIRP,ZIRP,block_cv,ovx_level,total_gain,0.0,vol
NOR_15Y,5,Block_ZIRP,ZIRP,block_cv,gvz_level,total_gain,0.0,vol
NOR_15Y,5,Block_ZIRP,ZIRP,block_cv,spx_mom_1m,total_gain,0.6537851095199585,macro
NOR_15Y,5,Block_ZIRP,ZIRP,block_cv,spx_mom_3m,total_gain,0.2848486006259918,macro
NOR_15Y,5,Block_ZIRP,ZIRP,block_cv,sx5e_mom_1m,total_gain,0.06344211101531982,macro
NOR_15Y,5,Block_ZIRP,ZIRP,block_cv,sx5e_mom_3m,total_gain,0.0,macro
NOR_15Y,5,Block_ZIRP,ZIRP,block_cv,mxwo_mom_1m,total_gain,0.0,macro
NOR_15Y,5,Block_ZIRP,ZIRP,block_cv,ndx_mom_1m,total_gain,0.0,macro
NOR_15Y,5,Block_ZIRP,ZIRP,block_cv,oil_mom_1m,total_gain,0.15769821405410767,macro
NOR_15Y,5,Block_ZIRP,ZIRP,block_cv,oil_mom_3m,total_gain,0.319435179233551,macro
NOR_15Y,5,Block_ZIRP,ZIRP,block_cv,copper_mom_1m,total_gain,0.686423659324646,macro
NOR_15Y,5,Block_ZIRP,ZIRP,block_cv,opec_prod,total_gain,0.11953817307949066,macro
NOR_15Y,5,Block_ZIRP,ZIRP,block_cv,natgas_mom_1m,total_gain,0.0,macro
NOR_15Y,5,Block_ZIRP,ZIRP,block_cv,be5y_level,total_gain,0.0,macro
NOR_15Y,5,Block_ZIRP,ZIRP,block_cv,be10y_level,total_gain,0.0,macro
NOR_15Y,5,Block_ZIRP,ZIRP,block_cv,be_slope,total_gain,0.18146175146102905,macro
NOR_15Y,5,Block_ZIRP,ZIRP,block_cv,be5y_chg_1m,total_gain,0.0,macro
NOR_15Y,5,Block_ZIRP,ZIRP,block_cv,ig_spread,total_gain,0.0,credit
NOR_15Y,5,Block_ZIRP,ZIRP,block_cv,hy_spread,total_gain,0.0,credit
NOR_15Y,5,Block_ZIRP,ZIRP,block_cv,ig_chg_1m,total_gain,0.0,credit
NOR_15Y,5,Block_ZIRP,ZIRP,block_cv,hy_chg_1m,total_gain,0.0,credit
NOR_15Y,5,Block_ZIRP,ZIRP,block_cv,cpi_yoy,total_gain,0.09368433058261871,macro
NOR_15Y,5,Block_ZIRP,ZIRP,block_cv,pce_core_chg,total_gain,0.0,macro
NOR_15Y,5,Block_ZIRP,ZIRP,block_cv,nfp_change,total_gain,0.0,macro
NOR_15Y,5,Block_ZIRP,ZIRP,block_cv,pmi_us,total_gain,0.0,macro
NOR_15Y,5,Block_ZIRP,ZIRP,block_cv,pmi_eur,total_gain,0.634407639503479,macro
NOR_15Y,5,Block_ZIRP,ZIRP,block_cv,unemp_eur,total_gain,0.0,macro
NOR_15Y,5,Block_ZIRP,ZIRP,block_cv,cpi_nsa_level,total_gain,0.0,macro
NOR_15Y,5,Block_ZIRP,ZIRP,block_cv,pce_core_level,total_gain,0.0,macro
NOR_15Y,5,Block_ZIRP,ZIRP,block_cv,eur_3m,total_gain,0.09753881394863129,macro
NOR_15Y,5,Block_ZIRP,ZIRP,block_cv,eur_1w,total_gain,0.0,macro
NOR_15Y,5,Block_ZIRP,ZIRP,block_cv,nor_ibor_1m,total_gain,0.03360585868358612,norway
NOR_15Y,5,Block_ZIRP,ZIRP,block_cv,nor_ibor_6m,total_gain,0.07147625088691711,norway
NOR_15Y,5,Block_ZIRP,ZIRP,block_cv,nor_ecb_dfr_chg,total_gain,0.0,norway
NOR_15Y,5,Block_ZIRP,ZIRP,block_cv,nor_ecb_dfr_level,total_gain,0.0,norway
NOR_15Y,5,Block_ZIRP,ZIRP,block_cv,nor_eurnok_chg_1d,total_gain,0.1014619767665863,norway
NOR_15Y,5,Block_ZIRP,ZIRP,block_cv,nor_eurnok_level,total_gain,0.0,norway
NOR_15Y,5,Block_ZIRP,ZIRP,block_cv,nor_eurnok_mom_1m,total_gain,0.17235873639583588,norway
NOR_15Y,5,Block_ZIRP,ZIRP,block_cv,nor_eurnok_mom_3m,total_gain,0.25367867946624756,norway
NOR_15Y,5,Block_ZIRP,ZIRP,block_cv,nor_eurnok_rvol_20d,total_gain,0.6321367621421814,norway
NOR_15Y,5,Block_ZIRP,ZIRP,block_cv,nor_govt_10y,total_gain,0.0,norway
NOR_15Y,5,Block_ZIRP,ZIRP,block_cv,nor_govt_3y,total_gain,0.0,norway
NOR_15Y,5,Block_ZIRP,ZIRP,block_cv,nor_govt_5y,total_gain,0.0,norway
NOR_15Y,5,Block_ZIRP,ZIRP,block_cv,nor_i44_chg_1d,total_gain,0.0,norway
NOR_15Y,5,Block_ZIRP,ZIRP,block_cv,nor_i44_level,total_gain,0.0,norway
NOR_15Y,5,Block_ZIRP,ZIRP,block_cv,nor_i44_mom_1m,total_gain,0.142584890127182,norway
NOR_15Y,5,Block_ZIRP,ZIRP,block_cv,nor_i44_mom_3m,total_gain,0.0,norway
NOR_15Y,5,Block_ZIRP,ZIRP,block_cv,nor_i44_rvol_20d,total_gain,0.28667494654655457,norway
NOR_15Y,5,Block_ZIRP,ZIRP,block_cv,nor_kpi_yoy,total_gain,0.0,norway
NOR_15Y,5,Block_ZIRP,ZIRP,block_cv,nor_kpijae_yoy,total_gain,0.0,norway
NOR_15Y,5,Block_ZIRP,ZIRP,block_cv,nor_nibor_nowa_spread,total_gain,0.0,norway
NOR_15Y,5,Block_ZIRP,ZIRP,block_cv,nor_nowa_level,total_gain,0.0,norway
NOR_15Y,5,Block_ZIRP,ZIRP,block_cv,nor_polrate_chg_1d,total_gain,0.031929727643728256,norway
NOR_15Y,5,Block_ZIRP,ZIRP,block_cv,nor_polrate_days_since_chg,total_gain,0.12685541808605194,norway
NOR_15Y,5,Block_ZIRP,ZIRP,block_cv,nor_polrate_level,total_gain,0.0,norway
NOR_15Y,5,Block_ZIRP,ZIRP,block_cv,nor_rb_rate_chg,total_gain,0.0,norway
NOR_15Y,5,Block_ZIRP,ZIRP,block_cv,nor_rb_rate_level,total_gain,0.0,norway
NOR_15Y,5,Block_ZIRP,ZIRP,block_cv,nor_unemp,total_gain,0.0,norway
NOR_15Y,5,Block_ZIRP,ZIRP,block_cv,nor_usdnok_chg_1d,total_gain,0.0009191110730171204,norway
NOR_15Y,5,Block_ZIRP,ZIRP,block_cv,nor_usdnok_level,total_gain,0.10012239962816238,norway
NOR_15Y,5,Block_ZIRP,ZIRP,block_cv,nor_usdnok_mom_1m,total_gain,0.258483350276947,norway
NOR_15Y,5,Block_ZIRP,ZIRP,block_cv,nor_usdnok_mom_3m,total_gain,0.19922932982444763,norway
NOR_15Y,5,Block_ZIRP,ZIRP,block_cv,nor_usdnok_rvol_20d,total_gain,0.0,norway
NOR_15Y,5,Block_ZIRP,ZIRP,block_cv,swap_govt_spread,total_gain,0.0,norway
NOR_15Y,5,Block_ZIRP,ZIRP,block_cv,xmpca_01,total_gain,0.0,cross_market
NOR_15Y,5,Block_ZIRP,ZIRP,block_cv,xmpca_02,total_gain,0.00789208710193634,cross_market
NOR_15Y,5,Block_ZIRP,ZIRP,block_cv,xmpca_03,total_gain,0.10798098891973495,cross_market
NOR_15Y,5,Block_ZIRP,ZIRP,block_cv,xmpca_04,total_gain,0.0,cross_market
NOR_15Y,5,Block_ZIRP,ZIRP,block_cv,xmpca_05,total_gain,0.0,cross_market
NOR_15Y,5,Block_ZIRP,ZIRP,block_cv,xmpca_06,total_gain,0.0,cross_market
NOR_15Y,5,Block_ZIRP,ZIRP,block_cv,xmpca_07,total_gain,0.03656643256545067,cross_market
NOR_15Y,5,Block_ZIRP,ZIRP,block_cv,xmpca_08,total_gain,0.0,cross_market
NOR_15Y,5,Block_ZIRP,ZIRP,block_cv,xmpca_09,total_gain,0.0506972074508667,cross_market
NOR_15Y,5,Block_ZIRP,ZIRP,block_cv,xmpca_10,total_gain,0.07984262704849243,cross_market
NOR_15Y,5,Block_ZIRP,ZIRP,block_cv,xmpca_11,total_gain,0.11415904760360718,cross_market
NOR_15Y,5,Block_ZIRP,ZIRP,block_cv,xmpca_12,total_gain,0.0,cross_market
NOR_15Y,5,Block_ZIRP,ZIRP,block_cv,chg_lag1,total_cover,0.0,momentum
NOR_15Y,5,Block_ZIRP,ZIRP,block_cv,chg_lag2,total_cover,455.0,momentum
NOR_15Y,5,Block_ZIRP,ZIRP,block_cv,chg_lag3,total_cover,0.0,momentum
NOR_15Y,5,Block_ZIRP,ZIRP,block_cv,chg_lag4,total_cover,0.0,momentum
NOR_15Y,5,Block_ZIRP,ZIRP,block_cv,chg_lag5,total_cover,0.0,momentum
NOR_15Y,5,Block_ZIRP,ZIRP,block_cv,carry_roll,total_cover,1526.0,carry_roll
NOR_15Y,5,Block_ZIRP,ZIRP,block_cv,mom_63d,total_cover,161.0,momentum
NOR_15Y,5,Block_ZIRP,ZIRP,block_cv,mom_1m,total_cover,5805.0,momentum
NOR_15Y,5,Block_ZIRP,ZIRP,block_cv,mom_3m,total_cover,950.0,momentum
NOR_15Y,5,Block_ZIRP,ZIRP,block_cv,mom_6m,total_cover,0.0,momentum
NOR_15Y,5,Block_ZIRP,ZIRP,block_cv,mom_12m,total_cover,1741.0,momentum
NOR_15Y,5,Block_ZIRP,ZIRP,block_cv,dev_ma_3m,total_cover,322.0,curve
NOR_15Y,5,Block_ZIRP,ZIRP,block_cv,dev_ma_12m,total_cover,9675.0,curve
NOR_15Y,5,Block_ZIRP,ZIRP,block_cv,vol_20d,total_cover,0.0,vol
NOR_15Y,5,Block_ZIRP,ZIRP,block_cv,vol_regime,total_cover,0.0,vol
NOR_15Y,5,Block_ZIRP,ZIRP,block_cv,vol_zscore,total_cover,0.0,vol
NOR_15Y,5,Block_ZIRP,ZIRP,block_cv,level_zscore,total_cover,185.0,curve
NOR_15Y,5,Block_ZIRP,ZIRP,block_cv,slope_10_1,total_cover,108.0,curve
NOR_15Y,5,Block_ZIRP,ZIRP,block_cv,slope_10_5,total_cover,0.0,curve
NOR_15Y,5,Block_ZIRP,ZIRP,block_cv,slope_5_1,total_cover,1671.0,curve
NOR_15Y,5,Block_ZIRP,ZIRP,block_cv,sofr_mom_1m,total_cover,6389.0,macro
NOR_15Y,5,Block_ZIRP,ZIRP,block_cv,ibor_level,total_cover,1957.0,macro
NOR_15Y,5,Block_ZIRP,ZIRP,block_cv,ibor_chg_1d,total_cover,1929.0,macro
NOR_15Y,5,Block_ZIRP,ZIRP,block_cv,ibor_mom_1m,total_cover,6492.0,macro
NOR_15Y,5,Block_ZIRP,ZIRP,block_cv,ibor_term_slope,total_cover,413.0,macro
NOR_15Y,5,Block_ZIRP,ZIRP,block_cv,swap_ibor_basis,total_cover,0.0,curve
NOR_15Y,5,Block_ZIRP,ZIRP,block_cv,move_level,total_cover,0.0,vol
NOR_15Y,5,Block_ZIRP,ZIRP,block_cv,move_zscore,total_cover,0.0,vol
NOR_15Y,5,Block_ZIRP,ZIRP,block_cv,vix_level,total_cover,0.0,vol
NOR_15Y,5,Block_ZIRP,ZIRP,block_cv,vix_zscore,total_cover,0.0,vol
NOR_15Y,5,Block_ZIRP,ZIRP,block_cv,v2x_level,total_cover,0.0,vol
NOR_15Y,5,Block_ZIRP,ZIRP,block_cv,vxn_level,total_cover,0.0,vol
NOR_15Y,5,Block_ZIRP,ZIRP,block_cv,ovx_level,total_cover,0.0,vol
NOR_15Y,5,Block_ZIRP,ZIRP,block_cv,gvz_level,total_cover,0.0,vol
NOR_15Y,5,Block_ZIRP,ZIRP,block_cv,spx_mom_1m,total_cover,7638.0,macro
NOR_15Y,5,Block_ZIRP,ZIRP,block_cv,spx_mom_3m,total_cover,1967.0,macro
NOR_15Y,5,Block_ZIRP,ZIRP,block_cv,sx5e_mom_1m,total_cover,134.0,macro
NOR_15Y,5,Block_ZIRP,ZIRP,block_cv,sx5e_mom_3m,total_cover,0.0,macro
NOR_15Y,5,Block_ZIRP,ZIRP,block_cv,mxwo_mom_1m,total_cover,0.0,macro
NOR_15Y,5,Block_ZIRP,ZIRP,block_cv,ndx_mom_1m,total_cover,0.0,macro
NOR_15Y,5,Block_ZIRP,ZIRP,block_cv,oil_mom_1m,total_cover,1692.0,macro
NOR_15Y,5,Block_ZIRP,ZIRP,block_cv,oil_mom_3m,total_cover,2201.0,macro
NOR_15Y,5,Block_ZIRP,ZIRP,block_cv,copper_mom_1m,total_cover,1258.0,macro
NOR_15Y,5,Block_ZIRP,ZIRP,block_cv,opec_prod,total_cover,1514.0,macro
NOR_15Y,5,Block_ZIRP,ZIRP,block_cv,natgas_mom_1m,total_cover,0.0,macro
NOR_15Y,5,Block_ZIRP,ZIRP,block_cv,be5y_level,total_cover,0.0,macro
NOR_15Y,5,Block_ZIRP,ZIRP,block_cv,be10y_level,total_cover,0.0,macro
NOR_15Y,5,Block_ZIRP,ZIRP,block_cv,be_slope,total_cover,3216.0,macro
NOR_15Y,5,Block_ZIRP,ZIRP,block_cv,be5y_chg_1m,total_cover,0.0,macro
NOR_15Y,5,Block_ZIRP,ZIRP,block_cv,ig_spread,total_cover,0.0,credit
NOR_15Y,5,Block_ZIRP,ZIRP,block_cv,hy_spread,total_cover,0.0,credit
NOR_15Y,5,Block_ZIRP,ZIRP,block_cv,ig_chg_1m,total_cover,0.0,credit
NOR_15Y,5,Block_ZIRP,ZIRP,block_cv,hy_chg_1m,total_cover,0.0,credit
NOR_15Y,5,Block_ZIRP,ZIRP,block_cv,cpi_yoy,total_cover,1634.0,macro
NOR_15Y,5,Block_ZIRP,ZIRP,block_cv,pce_core_chg,total_cover,0.0,macro
NOR_15Y,5,Block_ZIRP,ZIRP,block_cv,nfp_change,total_cover,0.0,macro
NOR_15Y,5,Block_ZIRP,ZIRP,block_cv,pmi_us,total_cover,0.0,macro
NOR_15Y,5,Block_ZIRP,ZIRP,block_cv,pmi_eur,total_cover,8927.0,macro
NOR_15Y,5,Block_ZIRP,ZIRP,block_cv,unemp_eur,total_cover,0.0,macro
NOR_15Y,5,Block_ZIRP,ZIRP,block_cv,cpi_nsa_level,total_cover,0.0,macro
NOR_15Y,5,Block_ZIRP,ZIRP,block_cv,pce_core_level,total_cover,0.0,macro
NOR_15Y,5,Block_ZIRP,ZIRP,block_cv,eur_3m,total_cover,66.0,macro
NOR_15Y,5,Block_ZIRP,ZIRP,block_cv,eur_1w,total_cover,0.0,macro
NOR_15Y,5,Block_ZIRP,ZIRP,block_cv,nor_ibor_1m,total_cover,14.0,norway
NOR_15Y,5,Block_ZIRP,ZIRP,block_cv,nor_ibor_6m,total_cover,499.0,norway
NOR_15Y,5,Block_ZIRP,ZIRP,block_cv,nor_ecb_dfr_chg,total_cover,0.0,norway
NOR_15Y,5,Block_ZIRP,ZIRP,block_cv,nor_ecb_dfr_level,total_cover,0.0,norway
NOR_15Y,5,Block_ZIRP,ZIRP,block_cv,nor_eurnok_chg_1d,total_cover,274.0,norway
NOR_15Y,5,Block_ZIRP,ZIRP,block_cv,nor_eurnok_level,total_cover,0.0,norway
NOR_15Y,5,Block_ZIRP,ZIRP,block_cv,nor_eurnok_mom_1m,total_cover,289.0,norway
NOR_15Y,5,Block_ZIRP,ZIRP,block_cv,nor_eurnok_mom_3m,total_cover,1790.0,norway
NOR_15Y,5,Block_ZIRP,ZIRP,block_cv,nor_eurnok_rvol_20d,total_cover,2647.0,norway
NOR_15Y,5,Block_ZIRP,ZIRP,block_cv,nor_govt_10y,total_cover,0.0,norway
NOR_15Y,5,Block_ZIRP,ZIRP,block_cv,nor_govt_3y,total_cover,0.0,norway
NOR_15Y,5,Block_ZIRP,ZIRP,block_cv,nor_govt_5y,total_cover,0.0,norway
NOR_15Y,5,Block_ZIRP,ZIRP,block_cv,nor_i44_chg_1d,total_cover,0.0,norway
NOR_15Y,5,Block_ZIRP,ZIRP,block_cv,nor_i44_level,total_cover,0.0,norway
NOR_15Y,5,Block_ZIRP,ZIRP,block_cv,nor_i44_mom_1m,total_cover,281.0,norway
NOR_15Y,5,Block_ZIRP,ZIRP,block_cv,nor_i44_mom_3m,total_cover,0.0,norway
NOR_15Y,5,Block_ZIRP,ZIRP,block_cv,nor_i44_rvol_20d,total_cover,1926.0,norway
NOR_15Y,5,Block_ZIRP,ZIRP,block_cv,nor_kpi_yoy,total_cover,0.0,norway
NOR_15Y,5,Block_ZIRP,ZIRP,block_cv,nor_kpijae_yoy,total_cover,0.0,norway
NOR_15Y,5,Block_ZIRP,ZIRP,block_cv,nor_nibor_nowa_spread,total_cover,0.0,norway
NOR_15Y,5,Block_ZIRP,ZIRP,block_cv,nor_nowa_level,total_cover,0.0,norway
NOR_15Y,5,Block_ZIRP,ZIRP,block_cv,nor_polrate_chg_1d,total_cover,48.0,norway
NOR_15Y,5,Block_ZIRP,ZIRP,block_cv,nor_polrate_days_since_chg,total_cover,269.0,norway
NOR_15Y,5,Block_ZIRP,ZIRP,block_cv,nor_polrate_level,total_cover,0.0,norway
NOR_15Y,5,Block_ZIRP,ZIRP,block_cv,nor_rb_rate_chg,total_cover,0.0,norway
NOR_15Y,5,Block_ZIRP,ZIRP,block_cv,nor_rb_rate_level,total_cover,0.0,norway
NOR_15Y,5,Block_ZIRP,ZIRP,block_cv,nor_unemp,total_cover,0.0,norway
NOR_15Y,5,Block_ZIRP,ZIRP,block_cv,nor_usdnok_chg_1d,total_cover,10.0,norway
NOR_15Y,5,Block_ZIRP,ZIRP,block_cv,nor_usdnok_level,total_cover,1839.0,norway
NOR_15Y,5,Block_ZIRP,ZIRP,block_cv,nor_usdnok_mom_1m,total_cover,1986.0,norway
NOR_15Y,5,Block_ZIRP,ZIRP,block_cv,nor_usdnok_mom_3m,total_cover,3513.0,norway
NOR_15Y,5,Block_ZIRP,ZIRP,block_cv,nor_usdnok_rvol_20d,total_cover,0.0,norway
NOR_15Y,5,Block_ZIRP,ZIRP,block_cv,swap_govt_spread,total_cover,0.0,norway
NOR_15Y,5,Block_ZIRP,ZIRP,block_cv,xmpca_01,total_cover,0.0,cross_market
NOR_15Y,5,Block_ZIRP,ZIRP,block_cv,xmpca_02,total_cover,14.0,cross_market
NOR_15Y,5,Block_ZIRP,ZIRP,block_cv,xmpca_03,total_cover,859.0,cross_market
NOR_15Y,5,Block_ZIRP,ZIRP,block_cv,xmpca_04,total_cover,0.0,cross_market
NOR_15Y,5,Block_ZIRP,ZIRP,block_cv,xmpca_05,total_cover,0.0,cross_market
NOR_15Y,5,Block_ZIRP,ZIRP,block_cv,xmpca_06,total_cover,0.0,cross_market
NOR_15Y,5,Block_ZIRP,ZIRP,block_cv,xmpca_07,total_cover,33.0,cross_market
NOR_15Y,5,Block_ZIRP,ZIRP,block_cv,xmpca_08,total_cover,0.0,cross_market
NOR_15Y,5,Block_ZIRP,ZIRP,block_cv,xmpca_09,total_cover,10.0,cross_market
NOR_15Y,5,Block_ZIRP,ZIRP,block_cv,xmpca_10,total_cover,26.0,cross_market
NOR_15Y,5,Block_ZIRP,ZIRP,block_cv,xmpca_11,total_cover,148.0,cross_market
NOR_15Y,5,Block_ZIRP,ZIRP,block_cv,xmpca_12,total_cover,0.0,cross_market
NOR_15Y,5,Block_ZIRP,ZIRP,block_cv,chg_lag1,shap_mean_abs,0.0,momentum
NOR_15Y,5,Block_ZIRP,ZIRP,block_cv,chg_lag2,shap_mean_abs,6.45671971142292e-05,momentum
NOR_15Y,5,Block_ZIRP,ZIRP,block_cv,chg_lag3,shap_mean_abs,0.0,momentum
NOR_15Y,5,Block_ZIRP,ZIRP,block_cv,chg_lag4,shap_mean_abs,0.0,momentum
NOR_15Y,5,Block_ZIRP,ZIRP,block_cv,chg_lag5,shap_mean_abs,0.0,momentum
NOR_15Y,5,Block_ZIRP,ZIRP,block_cv,carry_roll,shap_mean_abs,0.00022705362061969936,carry_roll
NOR_15Y,5,Block_ZIRP,ZIRP,block_cv,mom_63d,shap_mean_abs,2.3404702005791478e-05,momentum
NOR_15Y,5,Block_ZIRP,ZIRP,block_cv,mom_1m,shap_mean_abs,9.317649528384209e-05,momentum
NOR_15Y,5,Block_ZIRP,ZIRP,block_cv,mom_3m,shap_mean_abs,0.00011322484351694584,momentum
NOR_15Y,5,Block_ZIRP,ZIRP,block_cv,mom_6m,shap_mean_abs,0.0,momentum
NOR_15Y,5,Block_ZIRP,ZIRP,block_cv,mom_12m,shap_mean_abs,0.00019512165454216301,momentum
NOR_15Y,5,Block_ZIRP,ZIRP,block_cv,dev_ma_3m,shap_mean_abs,6.466764898505062e-05,curve
NOR_15Y,5,Block_ZIRP,ZIRP,block_cv,dev_ma_12m,shap_mean_abs,0.00034686282742768526,curve
NOR_15Y,5,Block_ZIRP,ZIRP,block_cv,vol_20d,shap_mean_abs,0.0,vol
NOR_15Y,5,Block_ZIRP,ZIRP,block_cv,vol_regime,shap_mean_abs,0.0,vol
NOR_15Y,5,Block_ZIRP,ZIRP,block_cv,vol_zscore,shap_mean_abs,0.0,vol
NOR_15Y,5,Block_ZIRP,ZIRP,block_cv,level_zscore,shap_mean_abs,2.1238076442386955e-05,curve
NOR_15Y,5,Block_ZIRP,ZIRP,block_cv,slope_10_1,shap_mean_abs,1.762256033543963e-05,curve
NOR_15Y,5,Block_ZIRP,ZIRP,block_cv,slope_10_5,shap_mean_abs,0.0,curve
NOR_15Y,5,Block_ZIRP,ZIRP,block_cv,slope_5_1,shap_mean_abs,0.0001799172314349562,curve
NOR_15Y,5,Block_ZIRP,ZIRP,block_cv,sofr_mom_1m,shap_mean_abs,0.0006019652937538922,macro
NOR_15Y,5,Block_ZIRP,ZIRP,block_cv,ibor_level,shap_mean_abs,0.00015663058729842305,macro
NOR_15Y,5,Block_ZIRP,ZIRP,block_cv,ibor_chg_1d,shap_mean_abs,2.6778725441545248e-05,macro
NOR_15Y,5,Block_ZIRP,ZIRP,block_cv,ibor_mom_1m,shap_mean_abs,0.0002749898994807154,macro
NOR_15Y,5,Block_ZIRP,ZIRP,block_cv,ibor_term_slope,shap_mean_abs,2.184750701417215e-05,macro
NOR_15Y,5,Block_ZIRP,ZIRP,block_cv,swap_ibor_basis,shap_mean_abs,0.0,curve
NOR_15Y,5,Block_ZIRP,ZIRP,block_cv,move_level,shap_mean_abs,0.0,vol
NOR_15Y,5,Block_ZIRP,ZIRP,block_cv,move_zscore,shap_mean_abs,0.0,vol
NOR_15Y,5,Block_ZIRP,ZIRP,block_cv,vix_level,shap_mean_abs,0.0,vol
NOR_15Y,5,Block_ZIRP,ZIRP,block_cv,vix_zscore,shap_mean_abs,0.0,vol
NOR_15Y,5,Block_ZIRP,ZIRP,block_cv,v2x_level,shap_mean_abs,0.0,vol
NOR_15Y,5,Block_ZIRP,ZIRP,block_cv,vxn_level,shap_mean_abs,0.0,vol
NOR_15Y,5,Block_ZIRP,ZIRP,block_cv,ovx_level,shap_mean_abs,0.0,vol
NOR_15Y,5,Block_ZIRP,ZIRP,block_cv,gvz_level,shap_mean_abs,0.0,vol
NOR_15Y,5,Block_ZIRP,ZIRP,block_cv,spx_mom_1m,shap_mean_abs,0.00015842948050703853,macro
NOR_15Y,5,Block_ZIRP,ZIRP,block_cv,spx_mom_3m,shap_mean_abs,4.9983063945546746e-05,macro
NOR_15Y,5,Block_ZIRP,ZIRP,block_cv,sx5e_mom_1m,shap_mean_abs,1.5648725820938125e-05,macro
NOR_15Y,5,Block_ZIRP,ZIRP,block_cv,sx5e_mom_3m,shap_mean_abs,0.0,macro
NOR_15Y,5,Block_ZIRP,ZIRP,block_cv,mxwo_mom_1m,shap_mean_abs,0.0,macro
NOR_15Y,5,Block_ZIRP,ZIRP,block_cv,ndx_mom_1m,shap_mean_abs,0.0,macro
NOR_15Y,5,Block_ZIRP,ZIRP,block_cv,oil_mom_1m,shap_mean_abs,9.58632881520316e-05,macro
NOR_15Y,5,Block_ZIRP,ZIRP,block_cv,oil_mom_3m,shap_mean_abs,7.477375766029581e-05,macro
NOR_15Y,5,Block_ZIRP,ZIRP,block_cv,copper_mom_1m,shap_mean_abs,0.0002501934068277478,macro
NOR_15Y,5,Block_ZIRP,ZIRP,block_cv,opec_prod,shap_mean_abs,0.00035856300382874906,macro
NOR_15Y,5,Block_ZIRP,ZIRP,block_cv,natgas_mom_1m,shap_mean_abs,0.0,macro
NOR_15Y,5,Block_ZIRP,ZIRP,block_cv,be5y_level,shap_mean_abs,0.0,macro
NOR_15Y,5,Block_ZIRP,ZIRP,block_cv,be10y_level,shap_mean_abs,0.0,macro
NOR_15Y,5,Block_ZIRP,ZIRP,block_cv,be_slope,shap_mean_abs,0.0002035723882727325,macro
NOR_15Y,5,Block_ZIRP,ZIRP,block_cv,be5y_chg_1m,shap_mean_abs,0.0,macro
NOR_15Y,5,Block_ZIRP,ZIRP,block_cv,ig_spread,shap_mean_abs,0.0,credit
NOR_15Y,5,Block_ZIRP,ZIRP,block_cv,hy_spread,shap_mean_abs,0.0,credit
NOR_15Y,5,Block_ZIRP,ZIRP,block_cv,ig_chg_1m,shap_mean_abs,0.0,credit
NOR_15Y,5,Block_ZIRP,ZIRP,block_cv,hy_chg_1m,shap_mean_abs,0.0,credit
NOR_15Y,5,Block_ZIRP,ZIRP,block_cv,cpi_yoy,shap_mean_abs,3.6402383557287976e-05,macro
NOR_15Y,5,Block_ZIRP,ZIRP,block_cv,pce_core_chg,shap_mean_abs,0.0,macro
NOR_15Y,5,Block_ZIRP,ZIRP,block_cv,nfp_change,shap_mean_abs,0.0,macro
NOR_15Y,5,Block_ZIRP,ZIRP,block_cv,pmi_us,shap_mean_abs,0.0,macro
NOR_15Y,5,Block_ZIRP,ZIRP,block_cv,pmi_eur,shap_mean_abs,0.0008753578877076507,macro
NOR_15Y,5,Block_ZIRP,ZIRP,block_cv,unemp_eur,shap_mean_abs,0.0,macro
NOR_15Y,5,Block_ZIRP,ZIRP,block_cv,cpi_nsa_level,shap_mean_abs,0.0,macro
NOR_15Y,5,Block_ZIRP,ZIRP,block_cv,pce_core_level,shap_mean_abs,0.0,macro
NOR_15Y,5,Block_ZIRP,ZIRP,block_cv,eur_3m,shap_mean_abs,5.521924322238192e-05,macro
NOR_15Y,5,Block_ZIRP,ZIRP,block_cv,eur_1w,shap_mean_abs,0.0,macro
NOR_15Y,5,Block_ZIRP,ZIRP,block_cv,nor_ibor_1m,shap_mean_abs,6.464810667239362e-06,norway
NOR_15Y,5,Block_ZIRP,ZIRP,block_cv,nor_ibor_6m,shap_mean_abs,2.2611713575315662e-05,norway
NOR_15Y,5,Block_ZIRP,ZIRP,block_cv,nor_ecb_dfr_chg,shap_mean_abs,0.0,norway
NOR_15Y,5,Block_ZIRP,ZIRP,block_cv,nor_ecb_dfr_level,shap_mean_abs,0.0,norway
NOR_15Y,5,Block_ZIRP,ZIRP,block_cv,nor_eurnok_chg_1d,shap_mean_abs,6.811235653003678e-05,norway
NOR_15Y,5,Block_ZIRP,ZIRP,block_cv,nor_eurnok_level,shap_mean_abs,0.0,norway
NOR_15Y,5,Block_ZIRP,ZIRP,block_cv,nor_eurnok_mom_1m,shap_mean_abs,0.00014862415264360607,norway
NOR_15Y,5,Block_ZIRP,ZIRP,block_cv,nor_eurnok_mom_3m,shap_mean_abs,0.00015505633200518787,norway
NOR_15Y,5,Block_ZIRP,ZIRP,block_cv,nor_eurnok_rvol_20d,shap_mean_abs,0.0003104053612332791,norway
NOR_15Y,5,Block_ZIRP,ZIRP,block_cv,nor_govt_10y,shap_mean_abs,0.0,norway
NOR_15Y,5,Block_ZIRP,ZIRP,block_cv,nor_govt_3y,shap_mean_abs,0.0,norway
NOR_15Y,5,Block_ZIRP,ZIRP,block_cv,nor_govt_5y,shap_mean_abs,0.0,norway
NOR_15Y,5,Block_ZIRP,ZIRP,block_cv,nor_i44_chg_1d,shap_mean_abs,0.0,norway
NOR_15Y,5,Block_ZIRP,ZIRP,block_cv,nor_i44_level,shap_mean_abs,0.0,norway
NOR_15Y,5,Block_ZIRP,ZIRP,block_cv,nor_i44_mom_1m,shap_mean_abs,7.434556755470112e-05,norway
NOR_15Y,5,Block_ZIRP,ZIRP,block_cv,nor_i44_mom_3m,shap_mean_abs,0.0,norway
NOR_15Y,5,Block_ZIRP,ZIRP,block_cv,nor_i44_rvol_20d,shap_mean_abs,0.00042455195216462016,norway
NOR_15Y,5,Block_ZIRP,ZIRP,block_cv,nor_kpi_yoy,shap_mean_abs,0.0,norway
NOR_15Y,5,Block_ZIRP,ZIRP,block_cv,nor_kpijae_yoy,shap_mean_abs,0.0,norway
NOR_15Y,5,Block_ZIRP,ZIRP,block_cv,nor_nibor_nowa_spread,shap_mean_abs,0.0,norway
NOR_15Y,5,Block_ZIRP,ZIRP,block_cv,nor_nowa_level,shap_mean_abs,0.0,norway
NOR_15Y,5,Block_ZIRP,ZIRP,block_cv,nor_polrate_chg_1d,shap_mean_abs,1.2205571692902595e-05,norway
NOR_15Y,5,Block_ZIRP,ZIRP,block_cv,nor_polrate_days_since_chg,shap_mean_abs,9.79653195827268e-05,norway
NOR_15Y,5,Block_ZIRP,ZIRP,block_cv,nor_polrate_level,shap_mean_abs,0.0,norway
NOR_15Y,5,Block_ZIRP,ZIRP,block_cv,nor_rb_rate_chg,shap_mean_abs,0.0,norway
NOR_15Y,5,Block_ZIRP,ZIRP,block_cv,nor_rb_rate_level,shap_mean_abs,0.0,norway
NOR_15Y,5,Block_ZIRP,ZIRP,block_cv,nor_unemp,shap_mean_abs,0.0,norway
NOR_15Y,5,Block_ZIRP,ZIRP,block_cv,nor_usdnok_chg_1d,shap_mean_abs,6.702788141410565e-06,norway
NOR_15Y,5,Block_ZIRP,ZIRP,block_cv,nor_usdnok_level,shap_mean_abs,0.0002522472059354186,norway
NOR_15Y,5,Block_ZIRP,ZIRP,block_cv,nor_usdnok_mom_1m,shap_mean_abs,7.372855907306075e-05,norway
NOR_15Y,5,Block_ZIRP,ZIRP,block_cv,nor_usdnok_mom_3m,shap_mean_abs,0.00044749421067535877,norway
NOR_15Y,5,Block_ZIRP,ZIRP,block_cv,nor_usdnok_rvol_20d,shap_mean_abs,0.0,norway
NOR_15Y,5,Block_ZIRP,ZIRP,block_cv,swap_govt_spread,shap_mean_abs,0.0,norway
NOR_15Y,5,Block_ZIRP,ZIRP,block_cv,xmpca_01,shap_mean_abs,0.0,cross_market
NOR_15Y,5,Block_ZIRP,ZIRP,block_cv,xmpca_02,shap_mean_abs,7.604156508023152e-06,cross_market
NOR_15Y,5,Block_ZIRP,ZIRP,block_cv,xmpca_03,shap_mean_abs,0.0002091483329422772,cross_market
NOR_15Y,5,Block_ZIRP,ZIRP,block_cv,xmpca_04,shap_mean_abs,0.0,cross_market
NOR_15Y,5,Block_ZIRP,ZIRP,block_cv,xmpca_05,shap_mean_abs,0.0,cross_market
NOR_15Y,5,Block_ZIRP,ZIRP,block_cv,xmpca_06,shap_mean_abs,0.0,cross_market
NOR_15Y,5,Block_ZIRP,ZIRP,block_cv,xmpca_07,shap_mean_abs,3.0703980883117765e-05,cross_market
NOR_15Y,5,Block_ZIRP,ZIRP,block_cv,xmpca_08,shap_mean_abs,0.0,cross_market
NOR_15Y,5,Block_ZIRP,ZIRP,block_cv,xmpca_09,shap_mean_abs,1.623691241547931e-05,cross_market
NOR_15Y,5,Block_ZIRP,ZIRP,block_cv,xmpca_10,shap_mean_abs,3.050075792998541e-05,cross_market
NOR_15Y,5,Block_ZIRP,ZIRP,block_cv,xmpca_11,shap_mean_abs,1.7528382159071043e-05,cross_market
NOR_15Y,5,Block_ZIRP,ZIRP,block_cv,xmpca_12,shap_mean_abs,0.0,cross_market
NOR_15Y,5,Block_COVID,COVID,block_cv,chg_lag1,gain,0.0,momentum
NOR_15Y,5,Block_COVID,COVID,block_cv,chg_lag2,gain,0.0,momentum
NOR_15Y,5,Block_COVID,COVID,block_cv,chg_lag3,gain,0.0,momentum
NOR_15Y,5,Block_COVID,COVID,block_cv,chg_lag4,gain,0.0,momentum
NOR_15Y,5,Block_COVID,COVID,block_cv,chg_lag5,gain,0.07693702727556229,momentum
NOR_15Y,5,Block_COVID,COVID,block_cv,carry_roll,gain,0.06788438558578491,carry_roll
NOR_15Y,5,Block_COVID,COVID,block_cv,mom_63d,gain,0.03232544660568237,momentum
NOR_15Y,5,Block_COVID,COVID,block_cv,mom_1m,gain,0.06603133678436279,momentum
NOR_15Y,5,Block_COVID,COVID,block_cv,mom_3m,gain,0.0,momentum
NOR_15Y,5,Block_COVID,COVID,block_cv,mom_6m,gain,0.0,momentum
NOR_15Y,5,Block_COVID,COVID,block_cv,mom_12m,gain,0.0,momentum
NOR_15Y,5,Block_COVID,COVID,block_cv,dev_ma_3m,gain,0.06147664040327072,curve
NOR_15Y,5,Block_COVID,COVID,block_cv,dev_ma_12m,gain,0.15112118422985077,curve
NOR_15Y,5,Block_COVID,COVID,block_cv,vol_20d,gain,0.052445460110902786,vol
NOR_15Y,5,Block_COVID,COVID,block_cv,vol_regime,gain,0.0,vol
NOR_15Y,5,Block_COVID,COVID,block_cv,vol_zscore,gain,0.0,vol
NOR_15Y,5,Block_COVID,COVID,block_cv,level_zscore,gain,0.08528616279363632,curve
NOR_15Y,5,Block_COVID,COVID,block_cv,slope_10_1,gain,0.07891736924648285,curve
NOR_15Y,5,Block_COVID,COVID,block_cv,slope_10_5,gain,0.0,curve
NOR_15Y,5,Block_COVID,COVID,block_cv,slope_5_1,gain,0.1522226780653,curve
NOR_15Y,5,Block_COVID,COVID,block_cv,sofr_mom_1m,gain,0.09498772770166397,macro
NOR_15Y,5,Block_COVID,COVID,block_cv,ibor_level,gain,0.08202707767486572,macro
NOR_15Y,5,Block_COVID,COVID,block_cv,ibor_chg_1d,gain,0.07675826549530029,macro
NOR_15Y,5,Block_COVID,COVID,block_cv,ibor_mom_1m,gain,0.0,macro
NOR_15Y,5,Block_COVID,COVID,block_cv,ibor_term_slope,gain,0.0,macro
NOR_15Y,5,Block_COVID,COVID,block_cv,swap_ibor_basis,gain,0.0,curve
NOR_15Y,5,Block_COVID,COVID,block_cv,move_level,gain,0.030285194516181946,vol
NOR_15Y,5,Block_COVID,COVID,block_cv,move_zscore,gain,0.0,vol
NOR_15Y,5,Block_COVID,COVID,block_cv,vix_level,gain,0.0,vol
NOR_15Y,5,Block_COVID,COVID,block_cv,vix_zscore,gain,0.07334712147712708,vol
NOR_15Y,5,Block_COVID,COVID,block_cv,v2x_level,gain,0.0,vol
NOR_15Y,5,Block_COVID,COVID,block_cv,vxn_level,gain,0.10571621358394623,vol
NOR_15Y,5,Block_COVID,COVID,block_cv,ovx_level,gain,0.07598736137151718,vol
NOR_15Y,5,Block_COVID,COVID,block_cv,gvz_level,gain,0.10977858304977417,vol
NOR_15Y,5,Block_COVID,COVID,block_cv,spx_mom_1m,gain,0.10055036842823029,macro
NOR_15Y,5,Block_COVID,COVID,block_cv,spx_mom_3m,gain,0.0,macro
NOR_15Y,5,Block_COVID,COVID,block_cv,sx5e_mom_1m,gain,0.03618548437952995,macro
NOR_15Y,5,Block_COVID,COVID,block_cv,sx5e_mom_3m,gain,0.0,macro
NOR_15Y,5,Block_COVID,COVID,block_cv,mxwo_mom_1m,gain,0.0,macro
NOR_15Y,5,Block_COVID,COVID,block_cv,ndx_mom_1m,gain,0.0,macro
NOR_15Y,5,Block_COVID,COVID,block_cv,oil_mom_1m,gain,0.06095957010984421,macro
NOR_15Y,5,Block_COVID,COVID,block_cv,oil_mom_3m,gain,0.0,macro
NOR_15Y,5,Block_COVID,COVID,block_cv,copper_mom_1m,gain,0.0,macro
NOR_15Y,5,Block_COVID,COVID,block_cv,opec_prod,gain,0.0,macro
NOR_15Y,5,Block_COVID,COVID,block_cv,natgas_mom_1m,gain,0.12435992062091827,macro
NOR_15Y,5,Block_COVID,COVID,block_cv,be5y_level,gain,0.0,macro
NOR_15Y,5,Block_COVID,COVID,block_cv,be10y_level,gain,0.0,macro
NOR_15Y,5,Block_COVID,COVID,block_cv,be_slope,gain,0.0,macro
NOR_15Y,5,Block_COVID,COVID,block_cv,be5y_chg_1m,gain,0.0,macro
NOR_15Y,5,Block_COVID,COVID,block_cv,ig_spread,gain,0.0,credit
NOR_15Y,5,Block_COVID,COVID,block_cv,hy_spread,gain,0.0,credit
NOR_15Y,5,Block_COVID,COVID,block_cv,ig_chg_1m,gain,0.0,credit
NOR_15Y,5,Block_COVID,COVID,block_cv,hy_chg_1m,gain,0.0,credit
NOR_15Y,5,Block_COVID,COVID,block_cv,cpi_yoy,gain,0.0,macro
NOR_15Y,5,Block_COVID,COVID,block_cv,pce_core_chg,gain,0.07172560691833496,macro
NOR_15Y,5,Block_COVID,COVID,block_cv,nfp_change,gain,0.12482662498950958,macro
NOR_15Y,5,Block_COVID,COVID,block_cv,pmi_us,gain,0.0,macro
NOR_15Y,5,Block_COVID,COVID,block_cv,pmi_eur,gain,0.0,macro
NOR_15Y,5,Block_COVID,COVID,block_cv,unemp_eur,gain,0.0,macro
NOR_15Y,5,Block_COVID,COVID,block_cv,cpi_nsa_level,gain,0.0,macro
NOR_15Y,5,Block_COVID,COVID,block_cv,pce_core_level,gain,0.0,macro
NOR_15Y,5,Block_COVID,COVID,block_cv,eur_3m,gain,0.0,macro
NOR_15Y,5,Block_COVID,COVID,block_cv,eur_1w,gain,0.0028092660941183567,macro
NOR_15Y,5,Block_COVID,COVID,block_cv,nor_ibor_1m,gain,0.0,norway
NOR_15Y,5,Block_COVID,COVID,block_cv,nor_ibor_6m,gain,0.0,norway
NOR_15Y,5,Block_COVID,COVID,block_cv,nor_ecb_dfr_chg,gain,0.0,norway
NOR_15Y,5,Block_COVID,COVID,block_cv,nor_ecb_dfr_level,gain,0.0,norway
NOR_15Y,5,Block_COVID,COVID,block_cv,nor_eurnok_chg_1d,gain,0.0,norway
NOR_15Y,5,Block_COVID,COVID,block_cv,nor_eurnok_level,gain,0.0,norway
NOR_15Y,5,Block_COVID,COVID,block_cv,nor_eurnok_mom_1m,gain,0.07971733808517456,norway
NOR_15Y,5,Block_COVID,COVID,block_cv,nor_eurnok_mom_3m,gain,0.08971238881349564,norway
NOR_15Y,5,Block_COVID,COVID,block_cv,nor_eurnok_rvol_20d,gain,0.06419718265533447,norway
NOR_15Y,5,Block_COVID,COVID,block_cv,nor_govt_10y,gain,0.10550539195537567,norway
NOR_15Y,5,Block_COVID,COVID,block_cv,nor_govt_3y,gain,0.0,norway
NOR_15Y,5,Block_COVID,COVID,block_cv,nor_govt_5y,gain,0.0,norway
NOR_15Y,5,Block_COVID,COVID,block_cv,nor_i44_chg_1d,gain,0.03838568925857544,norway
NOR_15Y,5,Block_COVID,COVID,block_cv,nor_i44_level,gain,0.0,norway
NOR_15Y,5,Block_COVID,COVID,block_cv,nor_i44_mom_1m,gain,0.04410560056567192,norway
NOR_15Y,5,Block_COVID,COVID,block_cv,nor_i44_mom_3m,gain,0.04457532986998558,norway
NOR_15Y,5,Block_COVID,COVID,block_cv,nor_i44_rvol_20d,gain,0.0,norway
NOR_15Y,5,Block_COVID,COVID,block_cv,nor_kpi_yoy,gain,0.078284353017807,norway
NOR_15Y,5,Block_COVID,COVID,block_cv,nor_kpijae_yoy,gain,0.0,norway
NOR_15Y,5,Block_COVID,COVID,block_cv,nor_nibor_nowa_spread,gain,0.0,norway
NOR_15Y,5,Block_COVID,COVID,block_cv,nor_nowa_level,gain,0.0,norway
NOR_15Y,5,Block_COVID,COVID,block_cv,nor_polrate_chg_1d,gain,0.0,norway
NOR_15Y,5,Block_COVID,COVID,block_cv,nor_polrate_days_since_chg,gain,0.076022669672966,norway
NOR_15Y,5,Block_COVID,COVID,block_cv,nor_polrate_level,gain,0.0,norway
NOR_15Y,5,Block_COVID,COVID,block_cv,nor_rb_rate_chg,gain,0.0,norway
NOR_15Y,5,Block_COVID,COVID,block_cv,nor_rb_rate_level,gain,0.0,norway
NOR_15Y,5,Block_COVID,COVID,block_cv,nor_unemp,gain,0.0,norway
NOR_15Y,5,Block_COVID,COVID,block_cv,nor_usdnok_chg_1d,gain,0.0,norway
NOR_15Y,5,Block_COVID,COVID,block_cv,nor_usdnok_level,gain,0.07586293667554855,norway
NOR_15Y,5,Block_COVID,COVID,block_cv,nor_usdnok_mom_1m,gain,0.0,norway
NOR_15Y,5,Block_COVID,COVID,block_cv,nor_usdnok_mom_3m,gain,0.12032872438430786,norway
NOR_15Y,5,Block_COVID,COVID,block_cv,nor_usdnok_rvol_20d,gain,0.051623910665512085,norway
NOR_15Y,5,Block_COVID,COVID,block_cv,swap_govt_spread,gain,0.0,norway
NOR_15Y,5,Block_COVID,COVID,block_cv,xmpca_01,gain,0.0,cross_market
NOR_15Y,5,Block_COVID,COVID,block_cv,xmpca_02,gain,0.06545768678188324,cross_market
NOR_15Y,5,Block_COVID,COVID,block_cv,xmpca_03,gain,0.0,cross_market
NOR_15Y,5,Block_COVID,COVID,block_cv,xmpca_04,gain,0.0,cross_market
NOR_15Y,5,Block_COVID,COVID,block_cv,xmpca_05,gain,0.0,cross_market
NOR_15Y,5,Block_COVID,COVID,block_cv,xmpca_06,gain,0.10672779381275177,cross_market
NOR_15Y,5,Block_COVID,COVID,block_cv,xmpca_07,gain,0.06797569245100021,cross_market
NOR_15Y,5,Block_COVID,COVID,block_cv,xmpca_08,gain,0.03688334673643112,cross_market
NOR_15Y,5,Block_COVID,COVID,block_cv,xmpca_09,gain,0.05252338945865631,cross_market
NOR_15Y,5,Block_COVID,COVID,block_cv,xmpca_10,gain,0.062087710946798325,cross_market
NOR_15Y,5,Block_COVID,COVID,block_cv,xmpca_11,gain,0.06818750500679016,cross_market
NOR_15Y,5,Block_COVID,COVID,block_cv,xmpca_12,gain,0.0,cross_market
NOR_15Y,5,Block_COVID,COVID,block_cv,chg_lag1,weight,0.0,momentum
NOR_15Y,5,Block_COVID,COVID,block_cv,chg_lag2,weight,0.0,momentum
NOR_15Y,5,Block_COVID,COVID,block_cv,chg_lag3,weight,0.0,momentum
NOR_15Y,5,Block_COVID,COVID,block_cv,chg_lag4,weight,0.0,momentum
NOR_15Y,5,Block_COVID,COVID,block_cv,chg_lag5,weight,1.0,momentum
NOR_15Y,5,Block_COVID,COVID,block_cv,carry_roll,weight,3.0,carry_roll
NOR_15Y,5,Block_COVID,COVID,block_cv,mom_63d,weight,2.0,momentum
NOR_15Y,5,Block_COVID,COVID,block_cv,mom_1m,weight,3.0,momentum
NOR_15Y,5,Block_COVID,COVID,block_cv,mom_3m,weight,0.0,momentum
NOR_15Y,5,Block_COVID,COVID,block_cv,mom_6m,weight,0.0,momentum
NOR_15Y,5,Block_COVID,COVID,block_cv,mom_12m,weight,0.0,momentum
NOR_15Y,5,Block_COVID,COVID,block_cv,dev_ma_3m,weight,1.0,curve
NOR_15Y,5,Block_COVID,COVID,block_cv,dev_ma_12m,weight,6.0,curve
NOR_15Y,5,Block_COVID,COVID,block_cv,vol_20d,weight,3.0,vol
NOR_15Y,5,Block_COVID,COVID,block_cv,vol_regime,weight,0.0,vol
NOR_15Y,5,Block_COVID,COVID,block_cv,vol_zscore,weight,0.0,vol
NOR_15Y,5,Block_COVID,COVID,block_cv,level_zscore,weight,1.0,curve
NOR_15Y,5,Block_COVID,COVID,block_cv,slope_10_1,weight,1.0,curve
NOR_15Y,5,Block_COVID,COVID,block_cv,slope_10_5,weight,0.0,curve
NOR_15Y,5,Block_COVID,COVID,block_cv,slope_5_1,weight,1.0,curve
NOR_15Y,5,Block_COVID,COVID,block_cv,sofr_mom_1m,weight,3.0,macro
NOR_15Y,5,Block_COVID,COVID,block_cv,ibor_level,weight,1.0,macro
NOR_15Y,5,Block_COVID,COVID,block_cv,ibor_chg_1d,weight,3.0,macro
NOR_15Y,5,Block_COVID,COVID,block_cv,ibor_mom_1m,weight,0.0,macro
NOR_15Y,5,Block_COVID,COVID,block_cv,ibor_term_slope,weight,0.0,macro
NOR_15Y,5,Block_COVID,COVID,block_cv,swap_ibor_basis,weight,0.0,curve
NOR_15Y,5,Block_COVID,COVID,block_cv,move_level,weight,1.0,vol
NOR_15Y,5,Block_COVID,COVID,block_cv,move_zscore,weight,0.0,vol
NOR_15Y,5,Block_COVID,COVID,block_cv,vix_level,weight,0.0,vol
NOR_15Y,5,Block_COVID,COVID,block_cv,vix_zscore,weight,1.0,vol
NOR_15Y,5,Block_COVID,COVID,block_cv,v2x_level,weight,0.0,vol
NOR_15Y,5,Block_COVID,COVID,block_cv,vxn_level,weight,1.0,vol
NOR_15Y,5,Block_COVID,COVID,block_cv,ovx_level,weight,1.0,vol
NOR_15Y,5,Block_COVID,COVID,block_cv,gvz_level,weight,1.0,vol
NOR_15Y,5,Block_COVID,COVID,block_cv,spx_mom_1m,weight,1.0,macro
NOR_15Y,5,Block_COVID,COVID,block_cv,spx_mom_3m,weight,0.0,macro
NOR_15Y,5,Block_COVID,COVID,block_cv,sx5e_mom_1m,weight,3.0,macro
NOR_15Y,5,Block_COVID,COVID,block_cv,sx5e_mom_3m,weight,0.0,macro
NOR_15Y,5,Block_COVID,COVID,block_cv,mxwo_mom_1m,weight,0.0,macro
NOR_15Y,5,Block_COVID,COVID,block_cv,ndx_mom_1m,weight,0.0,macro
NOR_15Y,5,Block_COVID,COVID,block_cv,oil_mom_1m,weight,1.0,macro
NOR_15Y,5,Block_COVID,COVID,block_cv,oil_mom_3m,weight,0.0,macro
NOR_15Y,5,Block_COVID,COVID,block_cv,copper_mom_1m,weight,0.0,macro
NOR_15Y,5,Block_COVID,COVID,block_cv,opec_prod,weight,0.0,macro
NOR_15Y,5,Block_COVID,COVID,block_cv,natgas_mom_1m,weight,1.0,macro
NOR_15Y,5,Block_COVID,COVID,block_cv,be5y_level,weight,0.0,macro
NOR_15Y,5,Block_COVID,COVID,block_cv,be10y_level,weight,0.0,macro
NOR_15Y,5,Block_COVID,COVID,block_cv,be_slope,weight,0.0,macro
NOR_15Y,5,Block_COVID,COVID,block_cv,be5y_chg_1m,weight,0.0,macro
NOR_15Y,5,Block_COVID,COVID,block_cv,ig_spread,weight,0.0,credit
NOR_15Y,5,Block_COVID,COVID,block_cv,hy_spread,weight,0.0,credit
NOR_15Y,5,Block_COVID,COVID,block_cv,ig_chg_1m,weight,0.0,credit
NOR_15Y,5,Block_COVID,COVID,block_cv,hy_chg_1m,weight,0.0,credit
NOR_15Y,5,Block_COVID,COVID,block_cv,cpi_yoy,weight,0.0,macro
NOR_15Y,5,Block_COVID,COVID,block_cv,pce_core_chg,weight,2.0,macro
NOR_15Y,5,Block_COVID,COVID,block_cv,nfp_change,weight,5.0,macro
NOR_15Y,5,Block_COVID,COVID,block_cv,pmi_us,weight,0.0,macro
NOR_15Y,5,Block_COVID,COVID,block_cv,pmi_eur,weight,0.0,macro
NOR_15Y,5,Block_COVID,COVID,block_cv,unemp_eur,weight,0.0,macro
NOR_15Y,5,Block_COVID,COVID,block_cv,cpi_nsa_level,weight,0.0,macro
NOR_15Y,5,Block_COVID,COVID,block_cv,pce_core_level,weight,0.0,macro
NOR_15Y,5,Block_COVID,COVID,block_cv,eur_3m,weight,0.0,macro
NOR_15Y,5,Block_COVID,COVID,block_cv,eur_1w,weight,1.0,macro
NOR_15Y,5,Block_COVID,COVID,block_cv,nor_ibor_1m,weight,0.0,norway
NOR_15Y,5,Block_COVID,COVID,block_cv,nor_ibor_6m,weight,0.0,norway
NOR_15Y,5,Block_COVID,COVID,block_cv,nor_ecb_dfr_chg,weight,0.0,norway
NOR_15Y,5,Block_COVID,COVID,block_cv,nor_ecb_dfr_level,weight,0.0,norway
NOR_15Y,5,Block_COVID,COVID,block_cv,nor_eurnok_chg_1d,weight,0.0,norway
NOR_15Y,5,Block_COVID,COVID,block_cv,nor_eurnok_level,weight,0.0,norway
NOR_15Y,5,Block_COVID,COVID,block_cv,nor_eurnok_mom_1m,weight,1.0,norway
NOR_15Y,5,Block_COVID,COVID,block_cv,nor_eurnok_mom_3m,weight,3.0,norway
NOR_15Y,5,Block_COVID,COVID,block_cv,nor_eurnok_rvol_20d,weight,1.0,norway
NOR_15Y,5,Block_COVID,COVID,block_cv,nor_govt_10y,weight,2.0,norway
NOR_15Y,5,Block_COVID,COVID,block_cv,nor_govt_3y,weight,0.0,norway
NOR_15Y,5,Block_COVID,COVID,block_cv,nor_govt_5y,weight,0.0,norway
NOR_15Y,5,Block_COVID,COVID,block_cv,nor_i44_chg_1d,weight,1.0,norway
NOR_15Y,5,Block_COVID,COVID,block_cv,nor_i44_level,weight,0.0,norway
NOR_15Y,5,Block_COVID,COVID,block_cv,nor_i44_mom_1m,weight,3.0,norway
NOR_15Y,5,Block_COVID,COVID,block_cv,nor_i44_mom_3m,weight,3.0,norway
NOR_15Y,5,Block_COVID,COVID,block_cv,nor_i44_rvol_20d,weight,0.0,norway
NOR_15Y,5,Block_COVID,COVID,block_cv,nor_kpi_yoy,weight,3.0,norway
NOR_15Y,5,Block_COVID,COVID,block_cv,nor_kpijae_yoy,weight,0.0,norway
NOR_15Y,5,Block_COVID,COVID,block_cv,nor_nibor_nowa_spread,weight,0.0,norway
NOR_15Y,5,Block_COVID,COVID,block_cv,nor_nowa_level,weight,0.0,norway
NOR_15Y,5,Block_COVID,COVID,block_cv,nor_polrate_chg_1d,weight,0.0,norway
NOR_15Y,5,Block_COVID,COVID,block_cv,nor_polrate_days_since_chg,weight,1.0,norway
NOR_15Y,5,Block_COVID,COVID,block_cv,nor_polrate_level,weight,0.0,norway
NOR_15Y,5,Block_COVID,COVID,block_cv,nor_rb_rate_chg,weight,0.0,norway
NOR_15Y,5,Block_COVID,COVID,block_cv,nor_rb_rate_level,weight,0.0,norway
NOR_15Y,5,Block_COVID,COVID,block_cv,nor_unemp,weight,0.0,norway
NOR_15Y,5,Block_COVID,COVID,block_cv,nor_usdnok_chg_1d,weight,0.0,norway
NOR_15Y,5,Block_COVID,COVID,block_cv,nor_usdnok_level,weight,1.0,norway
NOR_15Y,5,Block_COVID,COVID,block_cv,nor_usdnok_mom_1m,weight,0.0,norway
NOR_15Y,5,Block_COVID,COVID,block_cv,nor_usdnok_mom_3m,weight,3.0,norway
NOR_15Y,5,Block_COVID,COVID,block_cv,nor_usdnok_rvol_20d,weight,1.0,norway
NOR_15Y,5,Block_COVID,COVID,block_cv,swap_govt_spread,weight,0.0,norway
NOR_15Y,5,Block_COVID,COVID,block_cv,xmpca_01,weight,0.0,cross_market
NOR_15Y,5,Block_COVID,COVID,block_cv,xmpca_02,weight,3.0,cross_market
NOR_15Y,5,Block_COVID,COVID,block_cv,xmpca_03,weight,0.0,cross_market
NOR_15Y,5,Block_COVID,COVID,block_cv,xmpca_04,weight,0.0,cross_market
NOR_15Y,5,Block_COVID,COVID,block_cv,xmpca_05,weight,0.0,cross_market
NOR_15Y,5,Block_COVID,COVID,block_cv,xmpca_06,weight,1.0,cross_market
NOR_15Y,5,Block_COVID,COVID,block_cv,xmpca_07,weight,2.0,cross_market
NOR_15Y,5,Block_COVID,COVID,block_cv,xmpca_08,weight,2.0,cross_market
NOR_15Y,5,Block_COVID,COVID,block_cv,xmpca_09,weight,2.0,cross_market
NOR_15Y,5,Block_COVID,COVID,block_cv,xmpca_10,weight,2.0,cross_market
NOR_15Y,5,Block_COVID,COVID,block_cv,xmpca_11,weight,2.0,cross_market
NOR_15Y,5,Block_COVID,COVID,block_cv,xmpca_12,weight,0.0,cross_market
NOR_15Y,5,Block_COVID,COVID,block_cv,chg_lag1,cover,0.0,momentum
NOR_15Y,5,Block_COVID,COVID,block_cv,chg_lag2,cover,0.0,momentum
NOR_15Y,5,Block_COVID,COVID,block_cv,chg_lag3,cover,0.0,momentum
NOR_15Y,5,Block_COVID,COVID,block_cv,chg_lag4,cover,0.0,momentum
NOR_15Y,5,Block_COVID,COVID,block_cv,chg_lag5,cover,278.0,momentum
NOR_15Y,5,Block_COVID,COVID,block_cv,carry_roll,cover,976.0,carry_roll
NOR_15Y,5,Block_COVID,COVID,block_cv,mom_63d,cover,1055.5,momentum
NOR_15Y,5,Block_COVID,COVID,block_cv,mom_1m,cover,803.6666870117188,momentum
NOR_15Y,5,Block_COVID,COVID,block_cv,mom_3m,cover,0.0,momentum
NOR_15Y,5,Block_COVID,COVID,block_cv,mom_6m,cover,0.0,momentum
NOR_15Y,5,Block_COVID,COVID,block_cv,mom_12m,cover,0.0,momentum
NOR_15Y,5,Block_COVID,COVID,block_cv,dev_ma_3m,cover,1151.0,curve
NOR_15Y,5,Block_COVID,COVID,block_cv,dev_ma_12m,cover,2170.833251953125,curve
NOR_15Y,5,Block_COVID,COVID,block_cv,vol_20d,cover,738.0,vol
NOR_15Y,5,Block_COVID,COVID,block_cv,vol_regime,cover,0.0,vol
NOR_15Y,5,Block_COVID,COVID,block_cv,vol_zscore,cover,0.0,vol
NOR_15Y,5,Block_COVID,COVID,block_cv,level_zscore,cover,2170.0,curve
NOR_15Y,5,Block_COVID,COVID,block_cv,slope_10_1,cover,1773.0,curve
NOR_15Y,5,Block_COVID,COVID,block_cv,slope_10_5,cover,0.0,curve
NOR_15Y,5,Block_COVID,COVID,block_cv,slope_5_1,cover,1908.0,curve
NOR_15Y,5,Block_COVID,COVID,block_cv,sofr_mom_1m,cover,1449.6666259765625,macro
NOR_15Y,5,Block_COVID,COVID,block_cv,ibor_level,cover,2113.0,macro
NOR_15Y,5,Block_COVID,COVID,block_cv,ibor_chg_1d,cover,751.3333129882812,macro
NOR_15Y,5,Block_COVID,COVID,block_cv,ibor_mom_1m,cover,0.0,macro
NOR_15Y,5,Block_COVID,COVID,block_cv,ibor_term_slope,cover,0.0,macro
NOR_15Y,5,Block_COVID,COVID,block_cv,swap_ibor_basis,cover,0.0,curve
NOR_15Y,5,Block_COVID,COVID,block_cv,move_level,cover,23.0,vol
NOR_15Y,5,Block_COVID,COVID,block_cv,move_zscore,cover,0.0,vol
NOR_15Y,5,Block_COVID,COVID,block_cv,vix_level,cover,0.0,vol
NOR_15Y,5,Block_COVID,COVID,block_cv,vix_zscore,cover,92.0,vol
NOR_15Y,5,Block_COVID,COVID,block_cv,v2x_level,cover,0.0,vol
NOR_15Y,5,Block_COVID,COVID,block_cv,vxn_level,cover,36.0,vol
NOR_15Y,5,Block_COVID,COVID,block_cv,ovx_level,cover,42.0,vol
NOR_15Y,5,Block_COVID,COVID,block_cv,gvz_level,cover,2161.0,vol
NOR_15Y,5,Block_COVID,COVID,block_cv,spx_mom_1m,cover,18.0,macro
NOR_15Y,5,Block_COVID,COVID,block_cv,spx_mom_3m,cover,0.0,macro
NOR_15Y,5,Block_COVID,COVID,block_cv,sx5e_mom_1m,cover,19.0,macro
NOR_15Y,5,Block_COVID,COVID,block_cv,sx5e_mom_3m,cover,0.0,macro
NOR_15Y,5,Block_COVID,COVID,block_cv,mxwo_mom_1m,cover,0.0,macro
NOR_15Y,5,Block_COVID,COVID,block_cv,ndx_mom_1m,cover,0.0,macro
NOR_15Y,5,Block_COVID,COVID,block_cv,oil_mom_1m,cover,58.0,macro
NOR_15Y,5,Block_COVID,COVID,block_cv,oil_mom_3m,cover,0.0,macro
NOR_15Y,5,Block_COVID,COVID,block_cv,copper_mom_1m,cover,0.0,macro
NOR_15Y,5,Block_COVID,COVID,block_cv,opec_prod,cover,0.0,macro
NOR_15Y,5,Block_COVID,COVID,block_cv,natgas_mom_1m,cover,2194.0,macro
NOR_15Y,5,Block_COVID,COVID,block_cv,be5y_level,cover,0.0,macro
NOR_15Y,5,Block_COVID,COVID,block_cv,be10y_level,cover,0.0,macro
NOR_15Y,5,Block_COVID,COVID,block_cv,be_slope,cover,0.0,macro
NOR_15Y,5,Block_COVID,COVID,block_cv,be5y_chg_1m,cover,0.0,macro
NOR_15Y,5,Block_COVID,COVID,block_cv,ig_spread,cover,0.0,credit
NOR_15Y,5,Block_COVID,COVID,block_cv,hy_spread,cover,0.0,credit
NOR_15Y,5,Block_COVID,COVID,block_cv,ig_chg_1m,cover,0.0,credit
NOR_15Y,5,Block_COVID,COVID,block_cv,hy_chg_1m,cover,0.0,credit
NOR_15Y,5,Block_COVID,COVID,block_cv,cpi_yoy,cover,0.0,macro
NOR_15Y,5,Block_COVID,COVID,block_cv,pce_core_chg,cover,85.5,macro
NOR_15Y,5,Block_COVID,COVID,block_cv,nfp_change,cover,2151.0,macro
NOR_15Y,5,Block_COVID,COVID,block_cv,pmi_us,cover,0.0,macro
NOR_15Y,5,Block_COVID,COVID,block_cv,pmi_eur,cover,0.0,macro
NOR_15Y,5,Block_COVID,COVID,block_cv,unemp_eur,cover,0.0,macro
NOR_15Y,5,Block_COVID,COVID,block_cv,cpi_nsa_level,cover,0.0,macro
NOR_15Y,5,Block_COVID,COVID,block_cv,pce_core_level,cover,0.0,macro
NOR_15Y,5,Block_COVID,COVID,block_cv,eur_3m,cover,0.0,macro
NOR_15Y,5,Block_COVID,COVID,block_cv,eur_1w,cover,15.0,macro
NOR_15Y,5,Block_COVID,COVID,block_cv,nor_ibor_1m,cover,0.0,norway
NOR_15Y,5,Block_COVID,COVID,block_cv,nor_ibor_6m,cover,0.0,norway
NOR_15Y,5,Block_COVID,COVID,block_cv,nor_ecb_dfr_chg,cover,0.0,norway
NOR_15Y,5,Block_COVID,COVID,block_cv,nor_ecb_dfr_level,cover,0.0,norway
NOR_15Y,5,Block_COVID,COVID,block_cv,nor_eurnok_chg_1d,cover,0.0,norway
NOR_15Y,5,Block_COVID,COVID,block_cv,nor_eurnok_level,cover,0.0,norway
NOR_15Y,5,Block_COVID,COVID,block_cv,nor_eurnok_mom_1m,cover,265.0,norway
NOR_15Y,5,Block_COVID,COVID,block_cv,nor_eurnok_mom_3m,cover,2110.333251953125,norway
NOR_15Y,5,Block_COVID,COVID,block_cv,nor_eurnok_rvol_20d,cover,58.0,norway
NOR_15Y,5,Block_COVID,COVID,block_cv,nor_govt_10y,cover,1093.0,norway
NOR_15Y,5,Block_COVID,COVID,block_cv,nor_govt_3y,cover,0.0,norway
NOR_15Y,5,Block_COVID,COVID,block_cv,nor_govt_5y,cover,0.0,norway
NOR_15Y,5,Block_COVID,COVID,block_cv,nor_i44_chg_1d,cover,44.0,norway
NOR_15Y,5,Block_COVID,COVID,block_cv,nor_i44_level,cover,0.0,norway
NOR_15Y,5,Block_COVID,COVID,block_cv,nor_i44_mom_1m,cover,29.66666603088379,norway
NOR_15Y,5,Block_COVID,COVID,block_cv,nor_i44_mom_3m,cover,740.3333129882812,norway
NOR_15Y,5,Block_COVID,COVID,block_cv,nor_i44_rvol_20d,cover,0.0,norway
NOR_15Y,5,Block_COVID,COVID,block_cv,nor_kpi_yoy,cover,1436.3333740234375,norway
NOR_15Y,5,Block_COVID,COVID,block_cv,nor_kpijae_yoy,cover,0.0,norway
NOR_15Y,5,Block_COVID,COVID,block_cv,nor_nibor_nowa_spread,cover,0.0,norway
NOR_15Y,5,Block_COVID,COVID,block_cv,nor_nowa_level,cover,0.0,norway
NOR_15Y,5,Block_COVID,COVID,block_cv,nor_polrate_chg_1d,cover,0.0,norway
NOR_15Y,5,Block_COVID,COVID,block_cv,nor_polrate_days_since_chg,cover,39.0,norway
NOR_15Y,5,Block_COVID,COVID,block_cv,nor_polrate_level,cover,0.0,norway
NOR_15Y,5,Block_COVID,COVID,block_cv,nor_rb_rate_chg,cover,0.0,norway
NOR_15Y,5,Block_COVID,COVID,block_cv,nor_rb_rate_level,cover,0.0,norway
NOR_15Y,5,Block_COVID,COVID,block_cv,nor_unemp,cover,0.0,norway
NOR_15Y,5,Block_COVID,COVID,block_cv,nor_usdnok_chg_1d,cover,0.0,norway
NOR_15Y,5,Block_COVID,COVID,block_cv,nor_usdnok_level,cover,1776.0,norway
NOR_15Y,5,Block_COVID,COVID,block_cv,nor_usdnok_mom_1m,cover,0.0,norway
NOR_15Y,5,Block_COVID,COVID,block_cv,nor_usdnok_mom_3m,cover,2126.333251953125,norway
NOR_15Y,5,Block_COVID,COVID,block_cv,nor_usdnok_rvol_20d,cover,47.0,norway
NOR_15Y,5,Block_COVID,COVID,block_cv,swap_govt_spread,cover,0.0,norway
NOR_15Y,5,Block_COVID,COVID,block_cv,xmpca_01,cover,0.0,cross_market
NOR_15Y,5,Block_COVID,COVID,block_cv,xmpca_02,cover,1429.0,cross_market
NOR_15Y,5,Block_COVID,COVID,block_cv,xmpca_03,cover,0.0,cross_market
NOR_15Y,5,Block_COVID,COVID,block_cv,xmpca_04,cover,0.0,cross_market
NOR_15Y,5,Block_COVID,COVID,block_cv,xmpca_05,cover,0.0,cross_market
NOR_15Y,5,Block_COVID,COVID,block_cv,xmpca_06,cover,60.0,cross_market
NOR_15Y,5,Block_COVID,COVID,block_cv,xmpca_07,cover,1155.5,cross_market
NOR_15Y,5,Block_COVID,COVID,block_cv,xmpca_08,cover,1067.5,cross_market
NOR_15Y,5,Block_COVID,COVID,block_cv,xmpca_09,cover,1038.0,cross_market
NOR_15Y,5,Block_COVID,COVID,block_cv,xmpca_10,cover,48.5,cross_market
NOR_15Y,5,Block_COVID,COVID,block_cv,xmpca_11,cover,1100.5,cross_market
NOR_15Y,5,Block_COVID,COVID,block_cv,xmpca_12,cover,0.0,cross_market
NOR_15Y,5,Block_COVID,COVID,block_cv,chg_lag1,total_gain,0.0,momentum
NOR_15Y,5,Block_COVID,COVID,block_cv,chg_lag2,total_gain,0.0,momentum
NOR_15Y,5,Block_COVID,COVID,block_cv,chg_lag3,total_gain,0.0,momentum
NOR_15Y,5,Block_COVID,COVID,block_cv,chg_lag4,total_gain,0.0,momentum
NOR_15Y,5,Block_COVID,COVID,block_cv,chg_lag5,total_gain,0.07693702727556229,momentum
NOR_15Y,5,Block_COVID,COVID,block_cv,carry_roll,total_gain,0.20365315675735474,carry_roll
NOR_15Y,5,Block_COVID,COVID,block_cv,mom_63d,total_gain,0.06465089321136475,momentum
NOR_15Y,5,Block_COVID,COVID,block_cv,mom_1m,total_gain,0.19809401035308838,momentum
NOR_15Y,5,Block_COVID,COVID,block_cv,mom_3m,total_gain,0.0,momentum
NOR_15Y,5,Block_COVID,COVID,block_cv,mom_6m,total_gain,0.0,momentum
NOR_15Y,5,Block_COVID,COVID,block_cv,mom_12m,total_gain,0.0,momentum
NOR_15Y,5,Block_COVID,COVID,block_cv,dev_ma_3m,total_gain,0.06147664040327072,curve
NOR_15Y,5,Block_COVID,COVID,block_cv,dev_ma_12m,total_gain,0.9067270755767822,curve
NOR_15Y,5,Block_COVID,COVID,block_cv,vol_20d,total_gain,0.15733638405799866,vol
NOR_15Y,5,Block_COVID,COVID,block_cv,vol_regime,total_gain,0.0,vol
NOR_15Y,5,Block_COVID,COVID,block_cv,vol_zscore,total_gain,0.0,vol
NOR_15Y,5,Block_COVID,COVID,block_cv,level_zscore,total_gain,0.08528616279363632,curve
NOR_15Y,5,Block_COVID,COVID,block_cv,slope_10_1,total_gain,0.07891736924648285,curve
NOR_15Y,5,Block_COVID,COVID,block_cv,slope_10_5,total_gain,0.0,curve
NOR_15Y,5,Block_COVID,COVID,block_cv,slope_5_1,total_gain,0.1522226780653,curve
NOR_15Y,5,Block_COVID,COVID,block_cv,sofr_mom_1m,total_gain,0.2849631905555725,macro
NOR_15Y,5,Block_COVID,COVID,block_cv,ibor_level,total_gain,0.08202707767486572,macro
NOR_15Y,5,Block_COVID,COVID,block_cv,ibor_chg_1d,total_gain,0.23027479648590088,macro
NOR_15Y,5,Block_COVID,COVID,block_cv,ibor_mom_1m,total_gain,0.0,macro
NOR_15Y,5,Block_COVID,COVID,block_cv,ibor_term_slope,total_gain,0.0,macro
NOR_15Y,5,Block_COVID,COVID,block_cv,swap_ibor_basis,total_gain,0.0,curve
NOR_15Y,5,Block_COVID,COVID,block_cv,move_level,total_gain,0.030285194516181946,vol
NOR_15Y,5,Block_COVID,COVID,block_cv,move_zscore,total_gain,0.0,vol
NOR_15Y,5,Block_COVID,COVID,block_cv,vix_level,total_gain,0.0,vol
NOR_15Y,5,Block_COVID,COVID,block_cv,vix_zscore,total_gain,0.07334712147712708,vol
NOR_15Y,5,Block_COVID,COVID,block_cv,v2x_level,total_gain,0.0,vol
NOR_15Y,5,Block_COVID,COVID,block_cv,vxn_level,total_gain,0.10571621358394623,vol
NOR_15Y,5,Block_COVID,COVID,block_cv,ovx_level,total_gain,0.07598736137151718,vol
NOR_15Y,5,Block_COVID,COVID,block_cv,gvz_level,total_gain,0.10977858304977417,vol
NOR_15Y,5,Block_COVID,COVID,block_cv,spx_mom_1m,total_gain,0.10055036842823029,macro
NOR_15Y,5,Block_COVID,COVID,block_cv,spx_mom_3m,total_gain,0.0,macro
NOR_15Y,5,Block_COVID,COVID,block_cv,sx5e_mom_1m,total_gain,0.10855644941329956,macro
NOR_15Y,5,Block_COVID,COVID,block_cv,sx5e_mom_3m,total_gain,0.0,macro
NOR_15Y,5,Block_COVID,COVID,block_cv,mxwo_mom_1m,total_gain,0.0,macro
NOR_15Y,5,Block_COVID,COVID,block_cv,ndx_mom_1m,total_gain,0.0,macro
NOR_15Y,5,Block_COVID,COVID,block_cv,oil_mom_1m,total_gain,0.06095957010984421,macro
NOR_15Y,5,Block_COVID,COVID,block_cv,oil_mom_3m,total_gain,0.0,macro
NOR_15Y,5,Block_COVID,COVID,block_cv,copper_mom_1m,total_gain,0.0,macro
NOR_15Y,5,Block_COVID,COVID,block_cv,opec_prod,total_gain,0.0,macro
NOR_15Y,5,Block_COVID,COVID,block_cv,natgas_mom_1m,total_gain,0.12435992062091827,macro
NOR_15Y,5,Block_COVID,COVID,block_cv,be5y_level,total_gain,0.0,macro
NOR_15Y,5,Block_COVID,COVID,block_cv,be10y_level,total_gain,0.0,macro
NOR_15Y,5,Block_COVID,COVID,block_cv,be_slope,total_gain,0.0,macro
NOR_15Y,5,Block_COVID,COVID,block_cv,be5y_chg_1m,total_gain,0.0,macro
NOR_15Y,5,Block_COVID,COVID,block_cv,ig_spread,total_gain,0.0,credit
NOR_15Y,5,Block_COVID,COVID,block_cv,hy_spread,total_gain,0.0,credit
NOR_15Y,5,Block_COVID,COVID,block_cv,ig_chg_1m,total_gain,0.0,credit
NOR_15Y,5,Block_COVID,COVID,block_cv,hy_chg_1m,total_gain,0.0,credit
NOR_15Y,5,Block_COVID,COVID,block_cv,cpi_yoy,total_gain,0.0,macro
NOR_15Y,5,Block_COVID,COVID,block_cv,pce_core_chg,total_gain,0.14345121383666992,macro
NOR_15Y,5,Block_COVID,COVID,block_cv,nfp_change,total_gain,0.6241331100463867,macro
NOR_15Y,5,Block_COVID,COVID,block_cv,pmi_us,total_gain,0.0,macro
NOR_15Y,5,Block_COVID,COVID,block_cv,pmi_eur,total_gain,0.0,macro
NOR_15Y,5,Block_COVID,COVID,block_cv,unemp_eur,total_gain,0.0,macro
NOR_15Y,5,Block_COVID,COVID,block_cv,cpi_nsa_level,total_gain,0.0,macro
NOR_15Y,5,Block_COVID,COVID,block_cv,pce_core_level,total_gain,0.0,macro
NOR_15Y,5,Block_COVID,COVID,block_cv,eur_3m,total_gain,0.0,macro
NOR_15Y,5,Block_COVID,COVID,block_cv,eur_1w,total_gain,0.0028092660941183567,macro
NOR_15Y,5,Block_COVID,COVID,block_cv,nor_ibor_1m,total_gain,0.0,norway
NOR_15Y,5,Block_COVID,COVID,block_cv,nor_ibor_6m,total_gain,0.0,norway
NOR_15Y,5,Block_COVID,COVID,block_cv,nor_ecb_dfr_chg,total_gain,0.0,norway
NOR_15Y,5,Block_COVID,COVID,block_cv,nor_ecb_dfr_level,total_gain,0.0,norway
NOR_15Y,5,Block_COVID,COVID,block_cv,nor_eurnok_chg_1d,total_gain,0.0,norway
NOR_15Y,5,Block_COVID,COVID,block_cv,nor_eurnok_level,total_gain,0.0,norway
NOR_15Y,5,Block_COVID,COVID,block_cv,nor_eurnok_mom_1m,total_gain,0.07971733808517456,norway
NOR_15Y,5,Block_COVID,COVID,block_cv,nor_eurnok_mom_3m,total_gain,0.2691371738910675,norway
NOR_15Y,5,Block_COVID,COVID,block_cv,nor_eurnok_rvol_20d,total_gain,0.06419718265533447,norway
NOR_15Y,5,Block_COVID,COVID,block_cv,nor_govt_10y,total_gain,0.21101078391075134,norway
NOR_15Y,5,Block_COVID,COVID,block_cv,nor_govt_3y,total_gain,0.0,norway
NOR_15Y,5,Block_COVID,COVID,block_cv,nor_govt_5y,total_gain,0.0,norway
NOR_15Y,5,Block_COVID,COVID,block_cv,nor_i44_chg_1d,total_gain,0.03838568925857544,norway
NOR_15Y,5,Block_COVID,COVID,block_cv,nor_i44_level,total_gain,0.0,norway
NOR_15Y,5,Block_COVID,COVID,block_cv,nor_i44_mom_1m,total_gain,0.13231679797172546,norway
NOR_15Y,5,Block_COVID,COVID,block_cv,nor_i44_mom_3m,total_gain,0.13372598588466644,norway
NOR_15Y,5,Block_COVID,COVID,block_cv,nor_i44_rvol_20d,total_gain,0.0,norway
NOR_15Y,5,Block_COVID,COVID,block_cv,nor_kpi_yoy,total_gain,0.23485305905342102,norway
NOR_15Y,5,Block_COVID,COVID,block_cv,nor_kpijae_yoy,total_gain,0.0,norway
NOR_15Y,5,Block_COVID,COVID,block_cv,nor_nibor_nowa_spread,total_gain,0.0,norway
NOR_15Y,5,Block_COVID,COVID,block_cv,nor_nowa_level,total_gain,0.0,norway
NOR_15Y,5,Block_COVID,COVID,block_cv,nor_polrate_chg_1d,total_gain,0.0,norway
NOR_15Y,5,Block_COVID,COVID,block_cv,nor_polrate_days_since_chg,total_gain,0.076022669672966,norway
NOR_15Y,5,Block_COVID,COVID,block_cv,nor_polrate_level,total_gain,0.0,norway
NOR_15Y,5,Block_COVID,COVID,block_cv,nor_rb_rate_chg,total_gain,0.0,norway
NOR_15Y,5,Block_COVID,COVID,block_cv,nor_rb_rate_level,total_gain,0.0,norway
NOR_15Y,5,Block_COVID,COVID,block_cv,nor_unemp,total_gain,0.0,norway
NOR_15Y,5,Block_COVID,COVID,block_cv,nor_usdnok_chg_1d,total_gain,0.0,norway
NOR_15Y,5,Block_COVID,COVID,block_cv,nor_usdnok_level,total_gain,0.07586293667554855,norway
NOR_15Y,5,Block_COVID,COVID,block_cv,nor_usdnok_mom_1m,total_gain,0.0,norway
NOR_15Y,5,Block_COVID,COVID,block_cv,nor_usdnok_mom_3m,total_gain,0.3609861731529236,norway
NOR_15Y,5,Block_COVID,COVID,block_cv,nor_usdnok_rvol_20d,total_gain,0.051623910665512085,norway
NOR_15Y,5,Block_COVID,COVID,block_cv,swap_govt_spread,total_gain,0.0,norway
NOR_15Y,5,Block_COVID,COVID,block_cv,xmpca_01,total_gain,0.0,cross_market
NOR_15Y,5,Block_COVID,COVID,block_cv,xmpca_02,total_gain,0.19637306034564972,cross_market
NOR_15Y,5,Block_COVID,COVID,block_cv,xmpca_03,total_gain,0.0,cross_market
NOR_15Y,5,Block_COVID,COVID,block_cv,xmpca_04,total_gain,0.0,cross_market
NOR_15Y,5,Block_COVID,COVID,block_cv,xmpca_05,total_gain,0.0,cross_market
NOR_15Y,5,Block_COVID,COVID,block_cv,xmpca_06,total_gain,0.10672779381275177,cross_market
NOR_15Y,5,Block_COVID,COVID,block_cv,xmpca_07,total_gain,0.13595138490200043,cross_market
NOR_15Y,5,Block_COVID,COVID,block_cv,xmpca_08,total_gain,0.07376669347286224,cross_market
NOR_15Y,5,Block_COVID,COVID,block_cv,xmpca_09,total_gain,0.10504677891731262,cross_market
NOR_15Y,5,Block_COVID,COVID,block_cv,xmpca_10,total_gain,0.12417542189359665,cross_market
NOR_15Y,5,Block_COVID,COVID,block_cv,xmpca_11,total_gain,0.13637501001358032,cross_market
NOR_15Y,5,Block_COVID,COVID,block_cv,xmpca_12,total_gain,0.0,cross_market
NOR_15Y,5,Block_COVID,COVID,block_cv,chg_lag1,total_cover,0.0,momentum
NOR_15Y,5,Block_COVID,COVID,block_cv,chg_lag2,total_cover,0.0,momentum
NOR_15Y,5,Block_COVID,COVID,block_cv,chg_lag3,total_cover,0.0,momentum
NOR_15Y,5,Block_COVID,COVID,block_cv,chg_lag4,total_cover,0.0,momentum
NOR_15Y,5,Block_COVID,COVID,block_cv,chg_lag5,total_cover,278.0,momentum
NOR_15Y,5,Block_COVID,COVID,block_cv,carry_roll,total_cover,2928.0,carry_roll
NOR_15Y,5,Block_COVID,COVID,block_cv,mom_63d,total_cover,2111.0,momentum
NOR_15Y,5,Block_COVID,COVID,block_cv,mom_1m,total_cover,2411.0,momentum
NOR_15Y,5,Block_COVID,COVID,block_cv,mom_3m,total_cover,0.0,momentum
NOR_15Y,5,Block_COVID,COVID,block_cv,mom_6m,total_cover,0.0,momentum
NOR_15Y,5,Block_COVID,COVID,block_cv,mom_12m,total_cover,0.0,momentum
NOR_15Y,5,Block_COVID,COVID,block_cv,dev_ma_3m,total_cover,1151.0,curve
NOR_15Y,5,Block_COVID,COVID,block_cv,dev_ma_12m,total_cover,13025.0,curve
NOR_15Y,5,Block_COVID,COVID,block_cv,vol_20d,total_cover,2214.0,vol
NOR_15Y,5,Block_COVID,COVID,block_cv,vol_regime,total_cover,0.0,vol
NOR_15Y,5,Block_COVID,COVID,block_cv,vol_zscore,total_cover,0.0,vol
NOR_15Y,5,Block_COVID,COVID,block_cv,level_zscore,total_cover,2170.0,curve
NOR_15Y,5,Block_COVID,COVID,block_cv,slope_10_1,total_cover,1773.0,curve
NOR_15Y,5,Block_COVID,COVID,block_cv,slope_10_5,total_cover,0.0,curve
NOR_15Y,5,Block_COVID,COVID,block_cv,slope_5_1,total_cover,1908.0,curve
NOR_15Y,5,Block_COVID,COVID,block_cv,sofr_mom_1m,total_cover,4349.0,macro
NOR_15Y,5,Block_COVID,COVID,block_cv,ibor_level,total_cover,2113.0,macro
NOR_15Y,5,Block_COVID,COVID,block_cv,ibor_chg_1d,total_cover,2254.0,macro
NOR_15Y,5,Block_COVID,COVID,block_cv,ibor_mom_1m,total_cover,0.0,macro
NOR_15Y,5,Block_COVID,COVID,block_cv,ibor_term_slope,total_cover,0.0,macro
NOR_15Y,5,Block_COVID,COVID,block_cv,swap_ibor_basis,total_cover,0.0,curve
NOR_15Y,5,Block_COVID,COVID,block_cv,move_level,total_cover,23.0,vol
NOR_15Y,5,Block_COVID,COVID,block_cv,move_zscore,total_cover,0.0,vol
NOR_15Y,5,Block_COVID,COVID,block_cv,vix_level,total_cover,0.0,vol
NOR_15Y,5,Block_COVID,COVID,block_cv,vix_zscore,total_cover,92.0,vol
NOR_15Y,5,Block_COVID,COVID,block_cv,v2x_level,total_cover,0.0,vol
NOR_15Y,5,Block_COVID,COVID,block_cv,vxn_level,total_cover,36.0,vol
NOR_15Y,5,Block_COVID,COVID,block_cv,ovx_level,total_cover,42.0,vol
NOR_15Y,5,Block_COVID,COVID,block_cv,gvz_level,total_cover,2161.0,vol
NOR_15Y,5,Block_COVID,COVID,block_cv,spx_mom_1m,total_cover,18.0,macro
NOR_15Y,5,Block_COVID,COVID,block_cv,spx_mom_3m,total_cover,0.0,macro
NOR_15Y,5,Block_COVID,COVID,block_cv,sx5e_mom_1m,total_cover,57.0,macro
NOR_15Y,5,Block_COVID,COVID,block_cv,sx5e_mom_3m,total_cover,0.0,macro
NOR_15Y,5,Block_COVID,COVID,block_cv,mxwo_mom_1m,total_cover,0.0,macro
NOR_15Y,5,Block_COVID,COVID,block_cv,ndx_mom_1m,total_cover,0.0,macro
NOR_15Y,5,Block_COVID,COVID,block_cv,oil_mom_1m,total_cover,58.0,macro
NOR_15Y,5,Block_COVID,COVID,block_cv,oil_mom_3m,total_cover,0.0,macro
NOR_15Y,5,Block_COVID,COVID,block_cv,copper_mom_1m,total_cover,0.0,macro
NOR_15Y,5,Block_COVID,COVID,block_cv,opec_prod,total_cover,0.0,macro
NOR_15Y,5,Block_COVID,COVID,block_cv,natgas_mom_1m,total_cover,2194.0,macro
NOR_15Y,5,Block_COVID,COVID,block_cv,be5y_level,total_cover,0.0,macro
NOR_15Y,5,Block_COVID,COVID,block_cv,be10y_level,total_cover,0.0,macro
NOR_15Y,5,Block_COVID,COVID,block_cv,be_slope,total_cover,0.0,macro
NOR_15Y,5,Block_COVID,COVID,block_cv,be5y_chg_1m,total_cover,0.0,macro
NOR_15Y,5,Block_COVID,COVID,block_cv,ig_spread,total_cover,0.0,credit
NOR_15Y,5,Block_COVID,COVID,block_cv,hy_spread,total_cover,0.0,credit
NOR_15Y,5,Block_COVID,COVID,block_cv,ig_chg_1m,total_cover,0.0,credit
NOR_15Y,5,Block_COVID,COVID,block_cv,hy_chg_1m,total_cover,0.0,credit
NOR_15Y,5,Block_COVID,COVID,block_cv,cpi_yoy,total_cover,0.0,macro
NOR_15Y,5,Block_COVID,COVID,block_cv,pce_core_chg,total_cover,171.0,macro
NOR_15Y,5,Block_COVID,COVID,block_cv,nfp_change,total_cover,10755.0,macro
NOR_15Y,5,Block_COVID,COVID,block_cv,pmi_us,total_cover,0.0,macro
NOR_15Y,5,Block_COVID,COVID,block_cv,pmi_eur,total_cover,0.0,macro
NOR_15Y,5,Block_COVID,COVID,block_cv,unemp_eur,total_cover,0.0,macro
NOR_15Y,5,Block_COVID,COVID,block_cv,cpi_nsa_level,total_cover,0.0,macro
NOR_15Y,5,Block_COVID,COVID,block_cv,pce_core_level,total_cover,0.0,macro
NOR_15Y,5,Block_COVID,COVID,block_cv,eur_3m,total_cover,0.0,macro
NOR_15Y,5,Block_COVID,COVID,block_cv,eur_1w,total_cover,15.0,macro
NOR_15Y,5,Block_COVID,COVID,block_cv,nor_ibor_1m,total_cover,0.0,norway
NOR_15Y,5,Block_COVID,COVID,block_cv,nor_ibor_6m,total_cover,0.0,norway
NOR_15Y,5,Block_COVID,COVID,block_cv,nor_ecb_dfr_chg,total_cover,0.0,norway
NOR_15Y,5,Block_COVID,COVID,block_cv,nor_ecb_dfr_level,total_cover,0.0,norway
NOR_15Y,5,Block_COVID,COVID,block_cv,nor_eurnok_chg_1d,total_cover,0.0,norway
NOR_15Y,5,Block_COVID,COVID,block_cv,nor_eurnok_level,total_cover,0.0,norway
NOR_15Y,5,Block_COVID,COVID,block_cv,nor_eurnok_mom_1m,total_cover,265.0,norway
NOR_15Y,5,Block_COVID,COVID,block_cv,nor_eurnok_mom_3m,total_cover,6331.0,norway
NOR_15Y,5,Block_COVID,COVID,block_cv,nor_eurnok_rvol_20d,total_cover,58.0,norway
NOR_15Y,5,Block_COVID,COVID,block_cv,nor_govt_10y,total_cover,2186.0,norway
NOR_15Y,5,Block_COVID,COVID,block_cv,nor_govt_3y,total_cover,0.0,norway
NOR_15Y,5,Block_COVID,COVID,block_cv,nor_govt_5y,total_cover,0.0,norway
NOR_15Y,5,Block_COVID,COVID,block_cv,nor_i44_chg_1d,total_cover,44.0,norway
NOR_15Y,5,Block_COVID,COVID,block_cv,nor_i44_level,total_cover,0.0,norway
NOR_15Y,5,Block_COVID,COVID,block_cv,nor_i44_mom_1m,total_cover,89.0,norway
NOR_15Y,5,Block_COVID,COVID,block_cv,nor_i44_mom_3m,total_cover,2221.0,norway
NOR_15Y,5,Block_COVID,COVID,block_cv,nor_i44_rvol_20d,total_cover,0.0,norway
NOR_15Y,5,Block_COVID,COVID,block_cv,nor_kpi_yoy,total_cover,4309.0,norway
NOR_15Y,5,Block_COVID,COVID,block_cv,nor_kpijae_yoy,total_cover,0.0,norway
NOR_15Y,5,Block_COVID,COVID,block_cv,nor_nibor_nowa_spread,total_cover,0.0,norway
NOR_15Y,5,Block_COVID,COVID,block_cv,nor_nowa_level,total_cover,0.0,norway
NOR_15Y,5,Block_COVID,COVID,block_cv,nor_polrate_chg_1d,total_cover,0.0,norway
NOR_15Y,5,Block_COVID,COVID,block_cv,nor_polrate_days_since_chg,total_cover,39.0,norway
NOR_15Y,5,Block_COVID,COVID,block_cv,nor_polrate_level,total_cover,0.0,norway
NOR_15Y,5,Block_COVID,COVID,block_cv,nor_rb_rate_chg,total_cover,0.0,norway
NOR_15Y,5,Block_COVID,COVID,block_cv,nor_rb_rate_level,total_cover,0.0,norway
NOR_15Y,5,Block_COVID,COVID,block_cv,nor_unemp,total_cover,0.0,norway
NOR_15Y,5,Block_COVID,COVID,block_cv,nor_usdnok_chg_1d,total_cover,0.0,norway
NOR_15Y,5,Block_COVID,COVID,block_cv,nor_usdnok_level,total_cover,1776.0,norway
NOR_15Y,5,Block_COVID,COVID,block_cv,nor_usdnok_mom_1m,total_cover,0.0,norway
NOR_15Y,5,Block_COVID,COVID,block_cv,nor_usdnok_mom_3m,total_cover,6379.0,norway
NOR_15Y,5,Block_COVID,COVID,block_cv,nor_usdnok_rvol_20d,total_cover,47.0,norway
NOR_15Y,5,Block_COVID,COVID,block_cv,swap_govt_spread,total_cover,0.0,norway
NOR_15Y,5,Block_COVID,COVID,block_cv,xmpca_01,total_cover,0.0,cross_market
NOR_15Y,5,Block_COVID,COVID,block_cv,xmpca_02,total_cover,4287.0,cross_market
NOR_15Y,5,Block_COVID,COVID,block_cv,xmpca_03,total_cover,0.0,cross_market
NOR_15Y,5,Block_COVID,COVID,block_cv,xmpca_04,total_cover,0.0,cross_market
NOR_15Y,5,Block_COVID,COVID,block_cv,xmpca_05,total_cover,0.0,cross_market
NOR_15Y,5,Block_COVID,COVID,block_cv,xmpca_06,total_cover,60.0,cross_market
NOR_15Y,5,Block_COVID,COVID,block_cv,xmpca_07,total_cover,2311.0,cross_market
NOR_15Y,5,Block_COVID,COVID,block_cv,xmpca_08,total_cover,2135.0,cross_market
NOR_15Y,5,Block_COVID,COVID,block_cv,xmpca_09,total_cover,2076.0,cross_market
NOR_15Y,5,Block_COVID,COVID,block_cv,xmpca_10,total_cover,97.0,cross_market
NOR_15Y,5,Block_COVID,COVID,block_cv,xmpca_11,total_cover,2201.0,cross_market
NOR_15Y,5,Block_COVID,COVID,block_cv,xmpca_12,total_cover,0.0,cross_market
NOR_15Y,5,Block_COVID,COVID,block_cv,chg_lag1,shap_mean_abs,0.0,momentum
NOR_15Y,5,Block_COVID,COVID,block_cv,chg_lag2,shap_mean_abs,0.0,momentum
NOR_15Y,5,Block_COVID,COVID,block_cv,chg_lag3,shap_mean_abs,0.0,momentum
NOR_15Y,5,Block_COVID,COVID,block_cv,chg_lag4,shap_mean_abs,0.0,momentum
NOR_15Y,5,Block_COVID,COVID,block_cv,chg_lag5,shap_mean_abs,0.00010790202941279858,momentum
NOR_15Y,5,Block_COVID,COVID,block_cv,carry_roll,shap_mean_abs,0.00021746220591012388,carry_roll
NOR_15Y,5,Block_COVID,COVID,block_cv,mom_63d,shap_mean_abs,0.00026524256099946797,momentum
NOR_15Y,5,Block_COVID,COVID,block_cv,mom_1m,shap_mean_abs,6.973975541768596e-05,momentum
NOR_15Y,5,Block_COVID,COVID,block_cv,mom_3m,shap_mean_abs,0.0,momentum
NOR_15Y,5,Block_COVID,COVID,block_cv,mom_6m,shap_mean_abs,0.0,momentum
NOR_15Y,5,Block_COVID,COVID,block_cv,mom_12m,shap_mean_abs,0.0,momentum
NOR_15Y,5,Block_COVID,COVID,block_cv,dev_ma_3m,shap_mean_abs,0.00022219994571059942,curve
NOR_15Y,5,Block_COVID,COVID,block_cv,dev_ma_12m,shap_mean_abs,0.0010935645550489426,curve
NOR_15Y,5,Block_COVID,COVID,block_cv,vol_20d,shap_mean_abs,0.00014997668040450662,vol
NOR_15Y,5,Block_COVID,COVID,block_cv,vol_regime,shap_mean_abs,0.0,vol
NOR_15Y,5,Block_COVID,COVID,block_cv,vol_zscore,shap_mean_abs,0.0,vol
NOR_15Y,5,Block_COVID,COVID,block_cv,level_zscore,shap_mean_abs,2.805928852467332e-05,curve
NOR_15Y,5,Block_COVID,COVID,block_cv,slope_10_1,shap_mean_abs,0.0001079094217857346,curve
NOR_15Y,5,Block_COVID,COVID,block_cv,slope_10_5,shap_mean_abs,0.0,curve
NOR_15Y,5,Block_COVID,COVID,block_cv,slope_5_1,shap_mean_abs,0.00015263049863278866,curve
NOR_15Y,5,Block_COVID,COVID,block_cv,sofr_mom_1m,shap_mean_abs,0.0009826208697631955,macro
NOR_15Y,5,Block_COVID,COVID,block_cv,ibor_level,shap_mean_abs,0.0001512255403213203,macro
NOR_15Y,5,Block_COVID,COVID,block_cv,ibor_chg_1d,shap_mean_abs,0.000912571616936475,macro
NOR_15Y,5,Block_COVID,COVID,block_cv,ibor_mom_1m,shap_mean_abs,0.0,macro
NOR_15Y,5,Block_COVID,COVID,block_cv,ibor_term_slope,shap_mean_abs,0.0,macro
NOR_15Y,5,Block_COVID,COVID,block_cv,swap_ibor_basis,shap_mean_abs,0.0,curve
NOR_15Y,5,Block_COVID,COVID,block_cv,move_level,shap_mean_abs,1.0942329026875086e-05,vol
NOR_15Y,5,Block_COVID,COVID,block_cv,move_zscore,shap_mean_abs,0.0,vol
NOR_15Y,5,Block_COVID,COVID,block_cv,vix_level,shap_mean_abs,0.0,vol
NOR_15Y,5,Block_COVID,COVID,block_cv,vix_zscore,shap_mean_abs,4.168895975453779e-05,vol
NOR_15Y,5,Block_COVID,COVID,block_cv,v2x_level,shap_mean_abs,0.0,vol
NOR_15Y,5,Block_COVID,COVID,block_cv,vxn_level,shap_mean_abs,0.00011397113121347502,vol
NOR_15Y,5,Block_COVID,COVID,block_cv,ovx_level,shap_mean_abs,6.65447732899338e-05,vol
NOR_15Y,5,Block_COVID,COVID,block_cv,gvz_level,shap_mean_abs,0.00011463038390502334,vol
NOR_15Y,5,Block_COVID,COVID,block_cv,spx_mom_1m,shap_mean_abs,2.3328182578552514e-05,macro
NOR_15Y,5,Block_COVID,COVID,block_cv,spx_mom_3m,shap_mean_abs,0.0,macro
NOR_15Y,5,Block_COVID,COVID,block_cv,sx5e_mom_1m,shap_mean_abs,0.00023707137734163553,macro
NOR_15Y,5,Block_COVID,COVID,block_cv,sx5e_mom_3m,shap_mean_abs,0.0,macro
NOR_15Y,5,Block_COVID,COVID,block_cv,mxwo_mom_1m,shap_mean_abs,0.0,macro
NOR_15Y,5,Block_COVID,COVID,block_cv,ndx_mom_1m,shap_mean_abs,0.0,macro
NOR_15Y,5,Block_COVID,COVID,block_cv,oil_mom_1m,shap_mean_abs,0.0008081241976469755,macro
NOR_15Y,5,Block_COVID,COVID,block_cv,oil_mom_3m,shap_mean_abs,0.0,macro
NOR_15Y,5,Block_COVID,COVID,block_cv,copper_mom_1m,shap_mean_abs,0.0,macro
NOR_15Y,5,Block_COVID,COVID,block_cv,opec_prod,shap_mean_abs,0.0,macro
NOR_15Y,5,Block_COVID,COVID,block_cv,natgas_mom_1m,shap_mean_abs,0.0010771056404337287,macro
NOR_15Y,5,Block_COVID,COVID,block_cv,be5y_level,shap_mean_abs,0.0,macro
NOR_15Y,5,Block_COVID,COVID,block_cv,be10y_level,shap_mean_abs,0.0,macro
NOR_15Y,5,Block_COVID,COVID,block_cv,be_slope,shap_mean_abs,0.0,macro
NOR_15Y,5,Block_COVID,COVID,block_cv,be5y_chg_1m,shap_mean_abs,0.0,macro
NOR_15Y,5,Block_COVID,COVID,block_cv,ig_spread,shap_mean_abs,0.0,credit
NOR_15Y,5,Block_COVID,COVID,block_cv,hy_spread,shap_mean_abs,0.0,credit
NOR_15Y,5,Block_COVID,COVID,block_cv,ig_chg_1m,shap_mean_abs,0.0,credit
NOR_15Y,5,Block_COVID,COVID,block_cv,hy_chg_1m,shap_mean_abs,0.0,credit
NOR_15Y,5,Block_COVID,COVID,block_cv,cpi_yoy,shap_mean_abs,0.0,macro
NOR_15Y,5,Block_COVID,COVID,block_cv,pce_core_chg,shap_mean_abs,0.0001273923844564706,macro
NOR_15Y,5,Block_COVID,COVID,block_cv,nfp_change,shap_mean_abs,0.013307200744748116,macro
NOR_15Y,5,Block_COVID,COVID,block_cv,pmi_us,shap_mean_abs,0.0,macro
NOR_15Y,5,Block_COVID,COVID,block_cv,pmi_eur,shap_mean_abs,0.0,macro
NOR_15Y,5,Block_COVID,COVID,block_cv,unemp_eur,shap_mean_abs,0.0,macro
NOR_15Y,5,Block_COVID,COVID,block_cv,cpi_nsa_level,shap_mean_abs,0.0,macro
NOR_15Y,5,Block_COVID,COVID,block_cv,pce_core_level,shap_mean_abs,0.0,macro
NOR_15Y,5,Block_COVID,COVID,block_cv,eur_3m,shap_mean_abs,0.0,macro
NOR_15Y,5,Block_COVID,COVID,block_cv,eur_1w,shap_mean_abs,1.760526174621191e-05,macro
NOR_15Y,5,Block_COVID,COVID,block_cv,nor_ibor_1m,shap_mean_abs,0.0,norway
NOR_15Y,5,Block_COVID,COVID,block_cv,nor_ibor_6m,shap_mean_abs,0.0,norway
NOR_15Y,5,Block_COVID,COVID,block_cv,nor_ecb_dfr_chg,shap_mean_abs,0.0,norway
NOR_15Y,5,Block_COVID,COVID,block_cv,nor_ecb_dfr_level,shap_mean_abs,0.0,norway
NOR_15Y,5,Block_COVID,COVID,block_cv,nor_eurnok_chg_1d,shap_mean_abs,0.0,norway
NOR_15Y,5,Block_COVID,COVID,block_cv,nor_eurnok_level,shap_mean_abs,0.0,norway
NOR_15Y,5,Block_COVID,COVID,block_cv,nor_eurnok_mom_1m,shap_mean_abs,0.00017753950669430196,norway
NOR_15Y,5,Block_COVID,COVID,block_cv,nor_eurnok_mom_3m,shap_mean_abs,0.00042065291199833155,norway
NOR_15Y,5,Block_COVID,COVID,block_cv,nor_eurnok_rvol_20d,shap_mean_abs,0.0007851472473703325,norway
NOR_15Y,5,Block_COVID,COVID,block_cv,nor_govt_10y,shap_mean_abs,0.0017378110205754638,norway
NOR_15Y,5,Block_COVID,COVID,block_cv,nor_govt_3y,shap_mean_abs,0.0,norway
NOR_15Y,5,Block_COVID,COVID,block_cv,nor_govt_5y,shap_mean_abs,0.0,norway
NOR_15Y,5,Block_COVID,COVID,block_cv,nor_i44_chg_1d,shap_mean_abs,0.00030038191471248865,norway
NOR_15Y,5,Block_COVID,COVID,block_cv,nor_i44_level,shap_mean_abs,0.0,norway
NOR_15Y,5,Block_COVID,COVID,block_cv,nor_i44_mom_1m,shap_mean_abs,0.00016270951891783625,norway
NOR_15Y,5,Block_COVID,COVID,block_cv,nor_i44_mom_3m,shap_mean_abs,0.00021843028662260622,norway
NOR_15Y,5,Block_COVID,COVID,block_cv,nor_i44_rvol_20d,shap_mean_abs,0.0,norway
NOR_15Y,5,Block_COVID,COVID,block_cv,nor_kpi_yoy,shap_mean_abs,0.0002551217330619693,norway
NOR_15Y,5,Block_COVID,COVID,block_cv,nor_kpijae_yoy,shap_mean_abs,0.0,norway
NOR_15Y,5,Block_COVID,COVID,block_cv,nor_nibor_nowa_spread,shap_mean_abs,0.0,norway
NOR_15Y,5,Block_COVID,COVID,block_cv,nor_nowa_level,shap_mean_abs,0.0,norway
NOR_15Y,5,Block_COVID,COVID,block_cv,nor_polrate_chg_1d,shap_mean_abs,0.0,norway
NOR_15Y,5,Block_COVID,COVID,block_cv,nor_polrate_days_since_chg,shap_mean_abs,2.5641726097092032e-05,norway
NOR_15Y,5,Block_COVID,COVID,block_cv,nor_polrate_level,shap_mean_abs,0.0,norway
NOR_15Y,5,Block_COVID,COVID,block_cv,nor_rb_rate_chg,shap_mean_abs,0.0,norway
NOR_15Y,5,Block_COVID,COVID,block_cv,nor_rb_rate_level,shap_mean_abs,0.0,norway
NOR_15Y,5,Block_COVID,COVID,block_cv,nor_unemp,shap_mean_abs,0.0,norway
NOR_15Y,5,Block_COVID,COVID,block_cv,nor_usdnok_chg_1d,shap_mean_abs,0.0,norway
NOR_15Y,5,Block_COVID,COVID,block_cv,nor_usdnok_level,shap_mean_abs,0.0007494665333069861,norway
NOR_15Y,5,Block_COVID,COVID,block_cv,nor_usdnok_mom_1m,shap_mean_abs,0.0,norway
NOR_15Y,5,Block_COVID,COVID,block_cv,nor_usdnok_mom_3m,shap_mean_abs,0.000976946554146707,norway
NOR_15Y,5,Block_COVID,COVID,block_cv,nor_usdnok_rvol_20d,shap_mean_abs,8.251883264165372e-05,norway
NOR_15Y,5,Block_COVID,COVID,block_cv,swap_govt_spread,shap_mean_abs,0.0,norway
NOR_15Y,5,Block_COVID,COVID,block_cv,xmpca_01,shap_mean_abs,0.0,cross_market
NOR_15Y,5,Block_COVID,COVID,block_cv,xmpca_02,shap_mean_abs,0.0005911410553380847,cross_market
NOR_15Y,5,Block_COVID,COVID,block_cv,xmpca_03,shap_mean_abs,0.0,cross_market
NOR_15Y,5,Block_COVID,COVID,block_cv,xmpca_04,shap_mean_abs,0.0,cross_market
NOR_15Y,5,Block_COVID,COVID,block_cv,xmpca_05,shap_mean_abs,0.0,cross_market
NOR_15Y,5,Block_COVID,COVID,block_cv,xmpca_06,shap_mean_abs,0.0008790615247562528,cross_market
NOR_15Y,5,Block_COVID,COVID,block_cv,xmpca_07,shap_mean_abs,0.00015121912292670459,cross_market
NOR_15Y,5,Block_COVID,COVID,block_cv,xmpca_08,shap_mean_abs,0.0003028665669262409,cross_market
NOR_15Y,5,Block_COVID,COVID,block_cv,xmpca_09,shap_mean_abs,0.00023399134806822985,cross_market
NOR_15Y,5,Block_COVID,COVID,block_cv,xmpca_10,shap_mean_abs,6.698660581605509e-05,cross_market
NOR_15Y,5,Block_COVID,COVID,block_cv,xmpca_11,shap_mean_abs,0.00012067986972397193,cross_market
NOR_15Y,5,Block_COVID,COVID,block_cv,xmpca_12,shap_mean_abs,0.0,cross_market
NOR_15Y,5,Block_Hiking,Hiking,block_cv,chg_lag1,gain,0.0,momentum
NOR_15Y,5,Block_Hiking,Hiking,block_cv,chg_lag2,gain,0.00339600071310997,momentum
NOR_15Y,5,Block_Hiking,Hiking,block_cv,chg_lag3,gain,0.0,momentum
NOR_15Y,5,Block_Hiking,Hiking,block_cv,chg_lag4,gain,0.0,momentum
NOR_15Y,5,Block_Hiking,Hiking,block_cv,chg_lag5,gain,0.0,momentum
NOR_15Y,5,Block_Hiking,Hiking,block_cv,carry_roll,gain,0.08958885818719864,carry_roll
NOR_15Y,5,Block_Hiking,Hiking,block_cv,mom_63d,gain,0.049760036170482635,momentum
NOR_15Y,5,Block_Hiking,Hiking,block_cv,mom_1m,gain,0.06638219952583313,momentum
NOR_15Y,5,Block_Hiking,Hiking,block_cv,mom_3m,gain,0.0,momentum
NOR_15Y,5,Block_Hiking,Hiking,block_cv,mom_6m,gain,0.0,momentum
NOR_15Y,5,Block_Hiking,Hiking,block_cv,mom_12m,gain,0.05122777074575424,momentum
NOR_15Y,5,Block_Hiking,Hiking,block_cv,dev_ma_3m,gain,0.13245876133441925,curve
NOR_15Y,5,Block_Hiking,Hiking,block_cv,dev_ma_12m,gain,0.1127079427242279,curve
NOR_15Y,5,Block_Hiking,Hiking,block_cv,vol_20d,gain,0.0976099818944931,vol
NOR_15Y,5,Block_Hiking,Hiking,block_cv,vol_regime,gain,0.0,vol
NOR_15Y,5,Block_Hiking,Hiking,block_cv,vol_zscore,gain,0.0,vol
NOR_15Y,5,Block_Hiking,Hiking,block_cv,level_zscore,gain,0.09012709558010101,curve
NOR_15Y,5,Block_Hiking,Hiking,block_cv,slope_10_1,gain,0.07439073175191879,curve
NOR_15Y,5,Block_Hiking,Hiking,block_cv,slope_10_5,gain,0.0,curve
NOR_15Y,5,Block_Hiking,Hiking,block_cv,slope_5_1,gain,0.07498534023761749,curve
NOR_15Y,5,Block_Hiking,Hiking,block_cv,sofr_mom_1m,gain,0.05455049127340317,macro
NOR_15Y,5,Block_Hiking,Hiking,block_cv,ibor_level,gain,0.0,macro
NOR_15Y,5,Block_Hiking,Hiking,block_cv,ibor_chg_1d,gain,0.09648419916629791,macro
NOR_15Y,5,Block_Hiking,Hiking,block_cv,ibor_mom_1m,gain,0.09068097919225693,macro
NOR_15Y,5,Block_Hiking,Hiking,block_cv,ibor_term_slope,gain,0.06254053860902786,macro
NOR_15Y,5,Block_Hiking,Hiking,block_cv,swap_ibor_basis,gain,0.05573857203125954,curve
NOR_15Y,5,Block_Hiking,Hiking,block_cv,move_level,gain,0.0,vol
NOR_15Y,5,Block_Hiking,Hiking,block_cv,move_zscore,gain,0.051910921931266785,vol
NOR_15Y,5,Block_Hiking,Hiking,block_cv,vix_level,gain,0.0,vol
NOR_15Y,5,Block_Hiking,Hiking,block_cv,vix_zscore,gain,0.0,vol
NOR_15Y,5,Block_Hiking,Hiking,block_cv,v2x_level,gain,0.0,vol
NOR_15Y,5,Block_Hiking,Hiking,block_cv,vxn_level,gain,0.06381183117628098,vol
NOR_15Y,5,Block_Hiking,Hiking,block_cv,ovx_level,gain,0.0,vol
NOR_15Y,5,Block_Hiking,Hiking,block_cv,gvz_level,gain,0.09025011956691742,vol
NOR_15Y,5,Block_Hiking,Hiking,block_cv,spx_mom_1m,gain,0.046520739793777466,macro
NOR_15Y,5,Block_Hiking,Hiking,block_cv,spx_mom_3m,gain,0.11160533875226974,macro
NOR_15Y,5,Block_Hiking,Hiking,block_cv,sx5e_mom_1m,gain,0.10755777359008789,macro
NOR_15Y,5,Block_Hiking,Hiking,block_cv,sx5e_mom_3m,gain,0.0,macro
NOR_15Y,5,Block_Hiking,Hiking,block_cv,mxwo_mom_1m,gain,0.04373510181903839,macro
NOR_15Y,5,Block_Hiking,Hiking,block_cv,ndx_mom_1m,gain,0.08238637447357178,macro
NOR_15Y,5,Block_Hiking,Hiking,block_cv,oil_mom_1m,gain,0.07077738642692566,macro
NOR_15Y,5,Block_Hiking,Hiking,block_cv,oil_mom_3m,gain,0.04089616611599922,macro
NOR_15Y,5,Block_Hiking,Hiking,block_cv,copper_mom_1m,gain,0.0,macro
NOR_15Y,5,Block_Hiking,Hiking,block_cv,opec_prod,gain,0.0,macro
NOR_15Y,5,Block_Hiking,Hiking,block_cv,natgas_mom_1m,gain,0.0,macro
NOR_15Y,5,Block_Hiking,Hiking,block_cv,be5y_level,gain,0.03258591145277023,macro
NOR_15Y,5,Block_Hiking,Hiking,block_cv,be10y_level,gain,0.047830335795879364,macro
NOR_15Y,5,Block_Hiking,Hiking,block_cv,be_slope,gain,0.0,macro
NOR_15Y,5,Block_Hiking,Hiking,block_cv,be5y_chg_1m,gain,0.0,macro
NOR_15Y,5,Block_Hiking,Hiking,block_cv,ig_spread,gain,0.0,credit
NOR_15Y,5,Block_Hiking,Hiking,block_cv,hy_spread,gain,0.0,credit
NOR_15Y,5,Block_Hiking,Hiking,block_cv,ig_chg_1m,gain,0.0,credit
NOR_15Y,5,Block_Hiking,Hiking,block_cv,hy_chg_1m,gain,0.0,credit
NOR_15Y,5,Block_Hiking,Hiking,block_cv,cpi_yoy,gain,0.0,macro
NOR_15Y,5,Block_Hiking,Hiking,block_cv,pce_core_chg,gain,0.0,macro
NOR_15Y,5,Block_Hiking,Hiking,block_cv,nfp_change,gain,0.0,macro
NOR_15Y,5,Block_Hiking,Hiking,block_cv,pmi_us,gain,0.015865828841924667,macro
NOR_15Y,5,Block_Hiking,Hiking,block_cv,pmi_eur,gain,0.0,macro
NOR_15Y,5,Block_Hiking,Hiking,block_cv,unemp_eur,gain,0.0,macro
NOR_15Y,5,Block_Hiking,Hiking,block_cv,cpi_nsa_level,gain,0.0,macro
NOR_15Y,5,Block_Hiking,Hiking,block_cv,pce_core_level,gain,0.0,macro
NOR_15Y,5,Block_Hiking,Hiking,block_cv,eur_3m,gain,0.0,macro
NOR_15Y,5,Block_Hiking,Hiking,block_cv,eur_1w,gain,0.0,macro
NOR_15Y,5,Block_Hiking,Hiking,block_cv,nor_ibor_1m,gain,0.0,norway
NOR_15Y,5,Block_Hiking,Hiking,block_cv,nor_ibor_6m,gain,0.0,norway
NOR_15Y,5,Block_Hiking,Hiking,block_cv,nor_ecb_dfr_chg,gain,0.07732357829809189,norway
NOR_15Y,5,Block_Hiking,Hiking,block_cv,nor_ecb_dfr_level,gain,0.0,norway
NOR_15Y,5,Block_Hiking,Hiking,block_cv,nor_eurnok_chg_1d,gain,0.03013824298977852,norway
NOR_15Y,5,Block_Hiking,Hiking,block_cv,nor_eurnok_level,gain,0.0,norway
NOR_15Y,5,Block_Hiking,Hiking,block_cv,nor_eurnok_mom_1m,gain,0.0,norway
NOR_15Y,5,Block_Hiking,Hiking,block_cv,nor_eurnok_mom_3m,gain,0.0,norway
NOR_15Y,5,Block_Hiking,Hiking,block_cv,nor_eurnok_rvol_20d,gain,0.04380335658788681,norway
NOR_15Y,5,Block_Hiking,Hiking,block_cv,nor_govt_10y,gain,0.0,norway
NOR_15Y,5,Block_Hiking,Hiking,block_cv,nor_govt_3y,gain,0.0,norway
NOR_15Y,5,Block_Hiking,Hiking,block_cv,nor_govt_5y,gain,0.034732431173324585,norway
NOR_15Y,5,Block_Hiking,Hiking,block_cv,nor_i44_chg_1d,gain,0.0,norway
NOR_15Y,5,Block_Hiking,Hiking,block_cv,nor_i44_level,gain,0.0,norway
NOR_15Y,5,Block_Hiking,Hiking,block_cv,nor_i44_mom_1m,gain,0.0,norway
NOR_15Y,5,Block_Hiking,Hiking,block_cv,nor_i44_mom_3m,gain,0.03746633231639862,norway
NOR_15Y,5,Block_Hiking,Hiking,block_cv,nor_i44_rvol_20d,gain,0.0,norway
NOR_15Y,5,Block_Hiking,Hiking,block_cv,nor_kpi_yoy,gain,0.0,norway
NOR_15Y,5,Block_Hiking,Hiking,block_cv,nor_kpijae_yoy,gain,0.0,norway
NOR_15Y,5,Block_Hiking,Hiking,block_cv,nor_nibor_nowa_spread,gain,0.05111736059188843,norway
NOR_15Y,5,Block_Hiking,Hiking,block_cv,nor_nowa_level,gain,0.0681488960981369,norway
NOR_15Y,5,Block_Hiking,Hiking,block_cv,nor_polrate_chg_1d,gain,0.0,norway
NOR_15Y,5,Block_Hiking,Hiking,block_cv,nor_polrate_days_since_chg,gain,0.0,norway
NOR_15Y,5,Block_Hiking,Hiking,block_cv,nor_polrate_level,gain,0.0,norway
NOR_15Y,5,Block_Hiking,Hiking,block_cv,nor_rb_rate_chg,gain,0.0,norway
NOR_15Y,5,Block_Hiking,Hiking,block_cv,nor_rb_rate_level,gain,0.0,norway
NOR_15Y,5,Block_Hiking,Hiking,block_cv,nor_unemp,gain,0.0,norway
NOR_15Y,5,Block_Hiking,Hiking,block_cv,nor_usdnok_chg_1d,gain,0.0,norway
NOR_15Y,5,Block_Hiking,Hiking,block_cv,nor_usdnok_level,gain,0.055292144417762756,norway
NOR_15Y,5,Block_Hiking,Hiking,block_cv,nor_usdnok_mom_1m,gain,0.05901550129055977,norway
NOR_15Y,5,Block_Hiking,Hiking,block_cv,nor_usdnok_mom_3m,gain,0.10741201043128967,norway
NOR_15Y,5,Block_Hiking,Hiking,block_cv,nor_usdnok_rvol_20d,gain,0.10027047246694565,norway
NOR_15Y,5,Block_Hiking,Hiking,block_cv,swap_govt_spread,gain,0.0,norway
NOR_15Y,5,Block_Hiking,Hiking,block_cv,xmpca_01,gain,0.0,cross_market
NOR_15Y,5,Block_Hiking,Hiking,block_cv,xmpca_02,gain,0.0,cross_market
NOR_15Y,5,Block_Hiking,Hiking,block_cv,xmpca_03,gain,0.0,cross_market
NOR_15Y,5,Block_Hiking,Hiking,block_cv,xmpca_04,gain,0.0,cross_market
NOR_15Y,5,Block_Hiking,Hiking,block_cv,xmpca_05,gain,0.0,cross_market
NOR_15Y,5,Block_Hiking,Hiking,block_cv,xmpca_06,gain,0.07748807966709137,cross_market
NOR_15Y,5,Block_Hiking,Hiking,block_cv,xmpca_07,gain,0.012594763189554214,cross_market
NOR_15Y,5,Block_Hiking,Hiking,block_cv,xmpca_08,gain,0.06782560050487518,cross_market
NOR_15Y,5,Block_Hiking,Hiking,block_cv,xmpca_09,gain,0.0,cross_market
NOR_15Y,5,Block_Hiking,Hiking,block_cv,xmpca_10,gain,0.0,cross_market
NOR_15Y,5,Block_Hiking,Hiking,block_cv,xmpca_11,gain,0.0,cross_market
NOR_15Y,5,Block_Hiking,Hiking,block_cv,xmpca_12,gain,0.0,cross_market
NOR_15Y,5,Block_Hiking,Hiking,block_cv,chg_lag1,weight,0.0,momentum
NOR_15Y,5,Block_Hiking,Hiking,block_cv,chg_lag2,weight,1.0,momentum
NOR_15Y,5,Block_Hiking,Hiking,block_cv,chg_lag3,weight,0.0,momentum
NOR_15Y,5,Block_Hiking,Hiking,block_cv,chg_lag4,weight,0.0,momentum
NOR_15Y,5,Block_Hiking,Hiking,block_cv,chg_lag5,weight,0.0,momentum
NOR_15Y,5,Block_Hiking,Hiking,block_cv,carry_roll,weight,5.0,carry_roll
NOR_15Y,5,Block_Hiking,Hiking,block_cv,mom_63d,weight,1.0,momentum
NOR_15Y,5,Block_Hiking,Hiking,block_cv,mom_1m,weight,4.0,momentum
NOR_15Y,5,Block_Hiking,Hiking,block_cv,mom_3m,weight,0.0,momentum
NOR_15Y,5,Block_Hiking,Hiking,block_cv,mom_6m,weight,0.0,momentum
NOR_15Y,5,Block_Hiking,Hiking,block_cv,mom_12m,weight,4.0,momentum
NOR_15Y,5,Block_Hiking,Hiking,block_cv,dev_ma_3m,weight,3.0,curve
NOR_15Y,5,Block_Hiking,Hiking,block_cv,dev_ma_12m,weight,12.0,curve
NOR_15Y,5,Block_Hiking,Hiking,block_cv,vol_20d,weight,4.0,vol
NOR_15Y,5,Block_Hiking,Hiking,block_cv,vol_regime,weight,0.0,vol
NOR_15Y,5,Block_Hiking,Hiking,block_cv,vol_zscore,weight,0.0,vol
NOR_15Y,5,Block_Hiking,Hiking,block_cv,level_zscore,weight,7.0,curve
NOR_15Y,5,Block_Hiking,Hiking,block_cv,slope_10_1,weight,2.0,curve
NOR_15Y,5,Block_Hiking,Hiking,block_cv,slope_10_5,weight,0.0,curve
NOR_15Y,5,Block_Hiking,Hiking,block_cv,slope_5_1,weight,1.0,curve
NOR_15Y,5,Block_Hiking,Hiking,block_cv,sofr_mom_1m,weight,5.0,macro
NOR_15Y,5,Block_Hiking,Hiking,block_cv,ibor_level,weight,0.0,macro
NOR_15Y,5,Block_Hiking,Hiking,block_cv,ibor_chg_1d,weight,5.0,macro
NOR_15Y,5,Block_Hiking,Hiking,block_cv,ibor_mom_1m,weight,7.0,macro
NOR_15Y,5,Block_Hiking,Hiking,block_cv,ibor_term_slope,weight,3.0,macro
NOR_15Y,5,Block_Hiking,Hiking,block_cv,swap_ibor_basis,weight,2.0,curve
NOR_15Y,5,Block_Hiking,Hiking,block_cv,move_level,weight,0.0,vol
NOR_15Y,5,Block_Hiking,Hiking,block_cv,move_zscore,weight,3.0,vol
NOR_15Y,5,Block_Hiking,Hiking,block_cv,vix_level,weight,0.0,vol
NOR_15Y,5,Block_Hiking,Hiking,block_cv,vix_zscore,weight,0.0,vol
NOR_15Y,5,Block_Hiking,Hiking,block_cv,v2x_level,weight,0.0,vol
NOR_15Y,5,Block_Hiking,Hiking,block_cv,vxn_level,weight,2.0,vol
NOR_15Y,5,Block_Hiking,Hiking,block_cv,ovx_level,weight,0.0,vol
NOR_15Y,5,Block_Hiking,Hiking,block_cv,gvz_level,weight,1.0,vol
NOR_15Y,5,Block_Hiking,Hiking,block_cv,spx_mom_1m,weight,3.0,macro
NOR_15Y,5,Block_Hiking,Hiking,block_cv,spx_mom_3m,weight,4.0,macro
NOR_15Y,5,Block_Hiking,Hiking,block_cv,sx5e_mom_1m,weight,1.0,macro
NOR_15Y,5,Block_Hiking,Hiking,block_cv,sx5e_mom_3m,weight,0.0,macro
NOR_15Y,5,Block_Hiking,Hiking,block_cv,mxwo_mom_1m,weight,2.0,macro
NOR_15Y,5,Block_Hiking,Hiking,block_cv,ndx_mom_1m,weight,1.0,macro
NOR_15Y,5,Block_Hiking,Hiking,block_cv,oil_mom_1m,weight,2.0,macro
NOR_15Y,5,Block_Hiking,Hiking,block_cv,oil_mom_3m,weight,2.0,macro
NOR_15Y,5,Block_Hiking,Hiking,block_cv,copper_mom_1m,weight,0.0,macro
NOR_15Y,5,Block_Hiking,Hiking,block_cv,opec_prod,weight,0.0,macro
NOR_15Y,5,Block_Hiking,Hiking,block_cv,natgas_mom_1m,weight,0.0,macro
NOR_15Y,5,Block_Hiking,Hiking,block_cv,be5y_level,weight,1.0,macro
NOR_15Y,5,Block_Hiking,Hiking,block_cv,be10y_level,weight,1.0,macro
NOR_15Y,5,Block_Hiking,Hiking,block_cv,be_slope,weight,0.0,macro
NOR_15Y,5,Block_Hiking,Hiking,block_cv,be5y_chg_1m,weight,0.0,macro
NOR_15Y,5,Block_Hiking,Hiking,block_cv,ig_spread,weight,0.0,credit
NOR_15Y,5,Block_Hiking,Hiking,block_cv,hy_spread,weight,0.0,credit
NOR_15Y,5,Block_Hiking,Hiking,block_cv,ig_chg_1m,weight,0.0,credit
NOR_15Y,5,Block_Hiking,Hiking,block_cv,hy_chg_1m,weight,0.0,credit
NOR_15Y,5,Block_Hiking,Hiking,block_cv,cpi_yoy,weight,0.0,macro
NOR_15Y,5,Block_Hiking,Hiking,block_cv,pce_core_chg,weight,0.0,macro
NOR_15Y,5,Block_Hiking,Hiking,block_cv,nfp_change,weight,0.0,macro
NOR_15Y,5,Block_Hiking,Hiking,block_cv,pmi_us,weight,2.0,macro
NOR_15Y,5,Block_Hiking,Hiking,block_cv,pmi_eur,weight,0.0,macro
NOR_15Y,5,Block_Hiking,Hiking,block_cv,unemp_eur,weight,0.0,macro
NOR_15Y,5,Block_Hiking,Hiking,block_cv,cpi_nsa_level,weight,0.0,macro
NOR_15Y,5,Block_Hiking,Hiking,block_cv,pce_core_level,weight,0.0,macro
NOR_15Y,5,Block_Hiking,Hiking,block_cv,eur_3m,weight,0.0,macro
NOR_15Y,5,Block_Hiking,Hiking,block_cv,eur_1w,weight,0.0,macro
NOR_15Y,5,Block_Hiking,Hiking,block_cv,nor_ibor_1m,weight,0.0,norway
NOR_15Y,5,Block_Hiking,Hiking,block_cv,nor_ibor_6m,weight,0.0,norway
NOR_15Y,5,Block_Hiking,Hiking,block_cv,nor_ecb_dfr_chg,weight,1.0,norway
NOR_15Y,5,Block_Hiking,Hiking,block_cv,nor_ecb_dfr_level,weight,0.0,norway
NOR_15Y,5,Block_Hiking,Hiking,block_cv,nor_eurnok_chg_1d,weight,2.0,norway
NOR_15Y,5,Block_Hiking,Hiking,block_cv,nor_eurnok_level,weight,0.0,norway
NOR_15Y,5,Block_Hiking,Hiking,block_cv,nor_eurnok_mom_1m,weight,0.0,norway
NOR_15Y,5,Block_Hiking,Hiking,block_cv,nor_eurnok_mom_3m,weight,0.0,norway
NOR_15Y,5,Block_Hiking,Hiking,block_cv,nor_eurnok_rvol_20d,weight,4.0,norway
NOR_15Y,5,Block_Hiking,Hiking,block_cv,nor_govt_10y,weight,0.0,norway
NOR_15Y,5,Block_Hiking,Hiking,block_cv,nor_govt_3y,weight,0.0,norway
NOR_15Y,5,Block_Hiking,Hiking,block_cv,nor_govt_5y,weight,1.0,norway
NOR_15Y,5,Block_Hiking,Hiking,block_cv,nor_i44_chg_1d,weight,0.0,norway
NOR_15Y,5,Block_Hiking,Hiking,block_cv,nor_i44_level,weight,0.0,norway
NOR_15Y,5,Block_Hiking,Hiking,block_cv,nor_i44_mom_1m,weight,0.0,norway
NOR_15Y,5,Block_Hiking,Hiking,block_cv,nor_i44_mom_3m,weight,1.0,norway
NOR_15Y,5,Block_Hiking,Hiking,block_cv,nor_i44_rvol_20d,weight,0.0,norway
NOR_15Y,5,Block_Hiking,Hiking,block_cv,nor_kpi_yoy,weight,0.0,norway
NOR_15Y,5,Block_Hiking,Hiking,block_cv,nor_kpijae_yoy,weight,0.0,norway
NOR_15Y,5,Block_Hiking,Hiking,block_cv,nor_nibor_nowa_spread,weight,1.0,norway
NOR_15Y,5,Block_Hiking,Hiking,block_cv,nor_nowa_level,weight,2.0,norway
NOR_15Y,5,Block_Hiking,Hiking,block_cv,nor_polrate_chg_1d,weight,0.0,norway
NOR_15Y,5,Block_Hiking,Hiking,block_cv,nor_polrate_days_since_chg,weight,0.0,norway
NOR_15Y,5,Block_Hiking,Hiking,block_cv,nor_polrate_level,weight,0.0,norway
NOR_15Y,5,Block_Hiking,Hiking,block_cv,nor_rb_rate_chg,weight,0.0,norway
NOR_15Y,5,Block_Hiking,Hiking,block_cv,nor_rb_rate_level,weight,0.0,norway
NOR_15Y,5,Block_Hiking,Hiking,block_cv,nor_unemp,weight,0.0,norway
NOR_15Y,5,Block_Hiking,Hiking,block_cv,nor_usdnok_chg_1d,weight,0.0,norway
NOR_15Y,5,Block_Hiking,Hiking,block_cv,nor_usdnok_level,weight,2.0,norway
NOR_15Y,5,Block_Hiking,Hiking,block_cv,nor_usdnok_mom_1m,weight,3.0,norway
NOR_15Y,5,Block_Hiking,Hiking,block_cv,nor_usdnok_mom_3m,weight,9.0,norway
NOR_15Y,5,Block_Hiking,Hiking,block_cv,nor_usdnok_rvol_20d,weight,3.0,norway
NOR_15Y,5,Block_Hiking,Hiking,block_cv,swap_govt_spread,weight,0.0,norway
NOR_15Y,5,Block_Hiking,Hiking,block_cv,xmpca_01,weight,0.0,cross_market
NOR_15Y,5,Block_Hiking,Hiking,block_cv,xmpca_02,weight,0.0,cross_market
NOR_15Y,5,Block_Hiking,Hiking,block_cv,xmpca_03,weight,0.0,cross_market
NOR_15Y,5,Block_Hiking,Hiking,block_cv,xmpca_04,weight,0.0,cross_market
NOR_15Y,5,Block_Hiking,Hiking,block_cv,xmpca_05,weight,0.0,cross_market
NOR_15Y,5,Block_Hiking,Hiking,block_cv,xmpca_06,weight,2.0,cross_market
NOR_15Y,5,Block_Hiking,Hiking,block_cv,xmpca_07,weight,1.0,cross_market
NOR_15Y,5,Block_Hiking,Hiking,block_cv,xmpca_08,weight,4.0,cross_market
NOR_15Y,5,Block_Hiking,Hiking,block_cv,xmpca_09,weight,0.0,cross_market
NOR_15Y,5,Block_Hiking,Hiking,block_cv,xmpca_10,weight,0.0,cross_market
NOR_15Y,5,Block_Hiking,Hiking,block_cv,xmpca_11,weight,0.0,cross_market
NOR_15Y,5,Block_Hiking,Hiking,block_cv,xmpca_12,weight,0.0,cross_market
NOR_15Y,5,Block_Hiking,Hiking,block_cv,chg_lag1,cover,0.0,momentum
NOR_15Y,5,Block_Hiking,Hiking,block_cv,chg_lag2,cover,13.0,momentum
NOR_15Y,5,Block_Hiking,Hiking,block_cv,chg_lag3,cover,0.0,momentum
NOR_15Y,5,Block_Hiking,Hiking,block_cv,chg_lag4,cover,0.0,momentum
NOR_15Y,5,Block_Hiking,Hiking,block_cv,chg_lag5,cover,0.0,momentum
NOR_15Y,5,Block_Hiking,Hiking,block_cv,carry_roll,cover,981.0,carry_roll
NOR_15Y,5,Block_Hiking,Hiking,block_cv,mom_63d,cover,1324.0,momentum
NOR_15Y,5,Block_Hiking,Hiking,block_cv,mom_1m,cover,616.25,momentum
NOR_15Y,5,Block_Hiking,Hiking,block_cv,mom_3m,cover,0.0,momentum
NOR_15Y,5,Block_Hiking,Hiking,block_cv,mom_6m,cover,0.0,momentum
NOR_15Y,5,Block_Hiking,Hiking,block_cv,mom_12m,cover,1758.25,momentum
NOR_15Y,5,Block_Hiking,Hiking,block_cv,dev_ma_3m,cover,828.3333129882812,curve
NOR_15Y,5,Block_Hiking,Hiking,block_cv,dev_ma_12m,cover,2331.083251953125,curve
NOR_15Y,5,Block_Hiking,Hiking,block_cv,vol_20d,cover,2337.0,vol
NOR_15Y,5,Block_Hiking,Hiking,block_cv,vol_regime,cover,0.0,vol
NOR_15Y,5,Block_Hiking,Hiking,block_cv,vol_zscore,cover,0.0,vol
NOR_15Y,5,Block_Hiking,Hiking,block_cv,level_zscore,cover,1360.7142333984375,curve
NOR_15Y,5,Block_Hiking,Hiking,block_cv,slope_10_1,cover,73.0,curve
NOR_15Y,5,Block_Hiking,Hiking,block_cv,slope_10_5,cover,0.0,curve
NOR_15Y,5,Block_Hiking,Hiking,block_cv,slope_5_1,cover,590.0,curve
NOR_15Y,5,Block_Hiking,Hiking,block_cv,sofr_mom_1m,cover,1911.5999755859375,macro
NOR_15Y,5,Block_Hiking,Hiking,block_cv,ibor_level,cover,0.0,macro
NOR_15Y,5,Block_Hiking,Hiking,block_cv,ibor_chg_1d,cover,2368.60009765625,macro
NOR_15Y,5,Block_Hiking,Hiking,block_cv,ibor_mom_1m,cover,2033.2857666015625,macro
NOR_15Y,5,Block_Hiking,Hiking,block_cv,ibor_term_slope,cover,1121.3333740234375,macro
NOR_15Y,5,Block_Hiking,Hiking,block_cv,swap_ibor_basis,cover,1374.5,curve
NOR_15Y,5,Block_Hiking,Hiking,block_cv,move_level,cover,0.0,vol
NOR_15Y,5,Block_Hiking,Hiking,block_cv,move_zscore,cover,1826.6666259765625,vol
NOR_15Y,5,Block_Hiking,Hiking,block_cv,vix_level,cover,0.0,vol
NOR_15Y,5,Block_Hiking,Hiking,block_cv,vix_zscore,cover,0.0,vol
NOR_15Y,5,Block_Hiking,Hiking,block_cv,v2x_level,cover,0.0,vol
NOR_15Y,5,Block_Hiking,Hiking,block_cv,vxn_level,cover,49.5,vol
NOR_15Y,5,Block_Hiking,Hiking,block_cv,ovx_level,cover,0.0,vol
NOR_15Y,5,Block_Hiking,Hiking,block_cv,gvz_level,cover,63.0,vol
NOR_15Y,5,Block_Hiking,Hiking,block_cv,spx_mom_1m,cover,2175.666748046875,macro
NOR_15Y,5,Block_Hiking,Hiking,block_cv,spx_mom_3m,cover,2361.5,macro
NOR_15Y,5,Block_Hiking,Hiking,block_cv,sx5e_mom_1m,cover,14.0,macro
NOR_15Y,5,Block_Hiking,Hiking,block_cv,sx5e_mom_3m,cover,0.0,macro
NOR_15Y,5,Block_Hiking,Hiking,block_cv,mxwo_mom_1m,cover,2355.5,macro
NOR_15Y,5,Block_Hiking,Hiking,block_cv,ndx_mom_1m,cover,180.0,macro
NOR_15Y,5,Block_Hiking,Hiking,block_cv,oil_mom_1m,cover,2337.0,macro
NOR_15Y,5,Block_Hiking,Hiking,block_cv,oil_mom_3m,cover,1178.5,macro
NOR_15Y,5,Block_Hiking,Hiking,block_cv,copper_mom_1m,cover,0.0,macro
NOR_15Y,5,Block_Hiking,Hiking,block_cv,opec_prod,cover,0.0,macro
NOR_15Y,5,Block_Hiking,Hiking,block_cv,natgas_mom_1m,cover,0.0,macro
NOR_15Y,5,Block_Hiking,Hiking,block_cv,be5y_level,cover,143.0,macro
NOR_15Y,5,Block_Hiking,Hiking,block_cv,be10y_level,cover,255.0,macro
NOR_15Y,5,Block_Hiking,Hiking,block_cv,be_slope,cover,0.0,macro
NOR_15Y,5,Block_Hiking,Hiking,block_cv,be5y_chg_1m,cover,0.0,macro
NOR_15Y,5,Block_Hiking,Hiking,block_cv,ig_spread,cover,0.0,credit
NOR_15Y,5,Block_Hiking,Hiking,block_cv,hy_spread,cover,0.0,credit
NOR_15Y,5,Block_Hiking,Hiking,block_cv,ig_chg_1m,cover,0.0,credit
NOR_15Y,5,Block_Hiking,Hiking,block_cv,hy_chg_1m,cover,0.0,credit
NOR_15Y,5,Block_Hiking,Hiking,block_cv,cpi_yoy,cover,0.0,macro
NOR_15Y,5,Block_Hiking,Hiking,block_cv,pce_core_chg,cover,0.0,macro
NOR_15Y,5,Block_Hiking,Hiking,block_cv,nfp_change,cover,0.0,macro
NOR_15Y,5,Block_Hiking,Hiking,block_cv,pmi_us,cover,28.0,macro
NOR_15Y,5,Block_Hiking,Hiking,block_cv,pmi_eur,cover,0.0,macro
NOR_15Y,5,Block_Hiking,Hiking,block_cv,unemp_eur,cover,0.0,macro
NOR_15Y,5,Block_Hiking,Hiking,block_cv,cpi_nsa_level,cover,0.0,macro
NOR_15Y,5,Block_Hiking,Hiking,block_cv,pce_core_level,cover,0.0,macro
NOR_15Y,5,Block_Hiking,Hiking,block_cv,eur_3m,cover,0.0,macro
NOR_15Y,5,Block_Hiking,Hiking,block_cv,eur_1w,cover,0.0,macro
NOR_15Y,5,Block_Hiking,Hiking,block_cv,nor_ibor_1m,cover,0.0,norway
NOR_15Y,5,Block_Hiking,Hiking,block_cv,nor_ibor_6m,cover,0.0,norway
NOR_15Y,5,Block_Hiking,Hiking,block_cv,nor_ecb_dfr_chg,cover,2355.0,norway
NOR_15Y,5,Block_Hiking,Hiking,block_cv,nor_ecb_dfr_level,cover,0.0,norway
NOR_15Y,5,Block_Hiking,Hiking,block_cv,nor_eurnok_chg_1d,cover,29.0,norway
NOR_15Y,5,Block_Hiking,Hiking,block_cv,nor_eurnok_level,cover,0.0,norway
NOR_15Y,5,Block_Hiking,Hiking,block_cv,nor_eurnok_mom_1m,cover,0.0,norway
NOR_15Y,5,Block_Hiking,Hiking,block_cv,nor_eurnok_mom_3m,cover,0.0,norway
NOR_15Y,5,Block_Hiking,Hiking,block_cv,nor_eurnok_rvol_20d,cover,1766.25,norway
NOR_15Y,5,Block_Hiking,Hiking,block_cv,nor_govt_10y,cover,0.0,norway
NOR_15Y,5,Block_Hiking,Hiking,block_cv,nor_govt_3y,cover,0.0,norway
NOR_15Y,5,Block_Hiking,Hiking,block_cv,nor_govt_5y,cover,2373.0,norway
NOR_15Y,5,Block_Hiking,Hiking,block_cv,nor_i44_chg_1d,cover,0.0,norway
NOR_15Y,5,Block_Hiking,Hiking,block_cv,nor_i44_level,cover,0.0,norway
NOR_15Y,5,Block_Hiking,Hiking,block_cv,nor_i44_mom_1m,cover,0.0,norway
NOR_15Y,5,Block_Hiking,Hiking,block_cv,nor_i44_mom_3m,cover,2373.0,norway
NOR_15Y,5,Block_Hiking,Hiking,block_cv,nor_i44_rvol_20d,cover,0.0,norway
NOR_15Y,5,Block_Hiking,Hiking,block_cv,nor_kpi_yoy,cover,0.0,norway
NOR_15Y,5,Block_Hiking,Hiking,block_cv,nor_kpijae_yoy,cover,0.0,norway
NOR_15Y,5,Block_Hiking,Hiking,block_cv,nor_nibor_nowa_spread,cover,40.0,norway
NOR_15Y,5,Block_Hiking,Hiking,block_cv,nor_nowa_level,cover,1784.5,norway
NOR_15Y,5,Block_Hiking,Hiking,block_cv,nor_polrate_chg_1d,cover,0.0,norway
NOR_15Y,5,Block_Hiking,Hiking,block_cv,nor_polrate_days_since_chg,cover,0.0,norway
NOR_15Y,5,Block_Hiking,Hiking,block_cv,nor_polrate_level,cover,0.0,norway
NOR_15Y,5,Block_Hiking,Hiking,block_cv,nor_rb_rate_chg,cover,0.0,norway
NOR_15Y,5,Block_Hiking,Hiking,block_cv,nor_rb_rate_level,cover,0.0,norway
NOR_15Y,5,Block_Hiking,Hiking,block_cv,nor_unemp,cover,0.0,norway
NOR_15Y,5,Block_Hiking,Hiking,block_cv,nor_usdnok_chg_1d,cover,0.0,norway
NOR_15Y,5,Block_Hiking,Hiking,block_cv,nor_usdnok_level,cover,1489.5,norway
NOR_15Y,5,Block_Hiking,Hiking,block_cv,nor_usdnok_mom_1m,cover,1574.6666259765625,norway
NOR_15Y,5,Block_Hiking,Hiking,block_cv,nor_usdnok_mom_3m,cover,1942.111083984375,norway
NOR_15Y,5,Block_Hiking,Hiking,block_cv,nor_usdnok_rvol_20d,cover,13.0,norway
NOR_15Y,5,Block_Hiking,Hiking,block_cv,swap_govt_spread,cover,0.0,norway
NOR_15Y,5,Block_Hiking,Hiking,block_cv,xmpca_01,cover,0.0,cross_market
NOR_15Y,5,Block_Hiking,Hiking,block_cv,xmpca_02,cover,0.0,cross_market
NOR_15Y,5,Block_Hiking,Hiking,block_cv,xmpca_03,cover,0.0,cross_market
NOR_15Y,5,Block_Hiking,Hiking,block_cv,xmpca_04,cover,0.0,cross_market
NOR_15Y,5,Block_Hiking,Hiking,block_cv,xmpca_05,cover,0.0,cross_market
NOR_15Y,5,Block_Hiking,Hiking,block_cv,xmpca_06,cover,52.0,cross_market
NOR_15Y,5,Block_Hiking,Hiking,block_cv,xmpca_07,cover,13.0,cross_market
NOR_15Y,5,Block_Hiking,Hiking,block_cv,xmpca_08,cover,15.75,cross_market
NOR_15Y,5,Block_Hiking,Hiking,block_cv,xmpca_09,cover,0.0,cross_market
NOR_15Y,5,Block_Hiking,Hiking,block_cv,xmpca_10,cover,0.0,cross_market
NOR_15Y,5,Block_Hiking,Hiking,block_cv,xmpca_11,cover,0.0,cross_market
NOR_15Y,5,Block_Hiking,Hiking,block_cv,xmpca_12,cover,0.0,cross_market
NOR_15Y,5,Block_Hiking,Hiking,block_cv,chg_lag1,total_gain,0.0,momentum
NOR_15Y,5,Block_Hiking,Hiking,block_cv,chg_lag2,total_gain,0.00339600071310997,momentum
NOR_15Y,5,Block_Hiking,Hiking,block_cv,chg_lag3,total_gain,0.0,momentum
NOR_15Y,5,Block_Hiking,Hiking,block_cv,chg_lag4,total_gain,0.0,momentum
NOR_15Y,5,Block_Hiking,Hiking,block_cv,chg_lag5,total_gain,0.0,momentum
NOR_15Y,5,Block_Hiking,Hiking,block_cv,carry_roll,total_gain,0.4479442834854126,carry_roll
NOR_15Y,5,Block_Hiking,Hiking,block_cv,mom_63d,total_gain,0.049760036170482635,momentum
NOR_15Y,5,Block_Hiking,Hiking,block_cv,mom_1m,total_gain,0.2655287981033325,momentum
NOR_15Y,5,Block_Hiking,Hiking,block_cv,mom_3m,total_gain,0.0,momentum
NOR_15Y,5,Block_Hiking,Hiking,block_cv,mom_6m,total_gain,0.0,momentum
NOR_15Y,5,Block_Hiking,Hiking,block_cv,mom_12m,total_gain,0.20491108298301697,momentum
NOR_15Y,5,Block_Hiking,Hiking,block_cv,dev_ma_3m,total_gain,0.39737629890441895,curve
NOR_15Y,5,Block_Hiking,Hiking,block_cv,dev_ma_12m,total_gain,1.3524953126907349,curve
NOR_15Y,5,Block_Hiking,Hiking,block_cv,vol_20d,total_gain,0.3904399275779724,vol
NOR_15Y,5,Block_Hiking,Hiking,block_cv,vol_regime,total_gain,0.0,vol
NOR_15Y,5,Block_Hiking,Hiking,block_cv,vol_zscore,total_gain,0.0,vol
NOR_15Y,5,Block_Hiking,Hiking,block_cv,level_zscore,total_gain,0.6308896541595459,curve
NOR_15Y,5,Block_Hiking,Hiking,block_cv,slope_10_1,total_gain,0.14878146350383759,curve
NOR_15Y,5,Block_Hiking,Hiking,block_cv,slope_10_5,total_gain,0.0,curve
NOR_15Y,5,Block_Hiking,Hiking,block_cv,slope_5_1,total_gain,0.07498534023761749,curve
NOR_15Y,5,Block_Hiking,Hiking,block_cv,sofr_mom_1m,total_gain,0.27275246381759644,macro
NOR_15Y,5,Block_Hiking,Hiking,block_cv,ibor_level,total_gain,0.0,macro
NOR_15Y,5,Block_Hiking,Hiking,block_cv,ibor_chg_1d,total_gain,0.48242098093032837,macro
NOR_15Y,5,Block_Hiking,Hiking,block_cv,ibor_mom_1m,total_gain,0.6347668766975403,macro
NOR_15Y,5,Block_Hiking,Hiking,block_cv,ibor_term_slope,total_gain,0.18762162327766418,macro
NOR_15Y,5,Block_Hiking,Hiking,block_cv,swap_ibor_basis,total_gain,0.11147714406251907,curve
NOR_15Y,5,Block_Hiking,Hiking,block_cv,move_level,total_gain,0.0,vol
NOR_15Y,5,Block_Hiking,Hiking,block_cv,move_zscore,total_gain,0.15573276579380035,vol
NOR_15Y,5,Block_Hiking,Hiking,block_cv,vix_level,total_gain,0.0,vol
NOR_15Y,5,Block_Hiking,Hiking,block_cv,vix_zscore,total_gain,0.0,vol
NOR_15Y,5,Block_Hiking,Hiking,block_cv,v2x_level,total_gain,0.0,vol
NOR_15Y,5,Block_Hiking,Hiking,block_cv,vxn_level,total_gain,0.12762366235256195,vol
NOR_15Y,5,Block_Hiking,Hiking,block_cv,ovx_level,total_gain,0.0,vol
NOR_15Y,5,Block_Hiking,Hiking,block_cv,gvz_level,total_gain,0.09025011956691742,vol
NOR_15Y,5,Block_Hiking,Hiking,block_cv,spx_mom_1m,total_gain,0.1395622193813324,macro
NOR_15Y,5,Block_Hiking,Hiking,block_cv,spx_mom_3m,total_gain,0.446421355009079,macro
NOR_15Y,5,Block_Hiking,Hiking,block_cv,sx5e_mom_1m,total_gain,0.10755777359008789,macro
NOR_15Y,5,Block_Hiking,Hiking,block_cv,sx5e_mom_3m,total_gain,0.0,macro
NOR_15Y,5,Block_Hiking,Hiking,block_cv,mxwo_mom_1m,total_gain,0.08747020363807678,macro
NOR_15Y,5,Block_Hiking,Hiking,block_cv,ndx_mom_1m,total_gain,0.08238637447357178,macro
NOR_15Y,5,Block_Hiking,Hiking,block_cv,oil_mom_1m,total_gain,0.14155477285385132,macro
NOR_15Y,5,Block_Hiking,Hiking,block_cv,oil_mom_3m,total_gain,0.08179233223199844,macro
NOR_15Y,5,Block_Hiking,Hiking,block_cv,copper_mom_1m,total_gain,0.0,macro
NOR_15Y,5,Block_Hiking,Hiking,block_cv,opec_prod,total_gain,0.0,macro
NOR_15Y,5,Block_Hiking,Hiking,block_cv,natgas_mom_1m,total_gain,0.0,macro
NOR_15Y,5,Block_Hiking,Hiking,block_cv,be5y_level,total_gain,0.03258591145277023,macro
NOR_15Y,5,Block_Hiking,Hiking,block_cv,be10y_level,total_gain,0.047830335795879364,macro
NOR_15Y,5,Block_Hiking,Hiking,block_cv,be_slope,total_gain,0.0,macro
NOR_15Y,5,Block_Hiking,Hiking,block_cv,be5y_chg_1m,total_gain,0.0,macro
NOR_15Y,5,Block_Hiking,Hiking,block_cv,ig_spread,total_gain,0.0,credit
NOR_15Y,5,Block_Hiking,Hiking,block_cv,hy_spread,total_gain,0.0,credit
NOR_15Y,5,Block_Hiking,Hiking,block_cv,ig_chg_1m,total_gain,0.0,credit
NOR_15Y,5,Block_Hiking,Hiking,block_cv,hy_chg_1m,total_gain,0.0,credit
NOR_15Y,5,Block_Hiking,Hiking,block_cv,cpi_yoy,total_gain,0.0,macro
NOR_15Y,5,Block_Hiking,Hiking,block_cv,pce_core_chg,total_gain,0.0,macro
NOR_15Y,5,Block_Hiking,Hiking,block_cv,nfp_change,total_gain,0.0,macro
NOR_15Y,5,Block_Hiking,Hiking,block_cv,pmi_us,total_gain,0.031731657683849335,macro
NOR_15Y,5,Block_Hiking,Hiking,block_cv,pmi_eur,total_gain,0.0,macro
NOR_15Y,5,Block_Hiking,Hiking,block_cv,unemp_eur,total_gain,0.0,macro
NOR_15Y,5,Block_Hiking,Hiking,block_cv,cpi_nsa_level,total_gain,0.0,macro
NOR_15Y,5,Block_Hiking,Hiking,block_cv,pce_core_level,total_gain,0.0,macro
NOR_15Y,5,Block_Hiking,Hiking,block_cv,eur_3m,total_gain,0.0,macro
NOR_15Y,5,Block_Hiking,Hiking,block_cv,eur_1w,total_gain,0.0,macro
NOR_15Y,5,Block_Hiking,Hiking,block_cv,nor_ibor_1m,total_gain,0.0,norway
NOR_15Y,5,Block_Hiking,Hiking,block_cv,nor_ibor_6m,total_gain,0.0,norway
NOR_15Y,5,Block_Hiking,Hiking,block_cv,nor_ecb_dfr_chg,total_gain,0.07732357829809189,norway
NOR_15Y,5,Block_Hiking,Hiking,block_cv,nor_ecb_dfr_level,total_gain,0.0,norway
NOR_15Y,5,Block_Hiking,Hiking,block_cv,nor_eurnok_chg_1d,total_gain,0.06027648597955704,norway
NOR_15Y,5,Block_Hiking,Hiking,block_cv,nor_eurnok_level,total_gain,0.0,norway
NOR_15Y,5,Block_Hiking,Hiking,block_cv,nor_eurnok_mom_1m,total_gain,0.0,norway
NOR_15Y,5,Block_Hiking,Hiking,block_cv,nor_eurnok_mom_3m,total_gain,0.0,norway
NOR_15Y,5,Block_Hiking,Hiking,block_cv,nor_eurnok_rvol_20d,total_gain,0.17521342635154724,norway
NOR_15Y,5,Block_Hiking,Hiking,block_cv,nor_govt_10y,total_gain,0.0,norway
NOR_15Y,5,Block_Hiking,Hiking,block_cv,nor_govt_3y,total_gain,0.0,norway
NOR_15Y,5,Block_Hiking,Hiking,block_cv,nor_govt_5y,total_gain,0.034732431173324585,norway
NOR_15Y,5,Block_Hiking,Hiking,block_cv,nor_i44_chg_1d,total_gain,0.0,norway
NOR_15Y,5,Block_Hiking,Hiking,block_cv,nor_i44_level,total_gain,0.0,norway
NOR_15Y,5,Block_Hiking,Hiking,block_cv,nor_i44_mom_1m,total_gain,0.0,norway
NOR_15Y,5,Block_Hiking,Hiking,block_cv,nor_i44_mom_3m,total_gain,0.03746633231639862,norway
NOR_15Y,5,Block_Hiking,Hiking,block_cv,nor_i44_rvol_20d,total_gain,0.0,norway
NOR_15Y,5,Block_Hiking,Hiking,block_cv,nor_kpi_yoy,total_gain,0.0,norway
NOR_15Y,5,Block_Hiking,Hiking,block_cv,nor_kpijae_yoy,total_gain,0.0,norway
NOR_15Y,5,Block_Hiking,Hiking,block_cv,nor_nibor_nowa_spread,total_gain,0.05111736059188843,norway
NOR_15Y,5,Block_Hiking,Hiking,block_cv,nor_nowa_level,total_gain,0.1362977921962738,norway
NOR_15Y,5,Block_Hiking,Hiking,block_cv,nor_polrate_chg_1d,total_gain,0.0,norway
NOR_15Y,5,Block_Hiking,Hiking,block_cv,nor_polrate_days_since_chg,total_gain,0.0,norway
NOR_15Y,5,Block_Hiking,Hiking,block_cv,nor_polrate_level,total_gain,0.0,norway
NOR_15Y,5,Block_Hiking,Hiking,block_cv,nor_rb_rate_chg,total_gain,0.0,norway
NOR_15Y,5,Block_Hiking,Hiking,block_cv,nor_rb_rate_level,total_gain,0.0,norway
NOR_15Y,5,Block_Hiking,Hiking,block_cv,nor_unemp,total_gain,0.0,norway
NOR_15Y,5,Block_Hiking,Hiking,block_cv,nor_usdnok_chg_1d,total_gain,0.0,norway
NOR_15Y,5,Block_Hiking,Hiking,block_cv,nor_usdnok_level,total_gain,0.11058428883552551,norway
NOR_15Y,5,Block_Hiking,Hiking,block_cv,nor_usdnok_mom_1m,total_gain,0.1770465075969696,norway
NOR_15Y,5,Block_Hiking,Hiking,block_cv,nor_usdnok_mom_3m,total_gain,0.9667080640792847,norway
NOR_15Y,5,Block_Hiking,Hiking,block_cv,nor_usdnok_rvol_20d,total_gain,0.30081140995025635,norway
NOR_15Y,5,Block_Hiking,Hiking,block_cv,swap_govt_spread,total_gain,0.0,norway
NOR_15Y,5,Block_Hiking,Hiking,block_cv,xmpca_01,total_gain,0.0,cross_market
NOR_15Y,5,Block_Hiking,Hiking,block_cv,xmpca_02,total_gain,0.0,cross_market
NOR_15Y,5,Block_Hiking,Hiking,block_cv,xmpca_03,total_gain,0.0,cross_market
NOR_15Y,5,Block_Hiking,Hiking,block_cv,xmpca_04,total_gain,0.0,cross_market
NOR_15Y,5,Block_Hiking,Hiking,block_cv,xmpca_05,total_gain,0.0,cross_market
NOR_15Y,5,Block_Hiking,Hiking,block_cv,xmpca_06,total_gain,0.15497615933418274,cross_market
NOR_15Y,5,Block_Hiking,Hiking,block_cv,xmpca_07,total_gain,0.012594763189554214,cross_market
NOR_15Y,5,Block_Hiking,Hiking,block_cv,xmpca_08,total_gain,0.27130240201950073,cross_market
NOR_15Y,5,Block_Hiking,Hiking,block_cv,xmpca_09,total_gain,0.0,cross_market
NOR_15Y,5,Block_Hiking,Hiking,block_cv,xmpca_10,total_gain,0.0,cross_market
NOR_15Y,5,Block_Hiking,Hiking,block_cv,xmpca_11,total_gain,0.0,cross_market
NOR_15Y,5,Block_Hiking,Hiking,block_cv,xmpca_12,total_gain,0.0,cross_market
NOR_15Y,5,Block_Hiking,Hiking,block_cv,chg_lag1,total_cover,0.0,momentum
NOR_15Y,5,Block_Hiking,Hiking,block_cv,chg_lag2,total_cover,13.0,momentum
NOR_15Y,5,Block_Hiking,Hiking,block_cv,chg_lag3,total_cover,0.0,momentum
NOR_15Y,5,Block_Hiking,Hiking,block_cv,chg_lag4,total_cover,0.0,momentum
NOR_15Y,5,Block_Hiking,Hiking,block_cv,chg_lag5,total_cover,0.0,momentum
NOR_15Y,5,Block_Hiking,Hiking,block_cv,carry_roll,total_cover,4905.0,carry_roll
NOR_15Y,5,Block_Hiking,Hiking,block_cv,mom_63d,total_cover,1324.0,momentum
NOR_15Y,5,Block_Hiking,Hiking,block_cv,mom_1m,total_cover,2465.0,momentum
NOR_15Y,5,Block_Hiking,Hiking,block_cv,mom_3m,total_cover,0.0,momentum
NOR_15Y,5,Block_Hiking,Hiking,block_cv,mom_6m,total_cover,0.0,momentum
NOR_15Y,5,Block_Hiking,Hiking,block_cv,mom_12m,total_cover,7033.0,momentum
NOR_15Y,5,Block_Hiking,Hiking,block_cv,dev_ma_3m,total_cover,2485.0,curve
NOR_15Y,5,Block_Hiking,Hiking,block_cv,dev_ma_12m,total_cover,27973.0,curve
NOR_15Y,5,Block_Hiking,Hiking,block_cv,vol_20d,total_cover,9348.0,vol
NOR_15Y,5,Block_Hiking,Hiking,block_cv,vol_regime,total_cover,0.0,vol
NOR_15Y,5,Block_Hiking,Hiking,block_cv,vol_zscore,total_cover,0.0,vol
NOR_15Y,5,Block_Hiking,Hiking,block_cv,level_zscore,total_cover,9525.0,curve
NOR_15Y,5,Block_Hiking,Hiking,block_cv,slope_10_1,total_cover,146.0,curve
NOR_15Y,5,Block_Hiking,Hiking,block_cv,slope_10_5,total_cover,0.0,curve
NOR_15Y,5,Block_Hiking,Hiking,block_cv,slope_5_1,total_cover,590.0,curve
NOR_15Y,5,Block_Hiking,Hiking,block_cv,sofr_mom_1m,total_cover,9558.0,macro
NOR_15Y,5,Block_Hiking,Hiking,block_cv,ibor_level,total_cover,0.0,macro
NOR_15Y,5,Block_Hiking,Hiking,block_cv,ibor_chg_1d,total_cover,11843.0,macro
NOR_15Y,5,Block_Hiking,Hiking,block_cv,ibor_mom_1m,total_cover,14233.0,macro
NOR_15Y,5,Block_Hiking,Hiking,block_cv,ibor_term_slope,total_cover,3364.0,macro
NOR_15Y,5,Block_Hiking,Hiking,block_cv,swap_ibor_basis,total_cover,2749.0,curve
NOR_15Y,5,Block_Hiking,Hiking,block_cv,move_level,total_cover,0.0,vol
NOR_15Y,5,Block_Hiking,Hiking,block_cv,move_zscore,total_cover,5480.0,vol
NOR_15Y,5,Block_Hiking,Hiking,block_cv,vix_level,total_cover,0.0,vol
NOR_15Y,5,Block_Hiking,Hiking,block_cv,vix_zscore,total_cover,0.0,vol
NOR_15Y,5,Block_Hiking,Hiking,block_cv,v2x_level,total_cover,0.0,vol
NOR_15Y,5,Block_Hiking,Hiking,block_cv,vxn_level,total_cover,99.0,vol
NOR_15Y,5,Block_Hiking,Hiking,block_cv,ovx_level,total_cover,0.0,vol
NOR_15Y,5,Block_Hiking,Hiking,block_cv,gvz_level,total_cover,63.0,vol
NOR_15Y,5,Block_Hiking,Hiking,block_cv,spx_mom_1m,total_cover,6527.0,macro
NOR_15Y,5,Block_Hiking,Hiking,block_cv,spx_mom_3m,total_cover,9446.0,macro
NOR_15Y,5,Block_Hiking,Hiking,block_cv,sx5e_mom_1m,total_cover,14.0,macro
NOR_15Y,5,Block_Hiking,Hiking,block_cv,sx5e_mom_3m,total_cover,0.0,macro
NOR_15Y,5,Block_Hiking,Hiking,block_cv,mxwo_mom_1m,total_cover,4711.0,macro
NOR_15Y,5,Block_Hiking,Hiking,block_cv,ndx_mom_1m,total_cover,180.0,macro
NOR_15Y,5,Block_Hiking,Hiking,block_cv,oil_mom_1m,total_cover,4674.0,macro
NOR_15Y,5,Block_Hiking,Hiking,block_cv,oil_mom_3m,total_cover,2357.0,macro
NOR_15Y,5,Block_Hiking,Hiking,block_cv,copper_mom_1m,total_cover,0.0,macro
NOR_15Y,5,Block_Hiking,Hiking,block_cv,opec_prod,total_cover,0.0,macro
NOR_15Y,5,Block_Hiking,Hiking,block_cv,natgas_mom_1m,total_cover,0.0,macro
NOR_15Y,5,Block_Hiking,Hiking,block_cv,be5y_level,total_cover,143.0,macro
NOR_15Y,5,Block_Hiking,Hiking,block_cv,be10y_level,total_cover,255.0,macro
NOR_15Y,5,Block_Hiking,Hiking,block_cv,be_slope,total_cover,0.0,macro
NOR_15Y,5,Block_Hiking,Hiking,block_cv,be5y_chg_1m,total_cover,0.0,macro
NOR_15Y,5,Block_Hiking,Hiking,block_cv,ig_spread,total_cover,0.0,credit
NOR_15Y,5,Block_Hiking,Hiking,block_cv,hy_spread,total_cover,0.0,credit
NOR_15Y,5,Block_Hiking,Hiking,block_cv,ig_chg_1m,total_cover,0.0,credit
NOR_15Y,5,Block_Hiking,Hiking,block_cv,hy_chg_1m,total_cover,0.0,credit
NOR_15Y,5,Block_Hiking,Hiking,block_cv,cpi_yoy,total_cover,0.0,macro
NOR_15Y,5,Block_Hiking,Hiking,block_cv,pce_core_chg,total_cover,0.0,macro
NOR_15Y,5,Block_Hiking,Hiking,block_cv,nfp_change,total_cover,0.0,macro
NOR_15Y,5,Block_Hiking,Hiking,block_cv,pmi_us,total_cover,56.0,macro
NOR_15Y,5,Block_Hiking,Hiking,block_cv,pmi_eur,total_cover,0.0,macro
NOR_15Y,5,Block_Hiking,Hiking,block_cv,unemp_eur,total_cover,0.0,macro
NOR_15Y,5,Block_Hiking,Hiking,block_cv,cpi_nsa_level,total_cover,0.0,macro
NOR_15Y,5,Block_Hiking,Hiking,block_cv,pce_core_level,total_cover,0.0,macro
NOR_15Y,5,Block_Hiking,Hiking,block_cv,eur_3m,total_cover,0.0,macro
NOR_15Y,5,Block_Hiking,Hiking,block_cv,eur_1w,total_cover,0.0,macro
NOR_15Y,5,Block_Hiking,Hiking,block_cv,nor_ibor_1m,total_cover,0.0,norway
NOR_15Y,5,Block_Hiking,Hiking,block_cv,nor_ibor_6m,total_cover,0.0,norway
NOR_15Y,5,Block_Hiking,Hiking,block_cv,nor_ecb_dfr_chg,total_cover,2355.0,norway
NOR_15Y,5,Block_Hiking,Hiking,block_cv,nor_ecb_dfr_level,total_cover,0.0,norway
NOR_15Y,5,Block_Hiking,Hiking,block_cv,nor_eurnok_chg_1d,total_cover,58.0,norway
NOR_15Y,5,Block_Hiking,Hiking,block_cv,nor_eurnok_level,total_cover,0.0,norway
NOR_15Y,5,Block_Hiking,Hiking,block_cv,nor_eurnok_mom_1m,total_cover,0.0,norway
NOR_15Y,5,Block_Hiking,Hiking,block_cv,nor_eurnok_mom_3m,total_cover,0.0,norway
NOR_15Y,5,Block_Hiking,Hiking,block_cv,nor_eurnok_rvol_20d,total_cover,7065.0,norway
NOR_15Y,5,Block_Hiking,Hiking,block_cv,nor_govt_10y,total_cover,0.0,norway
NOR_15Y,5,Block_Hiking,Hiking,block_cv,nor_govt_3y,total_cover,0.0,norway
NOR_15Y,5,Block_Hiking,Hiking,block_cv,nor_govt_5y,total_cover,2373.0,norway
NOR_15Y,5,Block_Hiking,Hiking,block_cv,nor_i44_chg_1d,total_cover,0.0,norway
NOR_15Y,5,Block_Hiking,Hiking,block_cv,nor_i44_level,total_cover,0.0,norway
NOR_15Y,5,Block_Hiking,Hiking,block_cv,nor_i44_mom_1m,total_cover,0.0,norway
NOR_15Y,5,Block_Hiking,Hiking,block_cv,nor_i44_mom_3m,total_cover,2373.0,norway
NOR_15Y,5,Block_Hiking,Hiking,block_cv,nor_i44_rvol_20d,total_cover,0.0,norway
NOR_15Y,5,Block_Hiking,Hiking,block_cv,nor_kpi_yoy,total_cover,0.0,norway
NOR_15Y,5,Block_Hiking,Hiking,block_cv,nor_kpijae_yoy,total_cover,0.0,norway
NOR_15Y,5,Block_Hiking,Hiking,block_cv,nor_nibor_nowa_spread,total_cover,40.0,norway
NOR_15Y,5,Block_Hiking,Hiking,block_cv,nor_nowa_level,total_cover,3569.0,norway
NOR_15Y,5,Block_Hiking,Hiking,block_cv,nor_polrate_chg_1d,total_cover,0.0,norway
NOR_15Y,5,Block_Hiking,Hiking,block_cv,nor_polrate_days_since_chg,total_cover,0.0,norway
NOR_15Y,5,Block_Hiking,Hiking,block_cv,nor_polrate_level,total_cover,0.0,norway
NOR_15Y,5,Block_Hiking,Hiking,block_cv,nor_rb_rate_chg,total_cover,0.0,norway
NOR_15Y,5,Block_Hiking,Hiking,block_cv,nor_rb_rate_level,total_cover,0.0,norway
NOR_15Y,5,Block_Hiking,Hiking,block_cv,nor_unemp,total_cover,0.0,norway
NOR_15Y,5,Block_Hiking,Hiking,block_cv,nor_usdnok_chg_1d,total_cover,0.0,norway
NOR_15Y,5,Block_Hiking,Hiking,block_cv,nor_usdnok_level,total_cover,2979.0,norway
NOR_15Y,5,Block_Hiking,Hiking,block_cv,nor_usdnok_mom_1m,total_cover,4724.0,norway
NOR_15Y,5,Block_Hiking,Hiking,block_cv,nor_usdnok_mom_3m,total_cover,17479.0,norway
NOR_15Y,5,Block_Hiking,Hiking,block_cv,nor_usdnok_rvol_20d,total_cover,39.0,norway
NOR_15Y,5,Block_Hiking,Hiking,block_cv,swap_govt_spread,total_cover,0.0,norway
NOR_15Y,5,Block_Hiking,Hiking,block_cv,xmpca_01,total_cover,0.0,cross_market
NOR_15Y,5,Block_Hiking,Hiking,block_cv,xmpca_02,total_cover,0.0,cross_market
NOR_15Y,5,Block_Hiking,Hiking,block_cv,xmpca_03,total_cover,0.0,cross_market
NOR_15Y,5,Block_Hiking,Hiking,block_cv,xmpca_04,total_cover,0.0,cross_market
NOR_15Y,5,Block_Hiking,Hiking,block_cv,xmpca_05,total_cover,0.0,cross_market
NOR_15Y,5,Block_Hiking,Hiking,block_cv,xmpca_06,total_cover,104.0,cross_market
NOR_15Y,5,Block_Hiking,Hiking,block_cv,xmpca_07,total_cover,13.0,cross_market
NOR_15Y,5,Block_Hiking,Hiking,block_cv,xmpca_08,total_cover,63.0,cross_market
NOR_15Y,5,Block_Hiking,Hiking,block_cv,xmpca_09,total_cover,0.0,cross_market
NOR_15Y,5,Block_Hiking,Hiking,block_cv,xmpca_10,total_cover,0.0,cross_market
NOR_15Y,5,Block_Hiking,Hiking,block_cv,xmpca_11,total_cover,0.0,cross_market
NOR_15Y,5,Block_Hiking,Hiking,block_cv,xmpca_12,total_cover,0.0,cross_market
NOR_15Y,5,Block_Hiking,Hiking,block_cv,chg_lag1,shap_mean_abs,0.0,momentum
NOR_15Y,5,Block_Hiking,Hiking,block_cv,chg_lag2,shap_mean_abs,5.185140707908431e-06,momentum
NOR_15Y,5,Block_Hiking,Hiking,block_cv,chg_lag3,shap_mean_abs,0.0,momentum
NOR_15Y,5,Block_Hiking,Hiking,block_cv,chg_lag4,shap_mean_abs,0.0,momentum
NOR_15Y,5,Block_Hiking,Hiking,block_cv,chg_lag5,shap_mean_abs,0.0,momentum
NOR_15Y,5,Block_Hiking,Hiking,block_cv,carry_roll,shap_mean_abs,0.0005978233530186117,carry_roll
NOR_15Y,5,Block_Hiking,Hiking,block_cv,mom_63d,shap_mean_abs,0.00012185006926301867,momentum
NOR_15Y,5,Block_Hiking,Hiking,block_cv,mom_1m,shap_mean_abs,0.00024103114265017211,momentum
NOR_15Y,5,Block_Hiking,Hiking,block_cv,mom_3m,shap_mean_abs,0.0,momentum
NOR_15Y,5,Block_Hiking,Hiking,block_cv,mom_6m,shap_mean_abs,0.0,momentum
NOR_15Y,5,Block_Hiking,Hiking,block_cv,mom_12m,shap_mean_abs,0.0006637500482611358,momentum
NOR_15Y,5,Block_Hiking,Hiking,block_cv,dev_ma_3m,shap_mean_abs,0.0001963740069186315,curve
NOR_15Y,5,Block_Hiking,Hiking,block_cv,dev_ma_12m,shap_mean_abs,0.000745681463740766,curve
NOR_15Y,5,Block_Hiking,Hiking,block_cv,vol_20d,shap_mean_abs,0.0008570747449994087,vol
NOR_15Y,5,Block_Hiking,Hiking,block_cv,vol_regime,shap_mean_abs,0.0,vol
NOR_15Y,5,Block_Hiking,Hiking,block_cv,vol_zscore,shap_mean_abs,0.0,vol
NOR_15Y,5,Block_Hiking,Hiking,block_cv,level_zscore,shap_mean_abs,0.00020838735508732498,curve
NOR_15Y,5,Block_Hiking,Hiking,block_cv,slope_10_1,shap_mean_abs,6.299266533460468e-05,curve
NOR_15Y,5,Block_Hiking,Hiking,block_cv,slope_10_5,shap_mean_abs,0.0,curve
NOR_15Y,5,Block_Hiking,Hiking,block_cv,slope_5_1,shap_mean_abs,0.00040257041109725833,curve
NOR_15Y,5,Block_Hiking,Hiking,block_cv,sofr_mom_1m,shap_mean_abs,0.0006889499491080642,macro
NOR_15Y,5,Block_Hiking,Hiking,block_cv,ibor_level,shap_mean_abs,0.0,macro
NOR_15Y,5,Block_Hiking,Hiking,block_cv,ibor_chg_1d,shap_mean_abs,0.00015755544882267714,macro
NOR_15Y,5,Block_Hiking,Hiking,block_cv,ibor_mom_1m,shap_mean_abs,2.8665019272011705e-05,macro
NOR_15Y,5,Block_Hiking,Hiking,block_cv,ibor_term_slope,shap_mean_abs,0.001102024340070784,macro
NOR_15Y,5,Block_Hiking,Hiking,block_cv,swap_ibor_basis,shap_mean_abs,0.00023405204410664737,curve
NOR_15Y,5,Block_Hiking,Hiking,block_cv,move_level,shap_mean_abs,0.0,vol
NOR_15Y,5,Block_Hiking,Hiking,block_cv,move_zscore,shap_mean_abs,0.00017315465083811432,vol
NOR_15Y,5,Block_Hiking,Hiking,block_cv,vix_level,shap_mean_abs,0.0,vol
NOR_15Y,5,Block_Hiking,Hiking,block_cv,vix_zscore,shap_mean_abs,0.0,vol
NOR_15Y,5,Block_Hiking,Hiking,block_cv,v2x_level,shap_mean_abs,0.0,vol
NOR_15Y,5,Block_Hiking,Hiking,block_cv,vxn_level,shap_mean_abs,7.917286711744964e-05,vol
NOR_15Y,5,Block_Hiking,Hiking,block_cv,ovx_level,shap_mean_abs,0.0,vol
NOR_15Y,5,Block_Hiking,Hiking,block_cv,gvz_level,shap_mean_abs,3.701667446875945e-05,vol
NOR_15Y,5,Block_Hiking,Hiking,block_cv,spx_mom_1m,shap_mean_abs,0.0003728956216946244,macro
NOR_15Y,5,Block_Hiking,Hiking,block_cv,spx_mom_3m,shap_mean_abs,0.00024433733779005706,macro
NOR_15Y,5,Block_Hiking,Hiking,block_cv,sx5e_mom_1m,shap_mean_abs,1.8659382476471364e-05,macro
NOR_15Y,5,Block_Hiking,Hiking,block_cv,sx5e_mom_3m,shap_mean_abs,0.0,macro
NOR_15Y,5,Block_Hiking,Hiking,block_cv,mxwo_mom_1m,shap_mean_abs,7.869199180277064e-05,macro
NOR_15Y,5,Block_Hiking,Hiking,block_cv,ndx_mom_1m,shap_mean_abs,0.00019938935292884707,macro
NOR_15Y,5,Block_Hiking,Hiking,block_cv,oil_mom_1m,shap_mean_abs,0.00108724448364228,macro
NOR_15Y,5,Block_Hiking,Hiking,block_cv,oil_mom_3m,shap_mean_abs,0.00045561083243228495,macro
NOR_15Y,5,Block_Hiking,Hiking,block_cv,copper_mom_1m,shap_mean_abs,0.0,macro
NOR_15Y,5,Block_Hiking,Hiking,block_cv,opec_prod,shap_mean_abs,0.0,macro
NOR_15Y,5,Block_Hiking,Hiking,block_cv,natgas_mom_1m,shap_mean_abs,0.0,macro
NOR_15Y,5,Block_Hiking,Hiking,block_cv,be5y_level,shap_mean_abs,1.3701501302421093e-05,macro
NOR_15Y,5,Block_Hiking,Hiking,block_cv,be10y_level,shap_mean_abs,0.0001933028397615999,macro
NOR_15Y,5,Block_Hiking,Hiking,block_cv,be_slope,shap_mean_abs,0.0,macro
NOR_15Y,5,Block_Hiking,Hiking,block_cv,be5y_chg_1m,shap_mean_abs,0.0,macro
NOR_15Y,5,Block_Hiking,Hiking,block_cv,ig_spread,shap_mean_abs,0.0,credit
NOR_15Y,5,Block_Hiking,Hiking,block_cv,hy_spread,shap_mean_abs,0.0,credit
NOR_15Y,5,Block_Hiking,Hiking,block_cv,ig_chg_1m,shap_mean_abs,0.0,credit
NOR_15Y,5,Block_Hiking,Hiking,block_cv,hy_chg_1m,shap_mean_abs,0.0,credit
NOR_15Y,5,Block_Hiking,Hiking,block_cv,cpi_yoy,shap_mean_abs,0.0,macro
NOR_15Y,5,Block_Hiking,Hiking,block_cv,pce_core_chg,shap_mean_abs,0.0,macro
NOR_15Y,5,Block_Hiking,Hiking,block_cv,nfp_change,shap_mean_abs,0.0,macro
NOR_15Y,5,Block_Hiking,Hiking,block_cv,pmi_us,shap_mean_abs,2.55746617767727e-05,macro
NOR_15Y,5,Block_Hiking,Hiking,block_cv,pmi_eur,shap_mean_abs,0.0,macro
NOR_15Y,5,Block_Hiking,Hiking,block_cv,unemp_eur,shap_mean_abs,0.0,macro
NOR_15Y,5,Block_Hiking,Hiking,block_cv,cpi_nsa_level,shap_mean_abs,0.0,macro
NOR_15Y,5,Block_Hiking,Hiking,block_cv,pce_core_level,shap_mean_abs,0.0,macro
NOR_15Y,5,Block_Hiking,Hiking,block_cv,eur_3m,shap_mean_abs,0.0,macro
NOR_15Y,5,Block_Hiking,Hiking,block_cv,eur_1w,shap_mean_abs,0.0,macro
NOR_15Y,5,Block_Hiking,Hiking,block_cv,nor_ibor_1m,shap_mean_abs,0.0,norway
NOR_15Y,5,Block_Hiking,Hiking,block_cv,nor_ibor_6m,shap_mean_abs,0.0,norway
NOR_15Y,5,Block_Hiking,Hiking,block_cv,nor_ecb_dfr_chg,shap_mean_abs,2.4041346478043124e-05,norway
NOR_15Y,5,Block_Hiking,Hiking,block_cv,nor_ecb_dfr_level,shap_mean_abs,0.0,norway
NOR_15Y,5,Block_Hiking,Hiking,block_cv,nor_eurnok_chg_1d,shap_mean_abs,5.762199725722894e-05,norway
NOR_15Y,5,Block_Hiking,Hiking,block_cv,nor_eurnok_level,shap_mean_abs,0.0,norway
NOR_15Y,5,Block_Hiking,Hiking,block_cv,nor_eurnok_mom_1m,shap_mean_abs,0.0,norway
NOR_15Y,5,Block_Hiking,Hiking,block_cv,nor_eurnok_mom_3m,shap_mean_abs,0.0,norway
NOR_15Y,5,Block_Hiking,Hiking,block_cv,nor_eurnok_rvol_20d,shap_mean_abs,0.00012549276289064437,norway
NOR_15Y,5,Block_Hiking,Hiking,block_cv,nor_govt_10y,shap_mean_abs,0.0,norway
NOR_15Y,5,Block_Hiking,Hiking,block_cv,nor_govt_3y,shap_mean_abs,0.0,norway
NOR_15Y,5,Block_Hiking,Hiking,block_cv,nor_govt_5y,shap_mean_abs,0.007392785977572203,norway
NOR_15Y,5,Block_Hiking,Hiking,block_cv,nor_i44_chg_1d,shap_mean_abs,0.0,norway
NOR_15Y,5,Block_Hiking,Hiking,block_cv,nor_i44_level,shap_mean_abs,0.0,norway
NOR_15Y,5,Block_Hiking,Hiking,block_cv,nor_i44_mom_1m,shap_mean_abs,0.0,norway
NOR_15Y,5,Block_Hiking,Hiking,block_cv,nor_i44_mom_3m,shap_mean_abs,0.0004655350639950484,norway
NOR_15Y,5,Block_Hiking,Hiking,block_cv,nor_i44_rvol_20d,shap_mean_abs,0.0,norway
NOR_15Y,5,Block_Hiking,Hiking,block_cv,nor_kpi_yoy,shap_mean_abs,0.0,norway
NOR_15Y,5,Block_Hiking,Hiking,block_cv,nor_kpijae_yoy,shap_mean_abs,0.0,norway
NOR_15Y,5,Block_Hiking,Hiking,block_cv,nor_nibor_nowa_spread,shap_mean_abs,5.937982859904878e-05,norway
NOR_15Y,5,Block_Hiking,Hiking,block_cv,nor_nowa_level,shap_mean_abs,0.00975182093679905,norway
NOR_15Y,5,Block_Hiking,Hiking,block_cv,nor_polrate_chg_1d,shap_mean_abs,0.0,norway
NOR_15Y,5,Block_Hiking,Hiking,block_cv,nor_polrate_days_since_chg,shap_mean_abs,0.0,norway
NOR_15Y,5,Block_Hiking,Hiking,block_cv,nor_polrate_level,shap_mean_abs,0.0,norway
NOR_15Y,5,Block_Hiking,Hiking,block_cv,nor_rb_rate_chg,shap_mean_abs,0.0,norway
NOR_15Y,5,Block_Hiking,Hiking,block_cv,nor_rb_rate_level,shap_mean_abs,0.0,norway
NOR_15Y,5,Block_Hiking,Hiking,block_cv,nor_unemp,shap_mean_abs,0.0,norway
NOR_15Y,5,Block_Hiking,Hiking,block_cv,nor_usdnok_chg_1d,shap_mean_abs,0.0,norway
NOR_15Y,5,Block_Hiking,Hiking,block_cv,nor_usdnok_level,shap_mean_abs,0.00023090992181096226,norway
NOR_15Y,5,Block_Hiking,Hiking,block_cv,nor_usdnok_mom_1m,shap_mean_abs,0.00013637074152939022,norway
NOR_15Y,5,Block_Hiking,Hiking,block_cv,nor_usdnok_mom_3m,shap_mean_abs,0.0008616523118689656,norway
NOR_15Y,5,Block_Hiking,Hiking,block_cv,nor_usdnok_rvol_20d,shap_mean_abs,7.527198613388464e-05,norway
NOR_15Y,5,Block_Hiking,Hiking,block_cv,swap_govt_spread,shap_mean_abs,0.0,norway
NOR_15Y,5,Block_Hiking,Hiking,block_cv,xmpca_01,shap_mean_abs,0.0,cross_market
NOR_15Y,5,Block_Hiking,Hiking,block_cv,xmpca_02,shap_mean_abs,0.0,cross_market
NOR_15Y,5,Block_Hiking,Hiking,block_cv,xmpca_03,shap_mean_abs,0.0,cross_market
NOR_15Y,5,Block_Hiking,Hiking,block_cv,xmpca_04,shap_mean_abs,0.0,cross_market
NOR_15Y,5,Block_Hiking,Hiking,block_cv,xmpca_05,shap_mean_abs,0.0,cross_market
NOR_15Y,5,Block_Hiking,Hiking,block_cv,xmpca_06,shap_mean_abs,7.064607052598149e-05,cross_market
NOR_15Y,5,Block_Hiking,Hiking,block_cv,xmpca_07,shap_mean_abs,1.0879204637603834e-05,cross_market
NOR_15Y,5,Block_Hiking,Hiking,block_cv,xmpca_08,shap_mean_abs,0.0001032262880471535,cross_market
NOR_15Y,5,Block_Hiking,Hiking,block_cv,xmpca_09,shap_mean_abs,0.0,cross_market
NOR_15Y,5,Block_Hiking,Hiking,block_cv,xmpca_10,shap_mean_abs,0.0,cross_market
NOR_15Y,5,Block_Hiking,Hiking,block_cv,xmpca_11,shap_mean_abs,0.0,cross_market
NOR_15Y,5,Block_Hiking,Hiking,block_cv,xmpca_12,shap_mean_abs,0.0,cross_market
NOR_1Y,5,Block_GFC,GFC,block_cv,chg_lag1,gain,0.0,momentum
NOR_1Y,5,Block_GFC,GFC,block_cv,chg_lag2,gain,0.0,momentum
NOR_1Y,5,Block_GFC,GFC,block_cv,chg_lag3,gain,0.0,momentum
NOR_1Y,5,Block_GFC,GFC,block_cv,chg_lag4,gain,0.0,momentum
NOR_1Y,5,Block_GFC,GFC,block_cv,chg_lag5,gain,0.0,momentum
NOR_1Y,5,Block_GFC,GFC,block_cv,carry_roll,gain,0.0,carry_roll
NOR_1Y,5,Block_GFC,GFC,block_cv,mom_63d,gain,0.08800110220909119,momentum
NOR_1Y,5,Block_GFC,GFC,block_cv,mom_1m,gain,0.0,momentum
NOR_1Y,5,Block_GFC,GFC,block_cv,mom_3m,gain,0.14298422634601593,momentum
NOR_1Y,5,Block_GFC,GFC,block_cv,mom_6m,gain,0.0,momentum
NOR_1Y,5,Block_GFC,GFC,block_cv,mom_12m,gain,0.0,momentum
NOR_1Y,5,Block_GFC,GFC,block_cv,dev_ma_3m,gain,0.11266441643238068,curve
NOR_1Y,5,Block_GFC,GFC,block_cv,dev_ma_12m,gain,0.0,curve
NOR_1Y,5,Block_GFC,GFC,block_cv,vol_20d,gain,0.0871758684515953,vol
NOR_1Y,5,Block_GFC,GFC,block_cv,vol_regime,gain,0.0,vol
NOR_1Y,5,Block_GFC,GFC,block_cv,vol_zscore,gain,0.0,vol
NOR_1Y,5,Block_GFC,GFC,block_cv,level_zscore,gain,0.0,curve
NOR_1Y,5,Block_GFC,GFC,block_cv,slope_10_1,gain,0.0,curve
NOR_1Y,5,Block_GFC,GFC,block_cv,slope_10_5,gain,0.0,curve
NOR_1Y,5,Block_GFC,GFC,block_cv,slope_5_1,gain,0.0,curve
NOR_1Y,5,Block_GFC,GFC,block_cv,sofr_mom_1m,gain,0.0,macro
NOR_1Y,5,Block_GFC,GFC,block_cv,ibor_level,gain,0.05022904649376869,macro
NOR_1Y,5,Block_GFC,GFC,block_cv,ibor_chg_1d,gain,0.0,macro
NOR_1Y,5,Block_GFC,GFC,block_cv,ibor_mom_1m,gain,0.07773274183273315,macro
NOR_1Y,5,Block_GFC,GFC,block_cv,ibor_term_slope,gain,0.03835286945104599,macro
NOR_1Y,5,Block_GFC,GFC,block_cv,swap_ibor_basis,gain,0.0,curve
NOR_1Y,5,Block_GFC,GFC,block_cv,move_level,gain,0.0,vol
NOR_1Y,5,Block_GFC,GFC,block_cv,move_zscore,gain,0.0,vol
NOR_1Y,5,Block_GFC,GFC,block_cv,vix_level,gain,0.0,vol
NOR_1Y,5,Block_GFC,GFC,block_cv,vix_zscore,gain,0.0,vol
NOR_1Y,5,Block_GFC,GFC,block_cv,v2x_level,gain,0.0,vol
NOR_1Y,5,Block_GFC,GFC,block_cv,vxn_level,gain,0.0,vol
NOR_1Y,5,Block_GFC,GFC,block_cv,ovx_level,gain,0.0,vol
NOR_1Y,5,Block_GFC,GFC,block_cv,gvz_level,gain,0.0,vol
NOR_1Y,5,Block_GFC,GFC,block_cv,spx_mom_1m,gain,0.08352180570363998,macro
NOR_1Y,5,Block_GFC,GFC,block_cv,spx_mom_3m,gain,0.052045028656721115,macro
NOR_1Y,5,Block_GFC,GFC,block_cv,sx5e_mom_1m,gain,0.0,macro
NOR_1Y,5,Block_GFC,GFC,block_cv,sx5e_mom_3m,gain,0.0,macro
NOR_1Y,5,Block_GFC,GFC,block_cv,mxwo_mom_1m,gain,0.03876142203807831,macro
NOR_1Y,5,Block_GFC,GFC,block_cv,ndx_mom_1m,gain,0.0,macro
NOR_1Y,5,Block_GFC,GFC,block_cv,oil_mom_1m,gain,0.0,macro
NOR_1Y,5,Block_GFC,GFC,block_cv,oil_mom_3m,gain,0.0,macro
NOR_1Y,5,Block_GFC,GFC,block_cv,copper_mom_1m,gain,0.0,macro
NOR_1Y,5,Block_GFC,GFC,block_cv,opec_prod,gain,0.0,macro
NOR_1Y,5,Block_GFC,GFC,block_cv,natgas_mom_1m,gain,0.07170843333005905,macro
NOR_1Y,5,Block_GFC,GFC,block_cv,be5y_level,gain,0.034878578037023544,macro
NOR_1Y,5,Block_GFC,GFC,block_cv,be10y_level,gain,0.0,macro
NOR_1Y,5,Block_GFC,GFC,block_cv,be_slope,gain,0.0,macro
NOR_1Y,5,Block_GFC,GFC,block_cv,be5y_chg_1m,gain,0.0,macro
NOR_1Y,5,Block_GFC,GFC,block_cv,ig_spread,gain,0.0,credit
NOR_1Y,5,Block_GFC,GFC,block_cv,hy_spread,gain,0.10798878967761993,credit
NOR_1Y,5,Block_GFC,GFC,block_cv,ig_chg_1m,gain,0.0,credit
NOR_1Y,5,Block_GFC,GFC,block_cv,hy_chg_1m,gain,0.0,credit
NOR_1Y,5,Block_GFC,GFC,block_cv,cpi_yoy,gain,0.16083581745624542,macro
NOR_1Y,5,Block_GFC,GFC,block_cv,pce_core_chg,gain,0.0,macro
NOR_1Y,5,Block_GFC,GFC,block_cv,nfp_change,gain,0.0,macro
NOR_1Y,5,Block_GFC,GFC,block_cv,pmi_us,gain,0.0,macro
NOR_1Y,5,Block_GFC,GFC,block_cv,pmi_eur,gain,0.08219507336616516,macro
NOR_1Y,5,Block_GFC,GFC,block_cv,unemp_eur,gain,0.0,macro
NOR_1Y,5,Block_GFC,GFC,block_cv,cpi_nsa_level,gain,0.0,macro
NOR_1Y,5,Block_GFC,GFC,block_cv,pce_core_level,gain,0.0,macro
NOR_1Y,5,Block_GFC,GFC,block_cv,eur_3m,gain,0.0,macro
NOR_1Y,5,Block_GFC,GFC,block_cv,eur_1w,gain,0.0,macro
NOR_1Y,5,Block_GFC,GFC,block_cv,nor_ibor_1m,gain,0.0,norway
NOR_1Y,5,Block_GFC,GFC,block_cv,nor_ibor_6m,gain,0.0,norway
NOR_1Y,5,Block_GFC,GFC,block_cv,nor_ecb_dfr_chg,gain,0.0,norway
NOR_1Y,5,Block_GFC,GFC,block_cv,nor_ecb_dfr_level,gain,0.0,norway
NOR_1Y,5,Block_GFC,GFC,block_cv,nor_eurnok_chg_1d,gain,0.0,norway
NOR_1Y,5,Block_GFC,GFC,block_cv,nor_eurnok_level,gain,0.01601133495569229,norway
NOR_1Y,5,Block_GFC,GFC,block_cv,nor_eurnok_mom_1m,gain,0.0,norway
NOR_1Y,5,Block_GFC,GFC,block_cv,nor_eurnok_mom_3m,gain,0.0,norway
NOR_1Y,5,Block_GFC,GFC,block_cv,nor_eurnok_rvol_20d,gain,0.0,norway
NOR_1Y,5,Block_GFC,GFC,block_cv,nor_govt_10y,gain,0.0,norway
NOR_1Y,5,Block_GFC,GFC,block_cv,nor_govt_3y,gain,0.15036648511886597,norway
NOR_1Y,5,Block_GFC,GFC,block_cv,nor_govt_5y,gain,0.0,norway
NOR_1Y,5,Block_GFC,GFC,block_cv,nor_i44_chg_1d,gain,0.0,norway
NOR_1Y,5,Block_GFC,GFC,block_cv,nor_i44_level,gain,0.0,norway
NOR_1Y,5,Block_GFC,GFC,block_cv,nor_i44_mom_1m,gain,0.1161218136548996,norway
NOR_1Y,5,Block_GFC,GFC,block_cv,nor_i44_mom_3m,gain,0.0,norway
NOR_1Y,5,Block_GFC,GFC,block_cv,nor_i44_rvol_20d,gain,0.0,norway
NOR_1Y,5,Block_GFC,GFC,block_cv,nor_kpi_yoy,gain,0.06252428144216537,norway
NOR_1Y,5,Block_GFC,GFC,block_cv,nor_kpijae_yoy,gain,0.0,norway
NOR_1Y,5,Block_GFC,GFC,block_cv,nor_nibor_nowa_spread,gain,0.04029535874724388,norway
NOR_1Y,5,Block_GFC,GFC,block_cv,nor_nowa_level,gain,0.0,norway
NOR_1Y,5,Block_GFC,GFC,block_cv,nor_polrate_chg_1d,gain,0.0,norway
NOR_1Y,5,Block_GFC,GFC,block_cv,nor_polrate_days_since_chg,gain,0.03973889350891113,norway
NOR_1Y,5,Block_GFC,GFC,block_cv,nor_polrate_level,gain,0.0,norway
NOR_1Y,5,Block_GFC,GFC,block_cv,nor_rb_rate_chg,gain,0.0,norway
NOR_1Y,5,Block_GFC,GFC,block_cv,nor_rb_rate_level,gain,0.0,norway
NOR_1Y,5,Block_GFC,GFC,block_cv,nor_unemp,gain,0.0,norway
NOR_1Y,5,Block_GFC,GFC,block_cv,nor_usdnok_chg_1d,gain,0.0,norway
NOR_1Y,5,Block_GFC,GFC,block_cv,nor_usdnok_level,gain,0.0694536566734314,norway
NOR_1Y,5,Block_GFC,GFC,block_cv,nor_usdnok_mom_1m,gain,0.0,norway
NOR_1Y,5,Block_GFC,GFC,block_cv,nor_usdnok_mom_3m,gain,0.0,norway
NOR_1Y,5,Block_GFC,GFC,block_cv,nor_usdnok_rvol_20d,gain,0.05394291877746582,norway
NOR_1Y,5,Block_GFC,GFC,block_cv,swap_govt_spread,gain,0.0,norway
NOR_1Y,5,Block_GFC,GFC,block_cv,xmpca_01,gain,0.0,cross_market
NOR_1Y,5,Block_GFC,GFC,block_cv,xmpca_02,gain,0.037733044475317,cross_market
NOR_1Y,5,Block_GFC,GFC,block_cv,xmpca_03,gain,0.0,cross_market
NOR_1Y,5,Block_GFC,GFC,block_cv,xmpca_04,gain,0.0,cross_market
NOR_1Y,5,Block_GFC,GFC,block_cv,xmpca_05,gain,0.0,cross_market
NOR_1Y,5,Block_GFC,GFC,block_cv,xmpca_06,gain,0.0,cross_market
NOR_1Y,5,Block_GFC,GFC,block_cv,xmpca_07,gain,0.0,cross_market
NOR_1Y,5,Block_GFC,GFC,block_cv,xmpca_08,gain,0.0,cross_market
NOR_1Y,5,Block_GFC,GFC,block_cv,xmpca_09,gain,0.0,cross_market
NOR_1Y,5,Block_GFC,GFC,block_cv,xmpca_10,gain,0.0,cross_market
NOR_1Y,5,Block_GFC,GFC,block_cv,xmpca_11,gain,0.0,cross_market
NOR_1Y,5,Block_GFC,GFC,block_cv,xmpca_12,gain,0.0,cross_market
NOR_1Y,5,Block_GFC,GFC,block_cv,chg_lag1,weight,0.0,momentum
NOR_1Y,5,Block_GFC,GFC,block_cv,chg_lag2,weight,0.0,momentum
NOR_1Y,5,Block_GFC,GFC,block_cv,chg_lag3,weight,0.0,momentum
NOR_1Y,5,Block_GFC,GFC,block_cv,chg_lag4,weight,0.0,momentum
NOR_1Y,5,Block_GFC,GFC,block_cv,chg_lag5,weight,0.0,momentum
NOR_1Y,5,Block_GFC,GFC,block_cv,carry_roll,weight,0.0,carry_roll
NOR_1Y,5,Block_GFC,GFC,block_cv,mom_63d,weight,2.0,momentum
NOR_1Y,5,Block_GFC,GFC,block_cv,mom_1m,weight,0.0,momentum
NOR_1Y,5,Block_GFC,GFC,block_cv,mom_3m,weight,4.0,momentum
NOR_1Y,5,Block_GFC,GFC,block_cv,mom_6m,weight,0.0,momentum
NOR_1Y,5,Block_GFC,GFC,block_cv,mom_12m,weight,0.0,momentum
NOR_1Y,5,Block_GFC,GFC,block_cv,dev_ma_3m,weight,4.0,curve
NOR_1Y,5,Block_GFC,GFC,block_cv,dev_ma_12m,weight,0.0,curve
NOR_1Y,5,Block_GFC,GFC,block_cv,vol_20d,weight,2.0,vol
NOR_1Y,5,Block_GFC,GFC,block_cv,vol_regime,weight,0.0,vol
NOR_1Y,5,Block_GFC,GFC,block_cv,vol_zscore,weight,0.0,vol
NOR_1Y,5,Block_GFC,GFC,block_cv,level_zscore,weight,0.0,curve
NOR_1Y,5,Block_GFC,GFC,block_cv,slope_10_1,weight,0.0,curve
NOR_1Y,5,Block_GFC,GFC,block_cv,slope_10_5,weight,0.0,curve
NOR_1Y,5,Block_GFC,GFC,block_cv,slope_5_1,weight,0.0,curve
NOR_1Y,5,Block_GFC,GFC,block_cv,sofr_mom_1m,weight,0.0,macro
NOR_1Y,5,Block_GFC,GFC,block_cv,ibor_level,weight,3.0,macro
NOR_1Y,5,Block_GFC,GFC,block_cv,ibor_chg_1d,weight,0.0,macro
NOR_1Y,5,Block_GFC,GFC,block_cv,ibor_mom_1m,weight,1.0,macro
NOR_1Y,5,Block_GFC,GFC,block_cv,ibor_term_slope,weight,1.0,macro
NOR_1Y,5,Block_GFC,GFC,block_cv,swap_ibor_basis,weight,0.0,curve
NOR_1Y,5,Block_GFC,GFC,block_cv,move_level,weight,0.0,vol
NOR_1Y,5,Block_GFC,GFC,block_cv,move_zscore,weight,0.0,vol
NOR_1Y,5,Block_GFC,GFC,block_cv,vix_level,weight,0.0,vol
NOR_1Y,5,Block_GFC,GFC,block_cv,vix_zscore,weight,0.0,vol
NOR_1Y,5,Block_GFC,GFC,block_cv,v2x_level,weight,0.0,vol
NOR_1Y,5,Block_GFC,GFC,block_cv,vxn_level,weight,0.0,vol
NOR_1Y,5,Block_GFC,GFC,block_cv,ovx_level,weight,0.0,vol
NOR_1Y,5,Block_GFC,GFC,block_cv,gvz_level,weight,0.0,vol
NOR_1Y,5,Block_GFC,GFC,block_cv,spx_mom_1m,weight,3.0,macro
NOR_1Y,5,Block_GFC,GFC,block_cv,spx_mom_3m,weight,1.0,macro
NOR_1Y,5,Block_GFC,GFC,block_cv,sx5e_mom_1m,weight,0.0,macro
NOR_1Y,5,Block_GFC,GFC,block_cv,sx5e_mom_3m,weight,0.0,macro
NOR_1Y,5,Block_GFC,GFC,block_cv,mxwo_mom_1m,weight,1.0,macro
NOR_1Y,5,Block_GFC,GFC,block_cv,ndx_mom_1m,weight,0.0,macro
NOR_1Y,5,Block_GFC,GFC,block_cv,oil_mom_1m,weight,0.0,macro
NOR_1Y,5,Block_GFC,GFC,block_cv,oil_mom_3m,weight,0.0,macro
NOR_1Y,5,Block_GFC,GFC,block_cv,copper_mom_1m,weight,0.0,macro
NOR_1Y,5,Block_GFC,GFC,block_cv,opec_prod,weight,0.0,macro
NOR_1Y,5,Block_GFC,GFC,block_cv,natgas_mom_1m,weight,3.0,macro
NOR_1Y,5,Block_GFC,GFC,block_cv,be5y_level,weight,1.0,macro
NOR_1Y,5,Block_GFC,GFC,block_cv,be10y_level,weight,0.0,macro
NOR_1Y,5,Block_GFC,GFC,block_cv,be_slope,weight,0.0,macro
NOR_1Y,5,Block_GFC,GFC,block_cv,be5y_chg_1m,weight,0.0,macro
NOR_1Y,5,Block_GFC,GFC,block_cv,ig_spread,weight,0.0,credit
NOR_1Y,5,Block_GFC,GFC,block_cv,hy_spread,weight,2.0,credit
NOR_1Y,5,Block_GFC,GFC,block_cv,ig_chg_1m,weight,0.0,credit
NOR_1Y,5,Block_GFC,GFC,block_cv,hy_chg_1m,weight,0.0,credit
NOR_1Y,5,Block_GFC,GFC,block_cv,cpi_yoy,weight,1.0,macro
NOR_1Y,5,Block_GFC,GFC,block_cv,pce_core_chg,weight,0.0,macro
NOR_1Y,5,Block_GFC,GFC,block_cv,nfp_change,weight,0.0,macro
NOR_1Y,5,Block_GFC,GFC,block_cv,pmi_us,weight,0.0,macro
NOR_1Y,5,Block_GFC,GFC,block_cv,pmi_eur,weight,1.0,macro
NOR_1Y,5,Block_GFC,GFC,block_cv,unemp_eur,weight,0.0,macro
NOR_1Y,5,Block_GFC,GFC,block_cv,cpi_nsa_level,weight,0.0,macro
NOR_1Y,5,Block_GFC,GFC,block_cv,pce_core_level,weight,0.0,macro
NOR_1Y,5,Block_GFC,GFC,block_cv,eur_3m,weight,0.0,macro
NOR_1Y,5,Block_GFC,GFC,block_cv,eur_1w,weight,0.0,macro
NOR_1Y,5,Block_GFC,GFC,block_cv,nor_ibor_1m,weight,0.0,norway
NOR_1Y,5,Block_GFC,GFC,block_cv,nor_ibor_6m,weight,0.0,norway
NOR_1Y,5,Block_GFC,GFC,block_cv,nor_ecb_dfr_chg,weight,0.0,norway
NOR_1Y,5,Block_GFC,GFC,block_cv,nor_ecb_dfr_level,weight,0.0,norway
NOR_1Y,5,Block_GFC,GFC,block_cv,nor_eurnok_chg_1d,weight,0.0,norway
NOR_1Y,5,Block_GFC,GFC,block_cv,nor_eurnok_level,weight,1.0,norway
NOR_1Y,5,Block_GFC,GFC,block_cv,nor_eurnok_mom_1m,weight,0.0,norway
NOR_1Y,5,Block_GFC,GFC,block_cv,nor_eurnok_mom_3m,weight,0.0,norway
NOR_1Y,5,Block_GFC,GFC,block_cv,nor_eurnok_rvol_20d,weight,0.0,norway
NOR_1Y,5,Block_GFC,GFC,block_cv,nor_govt_10y,weight,0.0,norway
NOR_1Y,5,Block_GFC,GFC,block_cv,nor_govt_3y,weight,1.0,norway
NOR_1Y,5,Block_GFC,GFC,block_cv,nor_govt_5y,weight,0.0,norway
NOR_1Y,5,Block_GFC,GFC,block_cv,nor_i44_chg_1d,weight,0.0,norway
NOR_1Y,5,Block_GFC,GFC,block_cv,nor_i44_level,weight,0.0,norway
NOR_1Y,5,Block_GFC,GFC,block_cv,nor_i44_mom_1m,weight,1.0,norway
NOR_1Y,5,Block_GFC,GFC,block_cv,nor_i44_mom_3m,weight,0.0,norway
NOR_1Y,5,Block_GFC,GFC,block_cv,nor_i44_rvol_20d,weight,0.0,norway
NOR_1Y,5,Block_GFC,GFC,block_cv,nor_kpi_yoy,weight,1.0,norway
NOR_1Y,5,Block_GFC,GFC,block_cv,nor_kpijae_yoy,weight,0.0,norway
NOR_1Y,5,Block_GFC,GFC,block_cv,nor_nibor_nowa_spread,weight,1.0,norway
NOR_1Y,5,Block_GFC,GFC,block_cv,nor_nowa_level,weight,0.0,norway
NOR_1Y,5,Block_GFC,GFC,block_cv,nor_polrate_chg_1d,weight,0.0,norway
NOR_1Y,5,Block_GFC,GFC,block_cv,nor_polrate_days_since_chg,weight,2.0,norway
NOR_1Y,5,Block_GFC,GFC,block_cv,nor_polrate_level,weight,0.0,norway
NOR_1Y,5,Block_GFC,GFC,block_cv,nor_rb_rate_chg,weight,0.0,norway
NOR_1Y,5,Block_GFC,GFC,block_cv,nor_rb_rate_level,weight,0.0,norway
NOR_1Y,5,Block_GFC,GFC,block_cv,nor_unemp,weight,0.0,norway
NOR_1Y,5,Block_GFC,GFC,block_cv,nor_usdnok_chg_1d,weight,0.0,norway
NOR_1Y,5,Block_GFC,GFC,block_cv,nor_usdnok_level,weight,1.0,norway
NOR_1Y,5,Block_GFC,GFC,block_cv,nor_usdnok_mom_1m,weight,0.0,norway
NOR_1Y,5,Block_GFC,GFC,block_cv,nor_usdnok_mom_3m,weight,0.0,norway
NOR_1Y,5,Block_GFC,GFC,block_cv,nor_usdnok_rvol_20d,weight,1.0,norway
NOR_1Y,5,Block_GFC,GFC,block_cv,swap_govt_spread,weight,0.0,norway
NOR_1Y,5,Block_GFC,GFC,block_cv,xmpca_01,weight,0.0,cross_market
NOR_1Y,5,Block_GFC,GFC,block_cv,xmpca_02,weight,2.0,cross_market
NOR_1Y,5,Block_GFC,GFC,block_cv,xmpca_03,weight,0.0,cross_market
NOR_1Y,5,Block_GFC,GFC,block_cv,xmpca_04,weight,0.0,cross_market
NOR_1Y,5,Block_GFC,GFC,block_cv,xmpca_05,weight,0.0,cross_market
NOR_1Y,5,Block_GFC,GFC,block_cv,xmpca_06,weight,0.0,cross_market
NOR_1Y,5,Block_GFC,GFC,block_cv,xmpca_07,weight,0.0,cross_market
NOR_1Y,5,Block_GFC,GFC,block_cv,xmpca_08,weight,0.0,cross_market
NOR_1Y,5,Block_GFC,GFC,block_cv,xmpca_09,weight,0.0,cross_market
NOR_1Y,5,Block_GFC,GFC,block_cv,xmpca_10,weight,0.0,cross_market
NOR_1Y,5,Block_GFC,GFC,block_cv,xmpca_11,weight,0.0,cross_market
NOR_1Y,5,Block_GFC,GFC,block_cv,xmpca_12,weight,0.0,cross_market
NOR_1Y,5,Block_GFC,GFC,block_cv,chg_lag1,cover,0.0,momentum
NOR_1Y,5,Block_GFC,GFC,block_cv,chg_lag2,cover,0.0,momentum
NOR_1Y,5,Block_GFC,GFC,block_cv,chg_lag3,cover,0.0,momentum
NOR_1Y,5,Block_GFC,GFC,block_cv,chg_lag4,cover,0.0,momentum
NOR_1Y,5,Block_GFC,GFC,block_cv,chg_lag5,cover,0.0,momentum
NOR_1Y,5,Block_GFC,GFC,block_cv,carry_roll,cover,0.0,carry_roll
NOR_1Y,5,Block_GFC,GFC,block_cv,mom_63d,cover,903.0,momentum
NOR_1Y,5,Block_GFC,GFC,block_cv,mom_1m,cover,0.0,momentum
NOR_1Y,5,Block_GFC,GFC,block_cv,mom_3m,cover,1788.75,momentum
NOR_1Y,5,Block_GFC,GFC,block_cv,mom_6m,cover,0.0,momentum
NOR_1Y,5,Block_GFC,GFC,block_cv,mom_12m,cover,0.0,momentum
NOR_1Y,5,Block_GFC,GFC,block_cv,dev_ma_3m,cover,1537.0,curve
NOR_1Y,5,Block_GFC,GFC,block_cv,dev_ma_12m,cover,0.0,curve
NOR_1Y,5,Block_GFC,GFC,block_cv,vol_20d,cover,828.5,vol
NOR_1Y,5,Block_GFC,GFC,block_cv,vol_regime,cover,0.0,vol
NOR_1Y,5,Block_GFC,GFC,block_cv,vol_zscore,cover,0.0,vol
NOR_1Y,5,Block_GFC,GFC,block_cv,level_zscore,cover,0.0,curve
NOR_1Y,5,Block_GFC,GFC,block_cv,slope_10_1,cover,0.0,curve
NOR_1Y,5,Block_GFC,GFC,block_cv,slope_10_5,cover,0.0,curve
NOR_1Y,5,Block_GFC,GFC,block_cv,slope_5_1,cover,0.0,curve
NOR_1Y,5,Block_GFC,GFC,block_cv,sofr_mom_1m,cover,0.0,macro
NOR_1Y,5,Block_GFC,GFC,block_cv,ibor_level,cover,1365.6666259765625,macro
NOR_1Y,5,Block_GFC,GFC,block_cv,ibor_chg_1d,cover,0.0,macro
NOR_1Y,5,Block_GFC,GFC,block_cv,ibor_mom_1m,cover,34.0,macro
NOR_1Y,5,Block_GFC,GFC,block_cv,ibor_term_slope,cover,1492.0,macro
NOR_1Y,5,Block_GFC,GFC,block_cv,swap_ibor_basis,cover,0.0,curve
NOR_1Y,5,Block_GFC,GFC,block_cv,move_level,cover,0.0,vol
NOR_1Y,5,Block_GFC,GFC,block_cv,move_zscore,cover,0.0,vol
NOR_1Y,5,Block_GFC,GFC,block_cv,vix_level,cover,0.0,vol
NOR_1Y,5,Block_GFC,GFC,block_cv,vix_zscore,cover,0.0,vol
NOR_1Y,5,Block_GFC,GFC,block_cv,v2x_level,cover,0.0,vol
NOR_1Y,5,Block_GFC,GFC,block_cv,vxn_level,cover,0.0,vol
NOR_1Y,5,Block_GFC,GFC,block_cv,ovx_level,cover,0.0,vol
NOR_1Y,5,Block_GFC,GFC,block_cv,gvz_level,cover,0.0,vol
NOR_1Y,5,Block_GFC,GFC,block_cv,spx_mom_1m,cover,552.0,macro
NOR_1Y,5,Block_GFC,GFC,block_cv,spx_mom_3m,cover,200.0,macro
NOR_1Y,5,Block_GFC,GFC,block_cv,sx5e_mom_1m,cover,0.0,macro
NOR_1Y,5,Block_GFC,GFC,block_cv,sx5e_mom_3m,cover,0.0,macro
NOR_1Y,5,Block_GFC,GFC,block_cv,mxwo_mom_1m,cover,144.0,macro
NOR_1Y,5,Block_GFC,GFC,block_cv,ndx_mom_1m,cover,0.0,macro
NOR_1Y,5,Block_GFC,GFC,block_cv,oil_mom_1m,cover,0.0,macro
NOR_1Y,5,Block_GFC,GFC,block_cv,oil_mom_3m,cover,0.0,macro
NOR_1Y,5,Block_GFC,GFC,block_cv,copper_mom_1m,cover,0.0,macro
NOR_1Y,5,Block_GFC,GFC,block_cv,opec_prod,cover,0.0,macro
NOR_1Y,5,Block_GFC,GFC,block_cv,natgas_mom_1m,cover,297.0,macro
NOR_1Y,5,Block_GFC,GFC,block_cv,be5y_level,cover,1487.0,macro
NOR_1Y,5,Block_GFC,GFC,block_cv,be10y_level,cover,0.0,macro
NOR_1Y,5,Block_GFC,GFC,block_cv,be_slope,cover,0.0,macro
NOR_1Y,5,Block_GFC,GFC,block_cv,be5y_chg_1m,cover,0.0,macro
NOR_1Y,5,Block_GFC,GFC,block_cv,ig_spread,cover,0.0,credit
NOR_1Y,5,Block_GFC,GFC,block_cv,hy_spread,cover,355.5,credit
NOR_1Y,5,Block_GFC,GFC,block_cv,ig_chg_1m,cover,0.0,credit
NOR_1Y,5,Block_GFC,GFC,block_cv,hy_chg_1m,cover,0.0,credit
NOR_1Y,5,Block_GFC,GFC,block_cv,cpi_yoy,cover,1831.0,macro
NOR_1Y,5,Block_GFC,GFC,block_cv,pce_core_chg,cover,0.0,macro
NOR_1Y,5,Block_GFC,GFC,block_cv,nfp_change,cover,0.0,macro
NOR_1Y,5,Block_GFC,GFC,block_cv,pmi_us,cover,0.0,macro
NOR_1Y,5,Block_GFC,GFC,block_cv,pmi_eur,cover,311.0,macro
NOR_1Y,5,Block_GFC,GFC,block_cv,unemp_eur,cover,0.0,macro
NOR_1Y,5,Block_GFC,GFC,block_cv,cpi_nsa_level,cover,0.0,macro
NOR_1Y,5,Block_GFC,GFC,block_cv,pce_core_level,cover,0.0,macro
NOR_1Y,5,Block_GFC,GFC,block_cv,eur_3m,cover,0.0,macro
NOR_1Y,5,Block_GFC,GFC,block_cv,eur_1w,cover,0.0,macro
NOR_1Y,5,Block_GFC,GFC,block_cv,nor_ibor_1m,cover,0.0,norway
NOR_1Y,5,Block_GFC,GFC,block_cv,nor_ibor_6m,cover,0.0,norway
NOR_1Y,5,Block_GFC,GFC,block_cv,nor_ecb_dfr_chg,cover,0.0,norway
NOR_1Y,5,Block_GFC,GFC,block_cv,nor_ecb_dfr_level,cover,0.0,norway
NOR_1Y,5,Block_GFC,GFC,block_cv,nor_eurnok_chg_1d,cover,0.0,norway
NOR_1Y,5,Block_GFC,GFC,block_cv,nor_eurnok_level,cover,73.0,norway
NOR_1Y,5,Block_GFC,GFC,block_cv,nor_eurnok_mom_1m,cover,0.0,norway
NOR_1Y,5,Block_GFC,GFC,block_cv,nor_eurnok_mom_3m,cover,0.0,norway
NOR_1Y,5,Block_GFC,GFC,block_cv,nor_eurnok_rvol_20d,cover,0.0,norway
NOR_1Y,5,Block_GFC,GFC,block_cv,nor_govt_10y,cover,0.0,norway
NOR_1Y,5,Block_GFC,GFC,block_cv,nor_govt_3y,cover,235.0,norway
NOR_1Y,5,Block_GFC,GFC,block_cv,nor_govt_5y,cover,0.0,norway
NOR_1Y,5,Block_GFC,GFC,block_cv,nor_i44_chg_1d,cover,0.0,norway
NOR_1Y,5,Block_GFC,GFC,block_cv,nor_i44_level,cover,0.0,norway
NOR_1Y,5,Block_GFC,GFC,block_cv,nor_i44_mom_1m,cover,382.0,norway
NOR_1Y,5,Block_GFC,GFC,block_cv,nor_i44_mom_3m,cover,0.0,norway
NOR_1Y,5,Block_GFC,GFC,block_cv,nor_i44_rvol_20d,cover,0.0,norway
NOR_1Y,5,Block_GFC,GFC,block_cv,nor_kpi_yoy,cover,314.0,norway
NOR_1Y,5,Block_GFC,GFC,block_cv,nor_kpijae_yoy,cover,0.0,norway
NOR_1Y,5,Block_GFC,GFC,block_cv,nor_nibor_nowa_spread,cover,1514.0,norway
NOR_1Y,5,Block_GFC,GFC,block_cv,nor_nowa_level,cover,0.0,norway
NOR_1Y,5,Block_GFC,GFC,block_cv,nor_polrate_chg_1d,cover,0.0,norway
NOR_1Y,5,Block_GFC,GFC,block_cv,nor_polrate_days_since_chg,cover,76.5,norway
NOR_1Y,5,Block_GFC,GFC,block_cv,nor_polrate_level,cover,0.0,norway
NOR_1Y,5,Block_GFC,GFC,block_cv,nor_rb_rate_chg,cover,0.0,norway
NOR_1Y,5,Block_GFC,GFC,block_cv,nor_rb_rate_level,cover,0.0,norway
NOR_1Y,5,Block_GFC,GFC,block_cv,nor_unemp,cover,0.0,norway
NOR_1Y,5,Block_GFC,GFC,block_cv,nor_usdnok_chg_1d,cover,0.0,norway
NOR_1Y,5,Block_GFC,GFC,block_cv,nor_usdnok_level,cover,147.0,norway
NOR_1Y,5,Block_GFC,GFC,block_cv,nor_usdnok_mom_1m,cover,0.0,norway
NOR_1Y,5,Block_GFC,GFC,block_cv,nor_usdnok_mom_3m,cover,0.0,norway
NOR_1Y,5,Block_GFC,GFC,block_cv,nor_usdnok_rvol_20d,cover,114.0,norway
NOR_1Y,5,Block_GFC,GFC,block_cv,swap_govt_spread,cover,0.0,norway
NOR_1Y,5,Block_GFC,GFC,block_cv,xmpca_01,cover,0.0,cross_market
NOR_1Y,5,Block_GFC,GFC,block_cv,xmpca_02,cover,10.5,cross_market
NOR_1Y,5,Block_GFC,GFC,block_cv,xmpca_03,cover,0.0,cross_market
NOR_1Y,5,Block_GFC,GFC,block_cv,xmpca_04,cover,0.0,cross_market
NOR_1Y,5,Block_GFC,GFC,block_cv,xmpca_05,cover,0.0,cross_market
NOR_1Y,5,Block_GFC,GFC,block_cv,xmpca_06,cover,0.0,cross_market
NOR_1Y,5,Block_GFC,GFC,block_cv,xmpca_07,cover,0.0,cross_market
NOR_1Y,5,Block_GFC,GFC,block_cv,xmpca_08,cover,0.0,cross_market
NOR_1Y,5,Block_GFC,GFC,block_cv,xmpca_09,cover,0.0,cross_market
NOR_1Y,5,Block_GFC,GFC,block_cv,xmpca_10,cover,0.0,cross_market
NOR_1Y,5,Block_GFC,GFC,block_cv,xmpca_11,cover,0.0,cross_market
NOR_1Y,5,Block_GFC,GFC,block_cv,xmpca_12,cover,0.0,cross_market
NOR_1Y,5,Block_GFC,GFC,block_cv,chg_lag1,total_gain,0.0,momentum
NOR_1Y,5,Block_GFC,GFC,block_cv,chg_lag2,total_gain,0.0,momentum
NOR_1Y,5,Block_GFC,GFC,block_cv,chg_lag3,total_gain,0.0,momentum
NOR_1Y,5,Block_GFC,GFC,block_cv,chg_lag4,total_gain,0.0,momentum
NOR_1Y,5,Block_GFC,GFC,block_cv,chg_lag5,total_gain,0.0,momentum
NOR_1Y,5,Block_GFC,GFC,block_cv,carry_roll,total_gain,0.0,carry_roll
NOR_1Y,5,Block_GFC,GFC,block_cv,mom_63d,total_gain,0.17600220441818237,momentum
NOR_1Y,5,Block_GFC,GFC,block_cv,mom_1m,total_gain,0.0,momentum
NOR_1Y,5,Block_GFC,GFC,block_cv,mom_3m,total_gain,0.5719369053840637,momentum
NOR_1Y,5,Block_GFC,GFC,block_cv,mom_6m,total_gain,0.0,momentum
NOR_1Y,5,Block_GFC,GFC,block_cv,mom_12m,total_gain,0.0,momentum
NOR_1Y,5,Block_GFC,GFC,block_cv,dev_ma_3m,total_gain,0.4506576657295227,curve
NOR_1Y,5,Block_GFC,GFC,block_cv,dev_ma_12m,total_gain,0.0,curve
NOR_1Y,5,Block_GFC,GFC,block_cv,vol_20d,total_gain,0.1743517369031906,vol
NOR_1Y,5,Block_GFC,GFC,block_cv,vol_regime,total_gain,0.0,vol
NOR_1Y,5,Block_GFC,GFC,block_cv,vol_zscore,total_gain,0.0,vol
NOR_1Y,5,Block_GFC,GFC,block_cv,level_zscore,total_gain,0.0,curve
NOR_1Y,5,Block_GFC,GFC,block_cv,slope_10_1,total_gain,0.0,curve
NOR_1Y,5,Block_GFC,GFC,block_cv,slope_10_5,total_gain,0.0,curve
NOR_1Y,5,Block_GFC,GFC,block_cv,slope_5_1,total_gain,0.0,curve
NOR_1Y,5,Block_GFC,GFC,block_cv,sofr_mom_1m,total_gain,0.0,macro
NOR_1Y,5,Block_GFC,GFC,block_cv,ibor_level,total_gain,0.15068714320659637,macro
NOR_1Y,5,Block_GFC,GFC,block_cv,ibor_chg_1d,total_gain,0.0,macro
NOR_1Y,5,Block_GFC,GFC,block_cv,ibor_mom_1m,total_gain,0.07773274183273315,macro
NOR_1Y,5,Block_GFC,GFC,block_cv,ibor_term_slope,total_gain,0.03835286945104599,macro
NOR_1Y,5,Block_GFC,GFC,block_cv,swap_ibor_basis,total_gain,0.0,curve
NOR_1Y,5,Block_GFC,GFC,block_cv,move_level,total_gain,0.0,vol
NOR_1Y,5,Block_GFC,GFC,block_cv,move_zscore,total_gain,0.0,vol
NOR_1Y,5,Block_GFC,GFC,block_cv,vix_level,total_gain,0.0,vol
NOR_1Y,5,Block_GFC,GFC,block_cv,vix_zscore,total_gain,0.0,vol
NOR_1Y,5,Block_GFC,GFC,block_cv,v2x_level,total_gain,0.0,vol
NOR_1Y,5,Block_GFC,GFC,block_cv,vxn_level,total_gain,0.0,vol
NOR_1Y,5,Block_GFC,GFC,block_cv,ovx_level,total_gain,0.0,vol
NOR_1Y,5,Block_GFC,GFC,block_cv,gvz_level,total_gain,0.0,vol
NOR_1Y,5,Block_GFC,GFC,block_cv,spx_mom_1m,total_gain,0.25056540966033936,macro
NOR_1Y,5,Block_GFC,GFC,block_cv,spx_mom_3m,total_gain,0.052045028656721115,macro
NOR_1Y,5,Block_GFC,GFC,block_cv,sx5e_mom_1m,total_gain,0.0,macro
NOR_1Y,5,Block_GFC,GFC,block_cv,sx5e_mom_3m,total_gain,0.0,macro
NOR_1Y,5,Block_GFC,GFC,block_cv,mxwo_mom_1m,total_gain,0.03876142203807831,macro
NOR_1Y,5,Block_GFC,GFC,block_cv,ndx_mom_1m,total_gain,0.0,macro
NOR_1Y,5,Block_GFC,GFC,block_cv,oil_mom_1m,total_gain,0.0,macro
NOR_1Y,5,Block_GFC,GFC,block_cv,oil_mom_3m,total_gain,0.0,macro
NOR_1Y,5,Block_GFC,GFC,block_cv,copper_mom_1m,total_gain,0.0,macro
NOR_1Y,5,Block_GFC,GFC,block_cv,opec_prod,total_gain,0.0,macro
NOR_1Y,5,Block_GFC,GFC,block_cv,natgas_mom_1m,total_gain,0.21512529253959656,macro
NOR_1Y,5,Block_GFC,GFC,block_cv,be5y_level,total_gain,0.034878578037023544,macro
NOR_1Y,5,Block_GFC,GFC,block_cv,be10y_level,total_gain,0.0,macro
NOR_1Y,5,Block_GFC,GFC,block_cv,be_slope,total_gain,0.0,macro
NOR_1Y,5,Block_GFC,GFC,block_cv,be5y_chg_1m,total_gain,0.0,macro
NOR_1Y,5,Block_GFC,GFC,block_cv,ig_spread,total_gain,0.0,credit
NOR_1Y,5,Block_GFC,GFC,block_cv,hy_spread,total_gain,0.21597757935523987,credit
NOR_1Y,5,Block_GFC,GFC,block_cv,ig_chg_1m,total_gain,0.0,credit
NOR_1Y,5,Block_GFC,GFC,block_cv,hy_chg_1m,total_gain,0.0,credit
NOR_1Y,5,Block_GFC,GFC,block_cv,cpi_yoy,total_gain,0.16083581745624542,macro
NOR_1Y,5,Block_GFC,GFC,block_cv,pce_core_chg,total_gain,0.0,macro
NOR_1Y,5,Block_GFC,GFC,block_cv,nfp_change,total_gain,0.0,macro
NOR_1Y,5,Block_GFC,GFC,block_cv,pmi_us,total_gain,0.0,macro
NOR_1Y,5,Block_GFC,GFC,block_cv,pmi_eur,total_gain,0.08219507336616516,macro
NOR_1Y,5,Block_GFC,GFC,block_cv,unemp_eur,total_gain,0.0,macro
NOR_1Y,5,Block_GFC,GFC,block_cv,cpi_nsa_level,total_gain,0.0,macro
NOR_1Y,5,Block_GFC,GFC,block_cv,pce_core_level,total_gain,0.0,macro
NOR_1Y,5,Block_GFC,GFC,block_cv,eur_3m,total_gain,0.0,macro
NOR_1Y,5,Block_GFC,GFC,block_cv,eur_1w,total_gain,0.0,macro
NOR_1Y,5,Block_GFC,GFC,block_cv,nor_ibor_1m,total_gain,0.0,norway
NOR_1Y,5,Block_GFC,GFC,block_cv,nor_ibor_6m,total_gain,0.0,norway
NOR_1Y,5,Block_GFC,GFC,block_cv,nor_ecb_dfr_chg,total_gain,0.0,norway
NOR_1Y,5,Block_GFC,GFC,block_cv,nor_ecb_dfr_level,total_gain,0.0,norway
NOR_1Y,5,Block_GFC,GFC,block_cv,nor_eurnok_chg_1d,total_gain,0.0,norway
NOR_1Y,5,Block_GFC,GFC,block_cv,nor_eurnok_level,total_gain,0.01601133495569229,norway
NOR_1Y,5,Block_GFC,GFC,block_cv,nor_eurnok_mom_1m,total_gain,0.0,norway
NOR_1Y,5,Block_GFC,GFC,block_cv,nor_eurnok_mom_3m,total_gain,0.0,norway
NOR_1Y,5,Block_GFC,GFC,block_cv,nor_eurnok_rvol_20d,total_gain,0.0,norway
NOR_1Y,5,Block_GFC,GFC,block_cv,nor_govt_10y,total_gain,0.0,norway
NOR_1Y,5,Block_GFC,GFC,block_cv,nor_govt_3y,total_gain,0.15036648511886597,norway
NOR_1Y,5,Block_GFC,GFC,block_cv,nor_govt_5y,total_gain,0.0,norway
NOR_1Y,5,Block_GFC,GFC,block_cv,nor_i44_chg_1d,total_gain,0.0,norway
NOR_1Y,5,Block_GFC,GFC,block_cv,nor_i44_level,total_gain,0.0,norway
NOR_1Y,5,Block_GFC,GFC,block_cv,nor_i44_mom_1m,total_gain,0.1161218136548996,norway
NOR_1Y,5,Block_GFC,GFC,block_cv,nor_i44_mom_3m,total_gain,0.0,norway
NOR_1Y,5,Block_GFC,GFC,block_cv,nor_i44_rvol_20d,total_gain,0.0,norway
NOR_1Y,5,Block_GFC,GFC,block_cv,nor_kpi_yoy,total_gain,0.06252428144216537,norway
NOR_1Y,5,Block_GFC,GFC,block_cv,nor_kpijae_yoy,total_gain,0.0,norway
NOR_1Y,5,Block_GFC,GFC,block_cv,nor_nibor_nowa_spread,total_gain,0.04029535874724388,norway
NOR_1Y,5,Block_GFC,GFC,block_cv,nor_nowa_level,total_gain,0.0,norway
NOR_1Y,5,Block_GFC,GFC,block_cv,nor_polrate_chg_1d,total_gain,0.0,norway
NOR_1Y,5,Block_GFC,GFC,block_cv,nor_polrate_days_since_chg,total_gain,0.07947778701782227,norway
NOR_1Y,5,Block_GFC,GFC,block_cv,nor_polrate_level,total_gain,0.0,norway
NOR_1Y,5,Block_GFC,GFC,block_cv,nor_rb_rate_chg,total_gain,0.0,norway
NOR_1Y,5,Block_GFC,GFC,block_cv,nor_rb_rate_level,total_gain,0.0,norway
NOR_1Y,5,Block_GFC,GFC,block_cv,nor_unemp,total_gain,0.0,norway
NOR_1Y,5,Block_GFC,GFC,block_cv,nor_usdnok_chg_1d,total_gain,0.0,norway
NOR_1Y,5,Block_GFC,GFC,block_cv,nor_usdnok_level,total_gain,0.0694536566734314,norway
NOR_1Y,5,Block_GFC,GFC,block_cv,nor_usdnok_mom_1m,total_gain,0.0,norway
NOR_1Y,5,Block_GFC,GFC,block_cv,nor_usdnok_mom_3m,total_gain,0.0,norway
NOR_1Y,5,Block_GFC,GFC,block_cv,nor_usdnok_rvol_20d,total_gain,0.05394291877746582,norway
NOR_1Y,5,Block_GFC,GFC,block_cv,swap_govt_spread,total_gain,0.0,norway
NOR_1Y,5,Block_GFC,GFC,block_cv,xmpca_01,total_gain,0.0,cross_market
NOR_1Y,5,Block_GFC,GFC,block_cv,xmpca_02,total_gain,0.075466088950634,cross_market
NOR_1Y,5,Block_GFC,GFC,block_cv,xmpca_03,total_gain,0.0,cross_market
NOR_1Y,5,Block_GFC,GFC,block_cv,xmpca_04,total_gain,0.0,cross_market
NOR_1Y,5,Block_GFC,GFC,block_cv,xmpca_05,total_gain,0.0,cross_market
NOR_1Y,5,Block_GFC,GFC,block_cv,xmpca_06,total_gain,0.0,cross_market
NOR_1Y,5,Block_GFC,GFC,block_cv,xmpca_07,total_gain,0.0,cross_market
NOR_1Y,5,Block_GFC,GFC,block_cv,xmpca_08,total_gain,0.0,cross_market
NOR_1Y,5,Block_GFC,GFC,block_cv,xmpca_09,total_gain,0.0,cross_market
NOR_1Y,5,Block_GFC,GFC,block_cv,xmpca_10,total_gain,0.0,cross_market
NOR_1Y,5,Block_GFC,GFC,block_cv,xmpca_11,total_gain,0.0,cross_market
NOR_1Y,5,Block_GFC,GFC,block_cv,xmpca_12,total_gain,0.0,cross_market
NOR_1Y,5,Block_GFC,GFC,block_cv,chg_lag1,total_cover,0.0,momentum
NOR_1Y,5,Block_GFC,GFC,block_cv,chg_lag2,total_cover,0.0,momentum
NOR_1Y,5,Block_GFC,GFC,block_cv,chg_lag3,total_cover,0.0,momentum
NOR_1Y,5,Block_GFC,GFC,block_cv,chg_lag4,total_cover,0.0,momentum
NOR_1Y,5,Block_GFC,GFC,block_cv,chg_lag5,total_cover,0.0,momentum
NOR_1Y,5,Block_GFC,GFC,block_cv,carry_roll,total_cover,0.0,carry_roll
NOR_1Y,5,Block_GFC,GFC,block_cv,mom_63d,total_cover,1806.0,momentum
NOR_1Y,5,Block_GFC,GFC,block_cv,mom_1m,total_cover,0.0,momentum
NOR_1Y,5,Block_GFC,GFC,block_cv,mom_3m,total_cover,7155.0,momentum
NOR_1Y,5,Block_GFC,GFC,block_cv,mom_6m,total_cover,0.0,momentum
NOR_1Y,5,Block_GFC,GFC,block_cv,mom_12m,total_cover,0.0,momentum
NOR_1Y,5,Block_GFC,GFC,block_cv,dev_ma_3m,total_cover,6148.0,curve
NOR_1Y,5,Block_GFC,GFC,block_cv,dev_ma_12m,total_cover,0.0,curve
NOR_1Y,5,Block_GFC,GFC,block_cv,vol_20d,total_cover,1657.0,vol
NOR_1Y,5,Block_GFC,GFC,block_cv,vol_regime,total_cover,0.0,vol
NOR_1Y,5,Block_GFC,GFC,block_cv,vol_zscore,total_cover,0.0,vol
NOR_1Y,5,Block_GFC,GFC,block_cv,level_zscore,total_cover,0.0,curve
NOR_1Y,5,Block_GFC,GFC,block_cv,slope_10_1,total_cover,0.0,curve
NOR_1Y,5,Block_GFC,GFC,block_cv,slope_10_5,total_cover,0.0,curve
NOR_1Y,5,Block_GFC,GFC,block_cv,slope_5_1,total_cover,0.0,curve
NOR_1Y,5,Block_GFC,GFC,block_cv,sofr_mom_1m,total_cover,0.0,macro
NOR_1Y,5,Block_GFC,GFC,block_cv,ibor_level,total_cover,4097.0,macro
NOR_1Y,5,Block_GFC,GFC,block_cv,ibor_chg_1d,total_cover,0.0,macro
NOR_1Y,5,Block_GFC,GFC,block_cv,ibor_mom_1m,total_cover,34.0,macro
NOR_1Y,5,Block_GFC,GFC,block_cv,ibor_term_slope,total_cover,1492.0,macro
NOR_1Y,5,Block_GFC,GFC,block_cv,swap_ibor_basis,total_cover,0.0,curve
NOR_1Y,5,Block_GFC,GFC,block_cv,move_level,total_cover,0.0,vol
NOR_1Y,5,Block_GFC,GFC,block_cv,move_zscore,total_cover,0.0,vol
NOR_1Y,5,Block_GFC,GFC,block_cv,vix_level,total_cover,0.0,vol
NOR_1Y,5,Block_GFC,GFC,block_cv,vix_zscore,total_cover,0.0,vol
NOR_1Y,5,Block_GFC,GFC,block_cv,v2x_level,total_cover,0.0,vol
NOR_1Y,5,Block_GFC,GFC,block_cv,vxn_level,total_cover,0.0,vol
NOR_1Y,5,Block_GFC,GFC,block_cv,ovx_level,total_cover,0.0,vol
NOR_1Y,5,Block_GFC,GFC,block_cv,gvz_level,total_cover,0.0,vol
NOR_1Y,5,Block_GFC,GFC,block_cv,spx_mom_1m,total_cover,1656.0,macro
NOR_1Y,5,Block_GFC,GFC,block_cv,spx_mom_3m,total_cover,200.0,macro
NOR_1Y,5,Block_GFC,GFC,block_cv,sx5e_mom_1m,total_cover,0.0,macro
NOR_1Y,5,Block_GFC,GFC,block_cv,sx5e_mom_3m,total_cover,0.0,macro
NOR_1Y,5,Block_GFC,GFC,block_cv,mxwo_mom_1m,total_cover,144.0,macro
NOR_1Y,5,Block_GFC,GFC,block_cv,ndx_mom_1m,total_cover,0.0,macro
NOR_1Y,5,Block_GFC,GFC,block_cv,oil_mom_1m,total_cover,0.0,macro
NOR_1Y,5,Block_GFC,GFC,block_cv,oil_mom_3m,total_cover,0.0,macro
NOR_1Y,5,Block_GFC,GFC,block_cv,copper_mom_1m,total_cover,0.0,macro
NOR_1Y,5,Block_GFC,GFC,block_cv,opec_prod,total_cover,0.0,macro
NOR_1Y,5,Block_GFC,GFC,block_cv,natgas_mom_1m,total_cover,891.0,macro
NOR_1Y,5,Block_GFC,GFC,block_cv,be5y_level,total_cover,1487.0,macro
NOR_1Y,5,Block_GFC,GFC,block_cv,be10y_level,total_cover,0.0,macro
NOR_1Y,5,Block_GFC,GFC,block_cv,be_slope,total_cover,0.0,macro
NOR_1Y,5,Block_GFC,GFC,block_cv,be5y_chg_1m,total_cover,0.0,macro
NOR_1Y,5,Block_GFC,GFC,block_cv,ig_spread,total_cover,0.0,credit
NOR_1Y,5,Block_GFC,GFC,block_cv,hy_spread,total_cover,711.0,credit
NOR_1Y,5,Block_GFC,GFC,block_cv,ig_chg_1m,total_cover,0.0,credit
NOR_1Y,5,Block_GFC,GFC,block_cv,hy_chg_1m,total_cover,0.0,credit
NOR_1Y,5,Block_GFC,GFC,block_cv,cpi_yoy,total_cover,1831.0,macro
NOR_1Y,5,Block_GFC,GFC,block_cv,pce_core_chg,total_cover,0.0,macro
NOR_1Y,5,Block_GFC,GFC,block_cv,nfp_change,total_cover,0.0,macro
NOR_1Y,5,Block_GFC,GFC,block_cv,pmi_us,total_cover,0.0,macro
NOR_1Y,5,Block_GFC,GFC,block_cv,pmi_eur,total_cover,311.0,macro
NOR_1Y,5,Block_GFC,GFC,block_cv,unemp_eur,total_cover,0.0,macro
NOR_1Y,5,Block_GFC,GFC,block_cv,cpi_nsa_level,total_cover,0.0,macro
NOR_1Y,5,Block_GFC,GFC,block_cv,pce_core_level,total_cover,0.0,macro
NOR_1Y,5,Block_GFC,GFC,block_cv,eur_3m,total_cover,0.0,macro
NOR_1Y,5,Block_GFC,GFC,block_cv,eur_1w,total_cover,0.0,macro
NOR_1Y,5,Block_GFC,GFC,block_cv,nor_ibor_1m,total_cover,0.0,norway
NOR_1Y,5,Block_GFC,GFC,block_cv,nor_ibor_6m,total_cover,0.0,norway
NOR_1Y,5,Block_GFC,GFC,block_cv,nor_ecb_dfr_chg,total_cover,0.0,norway
NOR_1Y,5,Block_GFC,GFC,block_cv,nor_ecb_dfr_level,total_cover,0.0,norway
NOR_1Y,5,Block_GFC,GFC,block_cv,nor_eurnok_chg_1d,total_cover,0.0,norway
NOR_1Y,5,Block_GFC,GFC,block_cv,nor_eurnok_level,total_cover,73.0,norway
NOR_1Y,5,Block_GFC,GFC,block_cv,nor_eurnok_mom_1m,total_cover,0.0,norway
NOR_1Y,5,Block_GFC,GFC,block_cv,nor_eurnok_mom_3m,total_cover,0.0,norway
NOR_1Y,5,Block_GFC,GFC,block_cv,nor_eurnok_rvol_20d,total_cover,0.0,norway
NOR_1Y,5,Block_GFC,GFC,block_cv,nor_govt_10y,total_cover,0.0,norway
NOR_1Y,5,Block_GFC,GFC,block_cv,nor_govt_3y,total_cover,235.0,norway
NOR_1Y,5,Block_GFC,GFC,block_cv,nor_govt_5y,total_cover,0.0,norway
NOR_1Y,5,Block_GFC,GFC,block_cv,nor_i44_chg_1d,total_cover,0.0,norway
NOR_1Y,5,Block_GFC,GFC,block_cv,nor_i44_level,total_cover,0.0,norway
NOR_1Y,5,Block_GFC,GFC,block_cv,nor_i44_mom_1m,total_cover,382.0,norway
NOR_1Y,5,Block_GFC,GFC,block_cv,nor_i44_mom_3m,total_cover,0.0,norway
NOR_1Y,5,Block_GFC,GFC,block_cv,nor_i44_rvol_20d,total_cover,0.0,norway
NOR_1Y,5,Block_GFC,GFC,block_cv,nor_kpi_yoy,total_cover,314.0,norway
NOR_1Y,5,Block_GFC,GFC,block_cv,nor_kpijae_yoy,total_cover,0.0,norway
NOR_1Y,5,Block_GFC,GFC,block_cv,nor_nibor_nowa_spread,total_cover,1514.0,norway
NOR_1Y,5,Block_GFC,GFC,block_cv,nor_nowa_level,total_cover,0.0,norway
NOR_1Y,5,Block_GFC,GFC,block_cv,nor_polrate_chg_1d,total_cover,0.0,norway
NOR_1Y,5,Block_GFC,GFC,block_cv,nor_polrate_days_since_chg,total_cover,153.0,norway
NOR_1Y,5,Block_GFC,GFC,block_cv,nor_polrate_level,total_cover,0.0,norway
NOR_1Y,5,Block_GFC,GFC,block_cv,nor_rb_rate_chg,total_cover,0.0,norway
NOR_1Y,5,Block_GFC,GFC,block_cv,nor_rb_rate_level,total_cover,0.0,norway
NOR_1Y,5,Block_GFC,GFC,block_cv,nor_unemp,total_cover,0.0,norway
NOR_1Y,5,Block_GFC,GFC,block_cv,nor_usdnok_chg_1d,total_cover,0.0,norway
NOR_1Y,5,Block_GFC,GFC,block_cv,nor_usdnok_level,total_cover,147.0,norway
NOR_1Y,5,Block_GFC,GFC,block_cv,nor_usdnok_mom_1m,total_cover,0.0,norway
NOR_1Y,5,Block_GFC,GFC,block_cv,nor_usdnok_mom_3m,total_cover,0.0,norway
NOR_1Y,5,Block_GFC,GFC,block_cv,nor_usdnok_rvol_20d,total_cover,114.0,norway
NOR_1Y,5,Block_GFC,GFC,block_cv,swap_govt_spread,total_cover,0.0,norway
NOR_1Y,5,Block_GFC,GFC,block_cv,xmpca_01,total_cover,0.0,cross_market
NOR_1Y,5,Block_GFC,GFC,block_cv,xmpca_02,total_cover,21.0,cross_market
NOR_1Y,5,Block_GFC,GFC,block_cv,xmpca_03,total_cover,0.0,cross_market
NOR_1Y,5,Block_GFC,GFC,block_cv,xmpca_04,total_cover,0.0,cross_market
NOR_1Y,5,Block_GFC,GFC,block_cv,xmpca_05,total_cover,0.0,cross_market
NOR_1Y,5,Block_GFC,GFC,block_cv,xmpca_06,total_cover,0.0,cross_market
NOR_1Y,5,Block_GFC,GFC,block_cv,xmpca_07,total_cover,0.0,cross_market
NOR_1Y,5,Block_GFC,GFC,block_cv,xmpca_08,total_cover,0.0,cross_market
NOR_1Y,5,Block_GFC,GFC,block_cv,xmpca_09,total_cover,0.0,cross_market
NOR_1Y,5,Block_GFC,GFC,block_cv,xmpca_10,total_cover,0.0,cross_market
NOR_1Y,5,Block_GFC,GFC,block_cv,xmpca_11,total_cover,0.0,cross_market
NOR_1Y,5,Block_GFC,GFC,block_cv,xmpca_12,total_cover,0.0,cross_market
NOR_1Y,5,Block_GFC,GFC,block_cv,chg_lag1,shap_mean_abs,0.0,momentum
NOR_1Y,5,Block_GFC,GFC,block_cv,chg_lag2,shap_mean_abs,0.0,momentum
NOR_1Y,5,Block_GFC,GFC,block_cv,chg_lag3,shap_mean_abs,0.0,momentum
NOR_1Y,5,Block_GFC,GFC,block_cv,chg_lag4,shap_mean_abs,0.0,momentum
NOR_1Y,5,Block_GFC,GFC,block_cv,chg_lag5,shap_mean_abs,0.0,momentum
NOR_1Y,5,Block_GFC,GFC,block_cv,carry_roll,shap_mean_abs,0.0,carry_roll
NOR_1Y,5,Block_GFC,GFC,block_cv,mom_63d,shap_mean_abs,0.0004677311808336526,momentum
NOR_1Y,5,Block_GFC,GFC,block_cv,mom_1m,shap_mean_abs,0.0,momentum
NOR_1Y,5,Block_GFC,GFC,block_cv,mom_3m,shap_mean_abs,0.0012654666788876057,momentum
NOR_1Y,5,Block_GFC,GFC,block_cv,mom_6m,shap_mean_abs,0.0,momentum
NOR_1Y,5,Block_GFC,GFC,block_cv,mom_12m,shap_mean_abs,0.0,momentum
NOR_1Y,5,Block_GFC,GFC,block_cv,dev_ma_3m,shap_mean_abs,0.0007738244603388011,curve
NOR_1Y,5,Block_GFC,GFC,block_cv,dev_ma_12m,shap_mean_abs,0.0,curve
NOR_1Y,5,Block_GFC,GFC,block_cv,vol_20d,shap_mean_abs,0.00036759546492248774,vol
NOR_1Y,5,Block_GFC,GFC,block_cv,vol_regime,shap_mean_abs,0.0,vol
NOR_1Y,5,Block_GFC,GFC,block_cv,vol_zscore,shap_mean_abs,0.0,vol
NOR_1Y,5,Block_GFC,GFC,block_cv,level_zscore,shap_mean_abs,0.0,curve
NOR_1Y,5,Block_GFC,GFC,block_cv,slope_10_1,shap_mean_abs,0.0,curve
NOR_1Y,5,Block_GFC,GFC,block_cv,slope_10_5,shap_mean_abs,0.0,curve
NOR_1Y,5,Block_GFC,GFC,block_cv,slope_5_1,shap_mean_abs,0.0,curve
NOR_1Y,5,Block_GFC,GFC,block_cv,sofr_mom_1m,shap_mean_abs,0.0,macro
NOR_1Y,5,Block_GFC,GFC,block_cv,ibor_level,shap_mean_abs,0.0009320221724919975,macro
NOR_1Y,5,Block_GFC,GFC,block_cv,ibor_chg_1d,shap_mean_abs,0.0,macro
NOR_1Y,5,Block_GFC,GFC,block_cv,ibor_mom_1m,shap_mean_abs,0.00017280613246839494,macro
NOR_1Y,5,Block_GFC,GFC,block_cv,ibor_term_slope,shap_mean_abs,2.9248472856124863e-05,macro
NOR_1Y,5,Block_GFC,GFC,block_cv,swap_ibor_basis,shap_mean_abs,0.0,curve
NOR_1Y,5,Block_GFC,GFC,block_cv,move_level,shap_mean_abs,0.0,vol
NOR_1Y,5,Block_GFC,GFC,block_cv,move_zscore,shap_mean_abs,0.0,vol
NOR_1Y,5,Block_GFC,GFC,block_cv,vix_level,shap_mean_abs,0.0,vol
NOR_1Y,5,Block_GFC,GFC,block_cv,vix_zscore,shap_mean_abs,0.0,vol
NOR_1Y,5,Block_GFC,GFC,block_cv,v2x_level,shap_mean_abs,0.0,vol
NOR_1Y,5,Block_GFC,GFC,block_cv,vxn_level,shap_mean_abs,0.0,vol
NOR_1Y,5,Block_GFC,GFC,block_cv,ovx_level,shap_mean_abs,0.0,vol
NOR_1Y,5,Block_GFC,GFC,block_cv,gvz_level,shap_mean_abs,0.0,vol
NOR_1Y,5,Block_GFC,GFC,block_cv,spx_mom_1m,shap_mean_abs,0.00016690439952071756,macro
NOR_1Y,5,Block_GFC,GFC,block_cv,spx_mom_3m,shap_mean_abs,0.00011089724284829572,macro
NOR_1Y,5,Block_GFC,GFC,block_cv,sx5e_mom_1m,shap_mean_abs,0.0,macro
NOR_1Y,5,Block_GFC,GFC,block_cv,sx5e_mom_3m,shap_mean_abs,0.0,macro
NOR_1Y,5,Block_GFC,GFC,block_cv,mxwo_mom_1m,shap_mean_abs,6.581385241588578e-05,macro
NOR_1Y,5,Block_GFC,GFC,block_cv,ndx_mom_1m,shap_mean_abs,0.0,macro
NOR_1Y,5,Block_GFC,GFC,block_cv,oil_mom_1m,shap_mean_abs,0.0,macro
NOR_1Y,5,Block_GFC,GFC,block_cv,oil_mom_3m,shap_mean_abs,0.0,macro
NOR_1Y,5,Block_GFC,GFC,block_cv,copper_mom_1m,shap_mean_abs,0.0,macro
NOR_1Y,5,Block_GFC,GFC,block_cv,opec_prod,shap_mean_abs,0.0,macro
NOR_1Y,5,Block_GFC,GFC,block_cv,natgas_mom_1m,shap_mean_abs,0.0005200974992476404,macro
NOR_1Y,5,Block_GFC,GFC,block_cv,be5y_level,shap_mean_abs,5.595102265942842e-05,macro
NOR_1Y,5,Block_GFC,GFC,block_cv,be10y_level,shap_mean_abs,0.0,macro
NOR_1Y,5,Block_GFC,GFC,block_cv,be_slope,shap_mean_abs,0.0,macro
NOR_1Y,5,Block_GFC,GFC,block_cv,be5y_chg_1m,shap_mean_abs,0.0,macro
NOR_1Y,5,Block_GFC,GFC,block_cv,ig_spread,shap_mean_abs,0.0,credit
NOR_1Y,5,Block_GFC,GFC,block_cv,hy_spread,shap_mean_abs,3.145442678942345e-05,credit
NOR_1Y,5,Block_GFC,GFC,block_cv,ig_chg_1m,shap_mean_abs,0.0,credit
NOR_1Y,5,Block_GFC,GFC,block_cv,hy_chg_1m,shap_mean_abs,0.0,credit
NOR_1Y,5,Block_GFC,GFC,block_cv,cpi_yoy,shap_mean_abs,0.0004446494858711958,macro
NOR_1Y,5,Block_GFC,GFC,block_cv,pce_core_chg,shap_mean_abs,0.0,macro
NOR_1Y,5,Block_GFC,GFC,block_cv,nfp_change,shap_mean_abs,0.0,macro
NOR_1Y,5,Block_GFC,GFC,block_cv,pmi_us,shap_mean_abs,0.0,macro
NOR_1Y,5,Block_GFC,GFC,block_cv,pmi_eur,shap_mean_abs,0.00016050795966293663,macro
NOR_1Y,5,Block_GFC,GFC,block_cv,unemp_eur,shap_mean_abs,0.0,macro
NOR_1Y,5,Block_GFC,GFC,block_cv,cpi_nsa_level,shap_mean_abs,0.0,macro
NOR_1Y,5,Block_GFC,GFC,block_cv,pce_core_level,shap_mean_abs,0.0,macro
NOR_1Y,5,Block_GFC,GFC,block_cv,eur_3m,shap_mean_abs,0.0,macro
NOR_1Y,5,Block_GFC,GFC,block_cv,eur_1w,shap_mean_abs,0.0,macro
NOR_1Y,5,Block_GFC,GFC,block_cv,nor_ibor_1m,shap_mean_abs,0.0,norway
NOR_1Y,5,Block_GFC,GFC,block_cv,nor_ibor_6m,shap_mean_abs,0.0,norway
NOR_1Y,5,Block_GFC,GFC,block_cv,nor_ecb_dfr_chg,shap_mean_abs,0.0,norway
NOR_1Y,5,Block_GFC,GFC,block_cv,nor_ecb_dfr_level,shap_mean_abs,0.0,norway
NOR_1Y,5,Block_GFC,GFC,block_cv,nor_eurnok_chg_1d,shap_mean_abs,0.0,norway
NOR_1Y,5,Block_GFC,GFC,block_cv,nor_eurnok_level,shap_mean_abs,2.1992642359691672e-05,norway
NOR_1Y,5,Block_GFC,GFC,block_cv,nor_eurnok_mom_1m,shap_mean_abs,0.0,norway
NOR_1Y,5,Block_GFC,GFC,block_cv,nor_eurnok_mom_3m,shap_mean_abs,0.0,norway
NOR_1Y,5,Block_GFC,GFC,block_cv,nor_eurnok_rvol_20d,shap_mean_abs,0.0,norway
NOR_1Y,5,Block_GFC,GFC,block_cv,nor_govt_10y,shap_mean_abs,0.0,norway
NOR_1Y,5,Block_GFC,GFC,block_cv,nor_govt_3y,shap_mean_abs,5.077790410723537e-05,norway
NOR_1Y,5,Block_GFC,GFC,block_cv,nor_govt_5y,shap_mean_abs,0.0,norway
NOR_1Y,5,Block_GFC,GFC,block_cv,nor_i44_chg_1d,shap_mean_abs,0.0,norway
NOR_1Y,5,Block_GFC,GFC,block_cv,nor_i44_level,shap_mean_abs,0.0,norway
NOR_1Y,5,Block_GFC,GFC,block_cv,nor_i44_mom_1m,shap_mean_abs,7.319942233152688e-05,norway
NOR_1Y,5,Block_GFC,GFC,block_cv,nor_i44_mom_3m,shap_mean_abs,0.0,norway
NOR_1Y,5,Block_GFC,GFC,block_cv,nor_i44_rvol_20d,shap_mean_abs,0.0,norway
NOR_1Y,5,Block_GFC,GFC,block_cv,nor_kpi_yoy,shap_mean_abs,0.00014895308413542807,norway
NOR_1Y,5,Block_GFC,GFC,block_cv,nor_kpijae_yoy,shap_mean_abs,0.0,norway
NOR_1Y,5,Block_GFC,GFC,block_cv,nor_nibor_nowa_spread,shap_mean_abs,0.00022297432587947696,norway
NOR_1Y,5,Block_GFC,GFC,block_cv,nor_nowa_level,shap_mean_abs,0.0,norway
NOR_1Y,5,Block_GFC,GFC,block_cv,nor_polrate_chg_1d,shap_mean_abs,0.0,norway
NOR_1Y,5,Block_GFC,GFC,block_cv,nor_polrate_days_since_chg,shap_mean_abs,0.00016426955698989332,norway
NOR_1Y,5,Block_GFC,GFC,block_cv,nor_polrate_level,shap_mean_abs,0.0,norway
NOR_1Y,5,Block_GFC,GFC,block_cv,nor_rb_rate_chg,shap_mean_abs,0.0,norway
NOR_1Y,5,Block_GFC,GFC,block_cv,nor_rb_rate_level,shap_mean_abs,0.0,norway
NOR_1Y,5,Block_GFC,GFC,block_cv,nor_unemp,shap_mean_abs,0.0,norway
NOR_1Y,5,Block_GFC,GFC,block_cv,nor_usdnok_chg_1d,shap_mean_abs,0.0,norway
NOR_1Y,5,Block_GFC,GFC,block_cv,nor_usdnok_level,shap_mean_abs,6.70747976982966e-05,norway
NOR_1Y,5,Block_GFC,GFC,block_cv,nor_usdnok_mom_1m,shap_mean_abs,0.0,norway
NOR_1Y,5,Block_GFC,GFC,block_cv,nor_usdnok_mom_3m,shap_mean_abs,0.0,norway
NOR_1Y,5,Block_GFC,GFC,block_cv,nor_usdnok_rvol_20d,shap_mean_abs,4.6963654313003644e-05,norway
NOR_1Y,5,Block_GFC,GFC,block_cv,swap_govt_spread,shap_mean_abs,0.0,norway
NOR_1Y,5,Block_GFC,GFC,block_cv,xmpca_01,shap_mean_abs,0.0,cross_market
NOR_1Y,5,Block_GFC,GFC,block_cv,xmpca_02,shap_mean_abs,1.4234212358132936e-05,cross_market
NOR_1Y,5,Block_GFC,GFC,block_cv,xmpca_03,shap_mean_abs,0.0,cross_market
NOR_1Y,5,Block_GFC,GFC,block_cv,xmpca_04,shap_mean_abs,0.0,cross_market
NOR_1Y,5,Block_GFC,GFC,block_cv,xmpca_05,shap_mean_abs,0.0,cross_market
NOR_1Y,5,Block_GFC,GFC,block_cv,xmpca_06,shap_mean_abs,0.0,cross_market
NOR_1Y,5,Block_GFC,GFC,block_cv,xmpca_07,shap_mean_abs,0.0,cross_market
NOR_1Y,5,Block_GFC,GFC,block_cv,xmpca_08,shap_mean_abs,0.0,cross_market
NOR_1Y,5,Block_GFC,GFC,block_cv,xmpca_09,shap_mean_abs,0.0,cross_market
NOR_1Y,5,Block_GFC,GFC,block_cv,xmpca_10,shap_mean_abs,0.0,cross_market
NOR_1Y,5,Block_GFC,GFC,block_cv,xmpca_11,shap_mean_abs,0.0,cross_market
NOR_1Y,5,Block_GFC,GFC,block_cv,xmpca_12,shap_mean_abs,0.0,cross_market
NOR_1Y,5,Block_ZIRP,ZIRP,block_cv,chg_lag1,gain,8.004368282854557e-05,momentum
NOR_1Y,5,Block_ZIRP,ZIRP,block_cv,chg_lag2,gain,0.00041049494757317007,momentum
NOR_1Y,5,Block_ZIRP,ZIRP,block_cv,chg_lag3,gain,0.023899376392364502,momentum
NOR_1Y,5,Block_ZIRP,ZIRP,block_cv,chg_lag4,gain,0.0,momentum
NOR_1Y,5,Block_ZIRP,ZIRP,block_cv,chg_lag5,gain,0.030520915985107422,momentum
NOR_1Y,5,Block_ZIRP,ZIRP,block_cv,carry_roll,gain,0.0002908871974796057,carry_roll
NOR_1Y,5,Block_ZIRP,ZIRP,block_cv,mom_63d,gain,0.0017540296539664268,momentum
NOR_1Y,5,Block_ZIRP,ZIRP,block_cv,mom_1m,gain,0.1006753072142601,momentum
NOR_1Y,5,Block_ZIRP,ZIRP,block_cv,mom_3m,gain,0.21568995714187622,momentum
NOR_1Y,5,Block_ZIRP,ZIRP,block_cv,mom_6m,gain,0.0,momentum
NOR_1Y,5,Block_ZIRP,ZIRP,block_cv,mom_12m,gain,0.0,momentum
NOR_1Y,5,Block_ZIRP,ZIRP,block_cv,dev_ma_3m,gain,0.0,curve
NOR_1Y,5,Block_ZIRP,ZIRP,block_cv,dev_ma_12m,gain,0.0,curve
NOR_1Y,5,Block_ZIRP,ZIRP,block_cv,vol_20d,gain,0.0,vol
NOR_1Y,5,Block_ZIRP,ZIRP,block_cv,vol_regime,gain,0.0,vol
NOR_1Y,5,Block_ZIRP,ZIRP,block_cv,vol_zscore,gain,0.036380473524332047,vol
NOR_1Y,5,Block_ZIRP,ZIRP,block_cv,level_zscore,gain,0.2248987853527069,curve
NOR_1Y,5,Block_ZIRP,ZIRP,block_cv,slope_10_1,gain,0.0,curve
NOR_1Y,5,Block_ZIRP,ZIRP,block_cv,slope_10_5,gain,0.0,curve
NOR_1Y,5,Block_ZIRP,ZIRP,block_cv,slope_5_1,gain,0.0,curve
NOR_1Y,5,Block_ZIRP,ZIRP,block_cv,sofr_mom_1m,gain,0.09206156432628632,macro
NOR_1Y,5,Block_ZIRP,ZIRP,block_cv,ibor_level,gain,0.0,macro
NOR_1Y,5,Block_ZIRP,ZIRP,block_cv,ibor_chg_1d,gain,0.07780063152313232,macro
NOR_1Y,5,Block_ZIRP,ZIRP,block_cv,ibor_mom_1m,gain,0.0,macro
NOR_1Y,5,Block_ZIRP,ZIRP,block_cv,ibor_term_slope,gain,0.0,macro
NOR_1Y,5,Block_ZIRP,ZIRP,block_cv,swap_ibor_basis,gain,0.0,curve
NOR_1Y,5,Block_ZIRP,ZIRP,block_cv,move_level,gain,0.21348746120929718,vol
NOR_1Y,5,Block_ZIRP,ZIRP,block_cv,move_zscore,gain,0.0,vol
NOR_1Y,5,Block_ZIRP,ZIRP,block_cv,vix_level,gain,0.0,vol
NOR_1Y,5,Block_ZIRP,ZIRP,block_cv,vix_zscore,gain,0.0,vol
NOR_1Y,5,Block_ZIRP,ZIRP,block_cv,v2x_level,gain,0.0,vol
NOR_1Y,5,Block_ZIRP,ZIRP,block_cv,vxn_level,gain,0.0,vol
NOR_1Y,5,Block_ZIRP,ZIRP,block_cv,ovx_level,gain,0.0,vol
NOR_1Y,5,Block_ZIRP,ZIRP,block_cv,gvz_level,gain,0.803737998008728,vol
NOR_1Y,5,Block_ZIRP,ZIRP,block_cv,spx_mom_1m,gain,0.027124814689159393,macro
NOR_1Y,5,Block_ZIRP,ZIRP,block_cv,spx_mom_3m,gain,0.0,macro
NOR_1Y,5,Block_ZIRP,ZIRP,block_cv,sx5e_mom_1m,gain,0.06768716871738434,macro
NOR_1Y,5,Block_ZIRP,ZIRP,block_cv,sx5e_mom_3m,gain,0.0,macro
NOR_1Y,5,Block_ZIRP,ZIRP,block_cv,mxwo_mom_1m,gain,0.03396470099687576,macro
NOR_1Y,5,Block_ZIRP,ZIRP,block_cv,ndx_mom_1m,gain,0.0,macro
NOR_1Y,5,Block_ZIRP,ZIRP,block_cv,oil_mom_1m,gain,0.0,macro
NOR_1Y,5,Block_ZIRP,ZIRP,block_cv,oil_mom_3m,gain,0.0,macro
NOR_1Y,5,Block_ZIRP,ZIRP,block_cv,copper_mom_1m,gain,0.03675774484872818,macro
NOR_1Y,5,Block_ZIRP,ZIRP,block_cv,opec_prod,gain,0.0664525032043457,macro
NOR_1Y,5,Block_ZIRP,ZIRP,block_cv,natgas_mom_1m,gain,0.0896655023097992,macro
NOR_1Y,5,Block_ZIRP,ZIRP,block_cv,be5y_level,gain,0.0,macro
NOR_1Y,5,Block_ZIRP,ZIRP,block_cv,be10y_level,gain,0.0,macro
NOR_1Y,5,Block_ZIRP,ZIRP,block_cv,be_slope,gain,0.0,macro
NOR_1Y,5,Block_ZIRP,ZIRP,block_cv,be5y_chg_1m,gain,0.0,macro
NOR_1Y,5,Block_ZIRP,ZIRP,block_cv,ig_spread,gain,0.0,credit
NOR_1Y,5,Block_ZIRP,ZIRP,block_cv,hy_spread,gain,0.0,credit
NOR_1Y,5,Block_ZIRP,ZIRP,block_cv,ig_chg_1m,gain,0.0,credit
NOR_1Y,5,Block_ZIRP,ZIRP,block_cv,hy_chg_1m,gain,0.0,credit
NOR_1Y,5,Block_ZIRP,ZIRP,block_cv,cpi_yoy,gain,0.07309648394584656,macro
NOR_1Y,5,Block_ZIRP,ZIRP,block_cv,pce_core_chg,gain,0.0,macro
NOR_1Y,5,Block_ZIRP,ZIRP,block_cv,nfp_change,gain,0.0,macro
NOR_1Y,5,Block_ZIRP,ZIRP,block_cv,pmi_us,gain,0.0,macro
NOR_1Y,5,Block_ZIRP,ZIRP,block_cv,pmi_eur,gain,0.07513564825057983,macro
NOR_1Y,5,Block_ZIRP,ZIRP,block_cv,unemp_eur,gain,0.0,macro
NOR_1Y,5,Block_ZIRP,ZIRP,block_cv,cpi_nsa_level,gain,0.0,macro
NOR_1Y,5,Block_ZIRP,ZIRP,block_cv,pce_core_level,gain,0.0,macro
NOR_1Y,5,Block_ZIRP,ZIRP,block_cv,eur_3m,gain,0.0,macro
NOR_1Y,5,Block_ZIRP,ZIRP,block_cv,eur_1w,gain,0.0,macro
NOR_1Y,5,Block_ZIRP,ZIRP,block_cv,nor_ibor_1m,gain,0.0,norway
NOR_1Y,5,Block_ZIRP,ZIRP,block_cv,nor_ibor_6m,gain,0.0,norway
NOR_1Y,5,Block_ZIRP,ZIRP,block_cv,nor_ecb_dfr_chg,gain,0.0,norway
NOR_1Y,5,Block_ZIRP,ZIRP,block_cv,nor_ecb_dfr_level,gain,0.0,norway
NOR_1Y,5,Block_ZIRP,ZIRP,block_cv,nor_eurnok_chg_1d,gain,0.11458852887153625,norway
NOR_1Y,5,Block_ZIRP,ZIRP,block_cv,nor_eurnok_level,gain,0.0,norway
NOR_1Y,5,Block_ZIRP,ZIRP,block_cv,nor_eurnok_mom_1m,gain,0.0,norway
NOR_1Y,5,Block_ZIRP,ZIRP,block_cv,nor_eurnok_mom_3m,gain,0.0,norway
NOR_1Y,5,Block_ZIRP,ZIRP,block_cv,nor_eurnok_rvol_20d,gain,0.05818186700344086,norway
NOR_1Y,5,Block_ZIRP,ZIRP,block_cv,nor_govt_10y,gain,0.0,norway
NOR_1Y,5,Block_ZIRP,ZIRP,block_cv,nor_govt_3y,gain,0.0,norway
NOR_1Y,5,Block_ZIRP,ZIRP,block_cv,nor_govt_5y,gain,0.0,norway
NOR_1Y,5,Block_ZIRP,ZIRP,block_cv,nor_i44_chg_1d,gain,0.0,norway
NOR_1Y,5,Block_ZIRP,ZIRP,block_cv,nor_i44_level,gain,0.0,norway
NOR_1Y,5,Block_ZIRP,ZIRP,block_cv,nor_i44_mom_1m,gain,0.0,norway
NOR_1Y,5,Block_ZIRP,ZIRP,block_cv,nor_i44_mom_3m,gain,0.0,norway
NOR_1Y,5,Block_ZIRP,ZIRP,block_cv,nor_i44_rvol_20d,gain,0.07456228137016296,norway
NOR_1Y,5,Block_ZIRP,ZIRP,block_cv,nor_kpi_yoy,gain,0.0,norway
NOR_1Y,5,Block_ZIRP,ZIRP,block_cv,nor_kpijae_yoy,gain,0.0,norway
NOR_1Y,5,Block_ZIRP,ZIRP,block_cv,nor_nibor_nowa_spread,gain,0.03390207141637802,norway
NOR_1Y,5,Block_ZIRP,ZIRP,block_cv,nor_nowa_level,gain,0.0,norway
NOR_1Y,5,Block_ZIRP,ZIRP,block_cv,nor_polrate_chg_1d,gain,0.0,norway
NOR_1Y,5,Block_ZIRP,ZIRP,block_cv,nor_polrate_days_since_chg,gain,0.0,norway
NOR_1Y,5,Block_ZIRP,ZIRP,block_cv,nor_polrate_level,gain,0.0,norway
NOR_1Y,5,Block_ZIRP,ZIRP,block_cv,nor_rb_rate_chg,gain,0.0,norway
NOR_1Y,5,Block_ZIRP,ZIRP,block_cv,nor_rb_rate_level,gain,0.0,norway
NOR_1Y,5,Block_ZIRP,ZIRP,block_cv,nor_unemp,gain,0.0,norway
NOR_1Y,5,Block_ZIRP,ZIRP,block_cv,nor_usdnok_chg_1d,gain,0.05246543884277344,norway
NOR_1Y,5,Block_ZIRP,ZIRP,block_cv,nor_usdnok_level,gain,0.0,norway
NOR_1Y,5,Block_ZIRP,ZIRP,block_cv,nor_usdnok_mom_1m,gain,0.0604744553565979,norway
NOR_1Y,5,Block_ZIRP,ZIRP,block_cv,nor_usdnok_mom_3m,gain,0.02194461226463318,norway
NOR_1Y,5,Block_ZIRP,ZIRP,block_cv,nor_usdnok_rvol_20d,gain,0.0,norway
NOR_1Y,5,Block_ZIRP,ZIRP,block_cv,swap_govt_spread,gain,0.0,norway
NOR_1Y,5,Block_ZIRP,ZIRP,block_cv,xmpca_01,gain,0.0,cross_market
NOR_1Y,5,Block_ZIRP,ZIRP,block_cv,xmpca_02,gain,0.0,cross_market
NOR_1Y,5,Block_ZIRP,ZIRP,block_cv,xmpca_03,gain,0.0,cross_market
NOR_1Y,5,Block_ZIRP,ZIRP,block_cv,xmpca_04,gain,0.0,cross_market
NOR_1Y,5,Block_ZIRP,ZIRP,block_cv,xmpca_05,gain,0.007843825034797192,cross_market
NOR_1Y,5,Block_ZIRP,ZIRP,block_cv,xmpca_06,gain,0.014380394481122494,cross_market
NOR_1Y,5,Block_ZIRP,ZIRP,block_cv,xmpca_07,gain,0.0,cross_market
NOR_1Y,5,Block_ZIRP,ZIRP,block_cv,xmpca_08,gain,0.0,cross_market
NOR_1Y,5,Block_ZIRP,ZIRP,block_cv,xmpca_09,gain,0.0,cross_market
NOR_1Y,5,Block_ZIRP,ZIRP,block_cv,xmpca_10,gain,0.11093279719352722,cross_market
NOR_1Y,5,Block_ZIRP,ZIRP,block_cv,xmpca_11,gain,0.0,cross_market
NOR_1Y,5,Block_ZIRP,ZIRP,block_cv,xmpca_12,gain,0.0,cross_market
NOR_1Y,5,Block_ZIRP,ZIRP,block_cv,chg_lag1,weight,2.0,momentum
NOR_1Y,5,Block_ZIRP,ZIRP,block_cv,chg_lag2,weight,2.0,momentum
NOR_1Y,5,Block_ZIRP,ZIRP,block_cv,chg_lag3,weight,1.0,momentum
NOR_1Y,5,Block_ZIRP,ZIRP,block_cv,chg_lag4,weight,0.0,momentum
NOR_1Y,5,Block_ZIRP,ZIRP,block_cv,chg_lag5,weight,1.0,momentum
NOR_1Y,5,Block_ZIRP,ZIRP,block_cv,carry_roll,weight,1.0,carry_roll
NOR_1Y,5,Block_ZIRP,ZIRP,block_cv,mom_63d,weight,1.0,momentum
NOR_1Y,5,Block_ZIRP,ZIRP,block_cv,mom_1m,weight,1.0,momentum
NOR_1Y,5,Block_ZIRP,ZIRP,block_cv,mom_3m,weight,1.0,momentum
NOR_1Y,5,Block_ZIRP,ZIRP,block_cv,mom_6m,weight,0.0,momentum
NOR_1Y,5,Block_ZIRP,ZIRP,block_cv,mom_12m,weight,0.0,momentum
NOR_1Y,5,Block_ZIRP,ZIRP,block_cv,dev_ma_3m,weight,0.0,curve
NOR_1Y,5,Block_ZIRP,ZIRP,block_cv,dev_ma_12m,weight,0.0,curve
NOR_1Y,5,Block_ZIRP,ZIRP,block_cv,vol_20d,weight,0.0,vol
NOR_1Y,5,Block_ZIRP,ZIRP,block_cv,vol_regime,weight,0.0,vol
NOR_1Y,5,Block_ZIRP,ZIRP,block_cv,vol_zscore,weight,1.0,vol
NOR_1Y,5,Block_ZIRP,ZIRP,block_cv,level_zscore,weight,1.0,curve
NOR_1Y,5,Block_ZIRP,ZIRP,block_cv,slope_10_1,weight,0.0,curve
NOR_1Y,5,Block_ZIRP,ZIRP,block_cv,slope_10_5,weight,0.0,curve
NOR_1Y,5,Block_ZIRP,ZIRP,block_cv,slope_5_1,weight,0.0,curve
NOR_1Y,5,Block_ZIRP,ZIRP,block_cv,sofr_mom_1m,weight,2.0,macro
NOR_1Y,5,Block_ZIRP,ZIRP,block_cv,ibor_level,weight,0.0,macro
NOR_1Y,5,Block_ZIRP,ZIRP,block_cv,ibor_chg_1d,weight,1.0,macro
NOR_1Y,5,Block_ZIRP,ZIRP,block_cv,ibor_mom_1m,weight,0.0,macro
NOR_1Y,5,Block_ZIRP,ZIRP,block_cv,ibor_term_slope,weight,0.0,macro
NOR_1Y,5,Block_ZIRP,ZIRP,block_cv,swap_ibor_basis,weight,0.0,curve
NOR_1Y,5,Block_ZIRP,ZIRP,block_cv,move_level,weight,3.0,vol
NOR_1Y,5,Block_ZIRP,ZIRP,block_cv,move_zscore,weight,0.0,vol
NOR_1Y,5,Block_ZIRP,ZIRP,block_cv,vix_level,weight,0.0,vol
NOR_1Y,5,Block_ZIRP,ZIRP,block_cv,vix_zscore,weight,0.0,vol
NOR_1Y,5,Block_ZIRP,ZIRP,block_cv,v2x_level,weight,0.0,vol
NOR_1Y,5,Block_ZIRP,ZIRP,block_cv,vxn_level,weight,0.0,vol
NOR_1Y,5,Block_ZIRP,ZIRP,block_cv,ovx_level,weight,0.0,vol
NOR_1Y,5,Block_ZIRP,ZIRP,block_cv,gvz_level,weight,1.0,vol
NOR_1Y,5,Block_ZIRP,ZIRP,block_cv,spx_mom_1m,weight,1.0,macro
NOR_1Y,5,Block_ZIRP,ZIRP,block_cv,spx_mom_3m,weight,0.0,macro
NOR_1Y,5,Block_ZIRP,ZIRP,block_cv,sx5e_mom_1m,weight,2.0,macro
NOR_1Y,5,Block_ZIRP,ZIRP,block_cv,sx5e_mom_3m,weight,0.0,macro
NOR_1Y,5,Block_ZIRP,ZIRP,block_cv,mxwo_mom_1m,weight,1.0,macro
NOR_1Y,5,Block_ZIRP,ZIRP,block_cv,ndx_mom_1m,weight,0.0,macro
NOR_1Y,5,Block_ZIRP,ZIRP,block_cv,oil_mom_1m,weight,0.0,macro
NOR_1Y,5,Block_ZIRP,ZIRP,block_cv,oil_mom_3m,weight,0.0,macro
NOR_1Y,5,Block_ZIRP,ZIRP,block_cv,copper_mom_1m,weight,1.0,macro
NOR_1Y,5,Block_ZIRP,ZIRP,block_cv,opec_prod,weight,1.0,macro
NOR_1Y,5,Block_ZIRP,ZIRP,block_cv,natgas_mom_1m,weight,2.0,macro
NOR_1Y,5,Block_ZIRP,ZIRP,block_cv,be5y_level,weight,0.0,macro
NOR_1Y,5,Block_ZIRP,ZIRP,block_cv,be10y_level,weight,0.0,macro
NOR_1Y,5,Block_ZIRP,ZIRP,block_cv,be_slope,weight,0.0,macro
NOR_1Y,5,Block_ZIRP,ZIRP,block_cv,be5y_chg_1m,weight,0.0,macro
NOR_1Y,5,Block_ZIRP,ZIRP,block_cv,ig_spread,weight,0.0,credit
NOR_1Y,5,Block_ZIRP,ZIRP,block_cv,hy_spread,weight,0.0,credit
NOR_1Y,5,Block_ZIRP,ZIRP,block_cv,ig_chg_1m,weight,0.0,credit
NOR_1Y,5,Block_ZIRP,ZIRP,block_cv,hy_chg_1m,weight,0.0,credit
NOR_1Y,5,Block_ZIRP,ZIRP,block_cv,cpi_yoy,weight,1.0,macro
NOR_1Y,5,Block_ZIRP,ZIRP,block_cv,pce_core_chg,weight,0.0,macro
NOR_1Y,5,Block_ZIRP,ZIRP,block_cv,nfp_change,weight,0.0,macro
NOR_1Y,5,Block_ZIRP,ZIRP,block_cv,pmi_us,weight,0.0,macro
NOR_1Y,5,Block_ZIRP,ZIRP,block_cv,pmi_eur,weight,1.0,macro
NOR_1Y,5,Block_ZIRP,ZIRP,block_cv,unemp_eur,weight,0.0,macro
NOR_1Y,5,Block_ZIRP,ZIRP,block_cv,cpi_nsa_level,weight,0.0,macro
NOR_1Y,5,Block_ZIRP,ZIRP,block_cv,pce_core_level,weight,0.0,macro
NOR_1Y,5,Block_ZIRP,ZIRP,block_cv,eur_3m,weight,0.0,macro
NOR_1Y,5,Block_ZIRP,ZIRP,block_cv,eur_1w,weight,0.0,macro
NOR_1Y,5,Block_ZIRP,ZIRP,block_cv,nor_ibor_1m,weight,0.0,norway
NOR_1Y,5,Block_ZIRP,ZIRP,block_cv,nor_ibor_6m,weight,0.0,norway
NOR_1Y,5,Block_ZIRP,ZIRP,block_cv,nor_ecb_dfr_chg,weight,0.0,norway
NOR_1Y,5,Block_ZIRP,ZIRP,block_cv,nor_ecb_dfr_level,weight,0.0,norway
NOR_1Y,5,Block_ZIRP,ZIRP,block_cv,nor_eurnok_chg_1d,weight,2.0,norway
NOR_1Y,5,Block_ZIRP,ZIRP,block_cv,nor_eurnok_level,weight,0.0,norway
NOR_1Y,5,Block_ZIRP,ZIRP,block_cv,nor_eurnok_mom_1m,weight,0.0,norway
NOR_1Y,5,Block_ZIRP,ZIRP,block_cv,nor_eurnok_mom_3m,weight,0.0,norway
NOR_1Y,5,Block_ZIRP,ZIRP,block_cv,nor_eurnok_rvol_20d,weight,3.0,norway
NOR_1Y,5,Block_ZIRP,ZIRP,block_cv,nor_govt_10y,weight,0.0,norway
NOR_1Y,5,Block_ZIRP,ZIRP,block_cv,nor_govt_3y,weight,0.0,norway
NOR_1Y,5,Block_ZIRP,ZIRP,block_cv,nor_govt_5y,weight,0.0,norway
NOR_1Y,5,Block_ZIRP,ZIRP,block_cv,nor_i44_chg_1d,weight,0.0,norway
NOR_1Y,5,Block_ZIRP,ZIRP,block_cv,nor_i44_level,weight,0.0,norway
NOR_1Y,5,Block_ZIRP,ZIRP,block_cv,nor_i44_mom_1m,weight,0.0,norway
NOR_1Y,5,Block_ZIRP,ZIRP,block_cv,nor_i44_mom_3m,weight,0.0,norway
NOR_1Y,5,Block_ZIRP,ZIRP,block_cv,nor_i44_rvol_20d,weight,4.0,norway
NOR_1Y,5,Block_ZIRP,ZIRP,block_cv,nor_kpi_yoy,weight,0.0,norway
NOR_1Y,5,Block_ZIRP,ZIRP,block_cv,nor_kpijae_yoy,weight,0.0,norway
NOR_1Y,5,Block_ZIRP,ZIRP,block_cv,nor_nibor_nowa_spread,weight,1.0,norway
NOR_1Y,5,Block_ZIRP,ZIRP,block_cv,nor_nowa_level,weight,0.0,norway
NOR_1Y,5,Block_ZIRP,ZIRP,block_cv,nor_polrate_chg_1d,weight,0.0,norway
NOR_1Y,5,Block_ZIRP,ZIRP,block_cv,nor_polrate_days_since_chg,weight,0.0,norway
NOR_1Y,5,Block_ZIRP,ZIRP,block_cv,nor_polrate_level,weight,0.0,norway
NOR_1Y,5,Block_ZIRP,ZIRP,block_cv,nor_rb_rate_chg,weight,0.0,norway
NOR_1Y,5,Block_ZIRP,ZIRP,block_cv,nor_rb_rate_level,weight,0.0,norway
NOR_1Y,5,Block_ZIRP,ZIRP,block_cv,nor_unemp,weight,0.0,norway
NOR_1Y,5,Block_ZIRP,ZIRP,block_cv,nor_usdnok_chg_1d,weight,1.0,norway
NOR_1Y,5,Block_ZIRP,ZIRP,block_cv,nor_usdnok_level,weight,0.0,norway
NOR_1Y,5,Block_ZIRP,ZIRP,block_cv,nor_usdnok_mom_1m,weight,1.0,norway
NOR_1Y,5,Block_ZIRP,ZIRP,block_cv,nor_usdnok_mom_3m,weight,1.0,norway
NOR_1Y,5,Block_ZIRP,ZIRP,block_cv,nor_usdnok_rvol_20d,weight,0.0,norway
NOR_1Y,5,Block_ZIRP,ZIRP,block_cv,swap_govt_spread,weight,0.0,norway
NOR_1Y,5,Block_ZIRP,ZIRP,block_cv,xmpca_01,weight,0.0,cross_market
NOR_1Y,5,Block_ZIRP,ZIRP,block_cv,xmpca_02,weight,0.0,cross_market
NOR_1Y,5,Block_ZIRP,ZIRP,block_cv,xmpca_03,weight,0.0,cross_market
NOR_1Y,5,Block_ZIRP,ZIRP,block_cv,xmpca_04,weight,0.0,cross_market
NOR_1Y,5,Block_ZIRP,ZIRP,block_cv,xmpca_05,weight,1.0,cross_market
NOR_1Y,5,Block_ZIRP,ZIRP,block_cv,xmpca_06,weight,1.0,cross_market
NOR_1Y,5,Block_ZIRP,ZIRP,block_cv,xmpca_07,weight,0.0,cross_market
NOR_1Y,5,Block_ZIRP,ZIRP,block_cv,xmpca_08,weight,0.0,cross_market
NOR_1Y,5,Block_ZIRP,ZIRP,block_cv,xmpca_09,weight,0.0,cross_market
NOR_1Y,5,Block_ZIRP,ZIRP,block_cv,xmpca_10,weight,1.0,cross_market
NOR_1Y,5,Block_ZIRP,ZIRP,block_cv,xmpca_11,weight,0.0,cross_market
NOR_1Y,5,Block_ZIRP,ZIRP,block_cv,xmpca_12,weight,0.0,cross_market
NOR_1Y,5,Block_ZIRP,ZIRP,block_cv,chg_lag1,cover,4.5,momentum
NOR_1Y,5,Block_ZIRP,ZIRP,block_cv,chg_lag2,cover,3.0,momentum
NOR_1Y,5,Block_ZIRP,ZIRP,block_cv,chg_lag3,cover,7.0,momentum
NOR_1Y,5,Block_ZIRP,ZIRP,block_cv,chg_lag4,cover,0.0,momentum
NOR_1Y,5,Block_ZIRP,ZIRP,block_cv,chg_lag5,cover,16.0,momentum
NOR_1Y,5,Block_ZIRP,ZIRP,block_cv,carry_roll,cover,4.0,carry_roll
NOR_1Y,5,Block_ZIRP,ZIRP,block_cv,mom_63d,cover,8.0,momentum
NOR_1Y,5,Block_ZIRP,ZIRP,block_cv,mom_1m,cover,351.0,momentum
NOR_1Y,5,Block_ZIRP,ZIRP,block_cv,mom_3m,cover,1575.0,momentum
NOR_1Y,5,Block_ZIRP,ZIRP,block_cv,mom_6m,cover,0.0,momentum
NOR_1Y,5,Block_ZIRP,ZIRP,block_cv,mom_12m,cover,0.0,momentum
NOR_1Y,5,Block_ZIRP,ZIRP,block_cv,dev_ma_3m,cover,0.0,curve
NOR_1Y,5,Block_ZIRP,ZIRP,block_cv,dev_ma_12m,cover,0.0,curve
NOR_1Y,5,Block_ZIRP,ZIRP,block_cv,vol_20d,cover,0.0,vol
NOR_1Y,5,Block_ZIRP,ZIRP,block_cv,vol_regime,cover,0.0,vol
NOR_1Y,5,Block_ZIRP,ZIRP,block_cv,vol_zscore,cover,112.0,vol
NOR_1Y,5,Block_ZIRP,ZIRP,block_cv,level_zscore,cover,1534.0,curve
NOR_1Y,5,Block_ZIRP,ZIRP,block_cv,slope_10_1,cover,0.0,curve
NOR_1Y,5,Block_ZIRP,ZIRP,block_cv,slope_10_5,cover,0.0,curve
NOR_1Y,5,Block_ZIRP,ZIRP,block_cv,slope_5_1,cover,0.0,curve
NOR_1Y,5,Block_ZIRP,ZIRP,block_cv,sofr_mom_1m,cover,904.5,macro
NOR_1Y,5,Block_ZIRP,ZIRP,block_cv,ibor_level,cover,0.0,macro
NOR_1Y,5,Block_ZIRP,ZIRP,block_cv,ibor_chg_1d,cover,17.0,macro
NOR_1Y,5,Block_ZIRP,ZIRP,block_cv,ibor_mom_1m,cover,0.0,macro
NOR_1Y,5,Block_ZIRP,ZIRP,block_cv,ibor_term_slope,cover,0.0,macro
NOR_1Y,5,Block_ZIRP,ZIRP,block_cv,swap_ibor_basis,cover,0.0,curve
NOR_1Y,5,Block_ZIRP,ZIRP,block_cv,move_level,cover,807.6666870117188,vol
NOR_1Y,5,Block_ZIRP,ZIRP,block_cv,move_zscore,cover,0.0,vol
NOR_1Y,5,Block_ZIRP,ZIRP,block_cv,vix_level,cover,0.0,vol
NOR_1Y,5,Block_ZIRP,ZIRP,block_cv,vix_zscore,cover,0.0,vol
NOR_1Y,5,Block_ZIRP,ZIRP,block_cv,v2x_level,cover,0.0,vol
NOR_1Y,5,Block_ZIRP,ZIRP,block_cv,vxn_level,cover,0.0,vol
NOR_1Y,5,Block_ZIRP,ZIRP,block_cv,ovx_level,cover,0.0,vol
NOR_1Y,5,Block_ZIRP,ZIRP,block_cv,gvz_level,cover,1603.0,vol
NOR_1Y,5,Block_ZIRP,ZIRP,block_cv,spx_mom_1m,cover,649.0,macro
NOR_1Y,5,Block_ZIRP,ZIRP,block_cv,spx_mom_3m,cover,0.0,macro
NOR_1Y,5,Block_ZIRP,ZIRP,block_cv,sx5e_mom_1m,cover,404.0,macro
NOR_1Y,5,Block_ZIRP,ZIRP,block_cv,sx5e_mom_3m,cover,0.0,macro
NOR_1Y,5,Block_ZIRP,ZIRP,block_cv,mxwo_mom_1m,cover,269.0,macro
NOR_1Y,5,Block_ZIRP,ZIRP,block_cv,ndx_mom_1m,cover,0.0,macro
NOR_1Y,5,Block_ZIRP,ZIRP,block_cv,oil_mom_1m,cover,0.0,macro
NOR_1Y,5,Block_ZIRP,ZIRP,block_cv,oil_mom_3m,cover,0.0,macro
NOR_1Y,5,Block_ZIRP,ZIRP,block_cv,copper_mom_1m,cover,59.0,macro
NOR_1Y,5,Block_ZIRP,ZIRP,block_cv,opec_prod,cover,16.0,macro
NOR_1Y,5,Block_ZIRP,ZIRP,block_cv,natgas_mom_1m,cover,646.5,macro
NOR_1Y,5,Block_ZIRP,ZIRP,block_cv,be5y_level,cover,0.0,macro
NOR_1Y,5,Block_ZIRP,ZIRP,block_cv,be10y_level,cover,0.0,macro
NOR_1Y,5,Block_ZIRP,ZIRP,block_cv,be_slope,cover,0.0,macro
NOR_1Y,5,Block_ZIRP,ZIRP,block_cv,be5y_chg_1m,cover,0.0,macro
NOR_1Y,5,Block_ZIRP,ZIRP,block_cv,ig_spread,cover,0.0,credit
NOR_1Y,5,Block_ZIRP,ZIRP,block_cv,hy_spread,cover,0.0,credit
NOR_1Y,5,Block_ZIRP,ZIRP,block_cv,ig_chg_1m,cover,0.0,credit
NOR_1Y,5,Block_ZIRP,ZIRP,block_cv,hy_chg_1m,cover,0.0,credit
NOR_1Y,5,Block_ZIRP,ZIRP,block_cv,cpi_yoy,cover,957.0,macro
NOR_1Y,5,Block_ZIRP,ZIRP,block_cv,pce_core_chg,cover,0.0,macro
NOR_1Y,5,Block_ZIRP,ZIRP,block_cv,nfp_change,cover,0.0,macro
NOR_1Y,5,Block_ZIRP,ZIRP,block_cv,pmi_us,cover,0.0,macro
NOR_1Y,5,Block_ZIRP,ZIRP,block_cv,pmi_eur,cover,210.0,macro
NOR_1Y,5,Block_ZIRP,ZIRP,block_cv,unemp_eur,cover,0.0,macro
NOR_1Y,5,Block_ZIRP,ZIRP,block_cv,cpi_nsa_level,cover,0.0,macro
NOR_1Y,5,Block_ZIRP,ZIRP,block_cv,pce_core_level,cover,0.0,macro
NOR_1Y,5,Block_ZIRP,ZIRP,block_cv,eur_3m,cover,0.0,macro
NOR_1Y,5,Block_ZIRP,ZIRP,block_cv,eur_1w,cover,0.0,macro
NOR_1Y,5,Block_ZIRP,ZIRP,block_cv,nor_ibor_1m,cover,0.0,norway
NOR_1Y,5,Block_ZIRP,ZIRP,block_cv,nor_ibor_6m,cover,0.0,norway
NOR_1Y,5,Block_ZIRP,ZIRP,block_cv,nor_ecb_dfr_chg,cover,0.0,norway
NOR_1Y,5,Block_ZIRP,ZIRP,block_cv,nor_ecb_dfr_level,cover,0.0,norway
NOR_1Y,5,Block_ZIRP,ZIRP,block_cv,nor_eurnok_chg_1d,cover,23.0,norway
NOR_1Y,5,Block_ZIRP,ZIRP,block_cv,nor_eurnok_level,cover,0.0,norway
NOR_1Y,5,Block_ZIRP,ZIRP,block_cv,nor_eurnok_mom_1m,cover,0.0,norway
NOR_1Y,5,Block_ZIRP,ZIRP,block_cv,nor_eurnok_mom_3m,cover,0.0,norway
NOR_1Y,5,Block_ZIRP,ZIRP,block_cv,nor_eurnok_rvol_20d,cover,113.66666412353516,norway
NOR_1Y,5,Block_ZIRP,ZIRP,block_cv,nor_govt_10y,cover,0.0,norway
NOR_1Y,5,Block_ZIRP,ZIRP,block_cv,nor_govt_3y,cover,0.0,norway
NOR_1Y,5,Block_ZIRP,ZIRP,block_cv,nor_govt_5y,cover,0.0,norway
NOR_1Y,5,Block_ZIRP,ZIRP,block_cv,nor_i44_chg_1d,cover,0.0,norway
NOR_1Y,5,Block_ZIRP,ZIRP,block_cv,nor_i44_level,cover,0.0,norway
NOR_1Y,5,Block_ZIRP,ZIRP,block_cv,nor_i44_mom_1m,cover,0.0,norway
NOR_1Y,5,Block_ZIRP,ZIRP,block_cv,nor_i44_mom_3m,cover,0.0,norway
NOR_1Y,5,Block_ZIRP,ZIRP,block_cv,nor_i44_rvol_20d,cover,248.5,norway
NOR_1Y,5,Block_ZIRP,ZIRP,block_cv,nor_kpi_yoy,cover,0.0,norway
NOR_1Y,5,Block_ZIRP,ZIRP,block_cv,nor_kpijae_yoy,cover,0.0,norway
NOR_1Y,5,Block_ZIRP,ZIRP,block_cv,nor_nibor_nowa_spread,cover,190.0,norway
NOR_1Y,5,Block_ZIRP,ZIRP,block_cv,nor_nowa_level,cover,0.0,norway
NOR_1Y,5,Block_ZIRP,ZIRP,block_cv,nor_polrate_chg_1d,cover,0.0,norway
NOR_1Y,5,Block_ZIRP,ZIRP,block_cv,nor_polrate_days_since_chg,cover,0.0,norway
NOR_1Y,5,Block_ZIRP,ZIRP,block_cv,nor_polrate_level,cover,0.0,norway
NOR_1Y,5,Block_ZIRP,ZIRP,block_cv,nor_rb_rate_chg,cover,0.0,norway
NOR_1Y,5,Block_ZIRP,ZIRP,block_cv,nor_rb_rate_level,cover,0.0,norway
NOR_1Y,5,Block_ZIRP,ZIRP,block_cv,nor_unemp,cover,0.0,norway
NOR_1Y,5,Block_ZIRP,ZIRP,block_cv,nor_usdnok_chg_1d,cover,82.0,norway
NOR_1Y,5,Block_ZIRP,ZIRP,block_cv,nor_usdnok_level,cover,0.0,norway
NOR_1Y,5,Block_ZIRP,ZIRP,block_cv,nor_usdnok_mom_1m,cover,273.0,norway
NOR_1Y,5,Block_ZIRP,ZIRP,block_cv,nor_usdnok_mom_3m,cover,83.0,norway
NOR_1Y,5,Block_ZIRP,ZIRP,block_cv,nor_usdnok_rvol_20d,cover,0.0,norway
NOR_1Y,5,Block_ZIRP,ZIRP,block_cv,swap_govt_spread,cover,0.0,norway
NOR_1Y,5,Block_ZIRP,ZIRP,block_cv,xmpca_01,cover,0.0,cross_market
NOR_1Y,5,Block_ZIRP,ZIRP,block_cv,xmpca_02,cover,0.0,cross_market
NOR_1Y,5,Block_ZIRP,ZIRP,block_cv,xmpca_03,cover,0.0,cross_market
NOR_1Y,5,Block_ZIRP,ZIRP,block_cv,xmpca_04,cover,0.0,cross_market
NOR_1Y,5,Block_ZIRP,ZIRP,block_cv,xmpca_05,cover,7.0,cross_market
NOR_1Y,5,Block_ZIRP,ZIRP,block_cv,xmpca_06,cover,8.0,cross_market
NOR_1Y,5,Block_ZIRP,ZIRP,block_cv,xmpca_07,cover,0.0,cross_market
NOR_1Y,5,Block_ZIRP,ZIRP,block_cv,xmpca_08,cover,0.0,cross_market
NOR_1Y,5,Block_ZIRP,ZIRP,block_cv,xmpca_09,cover,0.0,cross_market
NOR_1Y,5,Block_ZIRP,ZIRP,block_cv,xmpca_10,cover,30.0,cross_market
NOR_1Y,5,Block_ZIRP,ZIRP,block_cv,xmpca_11,cover,0.0,cross_market
NOR_1Y,5,Block_ZIRP,ZIRP,block_cv,xmpca_12,cover,0.0,cross_market
NOR_1Y,5,Block_ZIRP,ZIRP,block_cv,chg_lag1,total_gain,0.00016008736565709114,momentum
NOR_1Y,5,Block_ZIRP,ZIRP,block_cv,chg_lag2,total_gain,0.0008209898951463401,momentum
NOR_1Y,5,Block_ZIRP,ZIRP,block_cv,chg_lag3,total_gain,0.023899376392364502,momentum
NOR_1Y,5,Block_ZIRP,ZIRP,block_cv,chg_lag4,total_gain,0.0,momentum
NOR_1Y,5,Block_ZIRP,ZIRP,block_cv,chg_lag5,total_gain,0.030520915985107422,momentum
NOR_1Y,5,Block_ZIRP,ZIRP,block_cv,carry_roll,total_gain,0.0002908871974796057,carry_roll
NOR_1Y,5,Block_ZIRP,ZIRP,block_cv,mom_63d,total_gain,0.0017540296539664268,momentum
NOR_1Y,5,Block_ZIRP,ZIRP,block_cv,mom_1m,total_gain,0.1006753072142601,momentum
NOR_1Y,5,Block_ZIRP,ZIRP,block_cv,mom_3m,total_gain,0.21568995714187622,momentum
NOR_1Y,5,Block_ZIRP,ZIRP,block_cv,mom_6m,total_gain,0.0,momentum
NOR_1Y,5,Block_ZIRP,ZIRP,block_cv,mom_12m,total_gain,0.0,momentum
NOR_1Y,5,Block_ZIRP,ZIRP,block_cv,dev_ma_3m,total_gain,0.0,curve
NOR_1Y,5,Block_ZIRP,ZIRP,block_cv,dev_ma_12m,total_gain,0.0,curve
NOR_1Y,5,Block_ZIRP,ZIRP,block_cv,vol_20d,total_gain,0.0,vol
NOR_1Y,5,Block_ZIRP,ZIRP,block_cv,vol_regime,total_gain,0.0,vol
NOR_1Y,5,Block_ZIRP,ZIRP,block_cv,vol_zscore,total_gain,0.036380473524332047,vol
NOR_1Y,5,Block_ZIRP,ZIRP,block_cv,level_zscore,total_gain,0.2248987853527069,curve
NOR_1Y,5,Block_ZIRP,ZIRP,block_cv,slope_10_1,total_gain,0.0,curve
NOR_1Y,5,Block_ZIRP,ZIRP,block_cv,slope_10_5,total_gain,0.0,curve
NOR_1Y,5,Block_ZIRP,ZIRP,block_cv,slope_5_1,total_gain,0.0,curve
NOR_1Y,5,Block_ZIRP,ZIRP,block_cv,sofr_mom_1m,total_gain,0.18412312865257263,macro
NOR_1Y,5,Block_ZIRP,ZIRP,block_cv,ibor_level,total_gain,0.0,macro
NOR_1Y,5,Block_ZIRP,ZIRP,block_cv,ibor_chg_1d,total_gain,0.07780063152313232,macro
NOR_1Y,5,Block_ZIRP,ZIRP,block_cv,ibor_mom_1m,total_gain,0.0,macro
NOR_1Y,5,Block_ZIRP,ZIRP,block_cv,ibor_term_slope,total_gain,0.0,macro
NOR_1Y,5,Block_ZIRP,ZIRP,block_cv,swap_ibor_basis,total_gain,0.0,curve
NOR_1Y,5,Block_ZIRP,ZIRP,block_cv,move_level,total_gain,0.6404623985290527,vol
NOR_1Y,5,Block_ZIRP,ZIRP,block_cv,move_zscore,total_gain,0.0,vol
NOR_1Y,5,Block_ZIRP,ZIRP,block_cv,vix_level,total_gain,0.0,vol
NOR_1Y,5,Block_ZIRP,ZIRP,block_cv,vix_zscore,total_gain,0.0,vol
NOR_1Y,5,Block_ZIRP,ZIRP,block_cv,v2x_level,total_gain,0.0,vol
NOR_1Y,5,Block_ZIRP,ZIRP,block_cv,vxn_level,total_gain,0.0,vol
NOR_1Y,5,Block_ZIRP,ZIRP,block_cv,ovx_level,total_gain,0.0,vol
NOR_1Y,5,Block_ZIRP,ZIRP,block_cv,gvz_level,total_gain,0.803737998008728,vol
NOR_1Y,5,Block_ZIRP,ZIRP,block_cv,spx_mom_1m,total_gain,0.027124814689159393,macro
NOR_1Y,5,Block_ZIRP,ZIRP,block_cv,spx_mom_3m,total_gain,0.0,macro
NOR_1Y,5,Block_ZIRP,ZIRP,block_cv,sx5e_mom_1m,total_gain,0.13537433743476868,macro
NOR_1Y,5,Block_ZIRP,ZIRP,block_cv,sx5e_mom_3m,total_gain,0.0,macro
NOR_1Y,5,Block_ZIRP,ZIRP,block_cv,mxwo_mom_1m,total_gain,0.03396470099687576,macro
NOR_1Y,5,Block_ZIRP,ZIRP,block_cv,ndx_mom_1m,total_gain,0.0,macro
NOR_1Y,5,Block_ZIRP,ZIRP,block_cv,oil_mom_1m,total_gain,0.0,macro
NOR_1Y,5,Block_ZIRP,ZIRP,block_cv,oil_mom_3m,total_gain,0.0,macro
NOR_1Y,5,Block_ZIRP,ZIRP,block_cv,copper_mom_1m,total_gain,0.03675774484872818,macro
NOR_1Y,5,Block_ZIRP,ZIRP,block_cv,opec_prod,total_gain,0.0664525032043457,macro
NOR_1Y,5,Block_ZIRP,ZIRP,block_cv,natgas_mom_1m,total_gain,0.1793310046195984,macro
NOR_1Y,5,Block_ZIRP,ZIRP,block_cv,be5y_level,total_gain,0.0,macro
NOR_1Y,5,Block_ZIRP,ZIRP,block_cv,be10y_level,total_gain,0.0,macro
NOR_1Y,5,Block_ZIRP,ZIRP,block_cv,be_slope,total_gain,0.0,macro
NOR_1Y,5,Block_ZIRP,ZIRP,block_cv,be5y_chg_1m,total_gain,0.0,macro
NOR_1Y,5,Block_ZIRP,ZIRP,block_cv,ig_spread,total_gain,0.0,credit
NOR_1Y,5,Block_ZIRP,ZIRP,block_cv,hy_spread,total_gain,0.0,credit
NOR_1Y,5,Block_ZIRP,ZIRP,block_cv,ig_chg_1m,total_gain,0.0,credit
NOR_1Y,5,Block_ZIRP,ZIRP,block_cv,hy_chg_1m,total_gain,0.0,credit
NOR_1Y,5,Block_ZIRP,ZIRP,block_cv,cpi_yoy,total_gain,0.07309648394584656,macro
NOR_1Y,5,Block_ZIRP,ZIRP,block_cv,pce_core_chg,total_gain,0.0,macro
NOR_1Y,5,Block_ZIRP,ZIRP,block_cv,nfp_change,total_gain,0.0,macro
NOR_1Y,5,Block_ZIRP,ZIRP,block_cv,pmi_us,total_gain,0.0,macro
NOR_1Y,5,Block_ZIRP,ZIRP,block_cv,pmi_eur,total_gain,0.07513564825057983,macro
NOR_1Y,5,Block_ZIRP,ZIRP,block_cv,unemp_eur,total_gain,0.0,macro
NOR_1Y,5,Block_ZIRP,ZIRP,block_cv,cpi_nsa_level,total_gain,0.0,macro
NOR_1Y,5,Block_ZIRP,ZIRP,block_cv,pce_core_level,total_gain,0.0,macro
NOR_1Y,5,Block_ZIRP,ZIRP,block_cv,eur_3m,total_gain,0.0,macro
NOR_1Y,5,Block_ZIRP,ZIRP,block_cv,eur_1w,total_gain,0.0,macro
NOR_1Y,5,Block_ZIRP,ZIRP,block_cv,nor_ibor_1m,total_gain,0.0,norway
NOR_1Y,5,Block_ZIRP,ZIRP,block_cv,nor_ibor_6m,total_gain,0.0,norway
NOR_1Y,5,Block_ZIRP,ZIRP,block_cv,nor_ecb_dfr_chg,total_gain,0.0,norway
NOR_1Y,5,Block_ZIRP,ZIRP,block_cv,nor_ecb_dfr_level,total_gain,0.0,norway
NOR_1Y,5,Block_ZIRP,ZIRP,block_cv,nor_eurnok_chg_1d,total_gain,0.2291770577430725,norway
NOR_1Y,5,Block_ZIRP,ZIRP,block_cv,nor_eurnok_level,total_gain,0.0,norway
NOR_1Y,5,Block_ZIRP,ZIRP,block_cv,nor_eurnok_mom_1m,total_gain,0.0,norway
NOR_1Y,5,Block_ZIRP,ZIRP,block_cv,nor_eurnok_mom_3m,total_gain,0.0,norway
NOR_1Y,5,Block_ZIRP,ZIRP,block_cv,nor_eurnok_rvol_20d,total_gain,0.17454560101032257,norway
NOR_1Y,5,Block_ZIRP,ZIRP,block_cv,nor_govt_10y,total_gain,0.0,norway
NOR_1Y,5,Block_ZIRP,ZIRP,block_cv,nor_govt_3y,total_gain,0.0,norway
NOR_1Y,5,Block_ZIRP,ZIRP,block_cv,nor_govt_5y,total_gain,0.0,norway
NOR_1Y,5,Block_ZIRP,ZIRP,block_cv,nor_i44_chg_1d,total_gain,0.0,norway
NOR_1Y,5,Block_ZIRP,ZIRP,block_cv,nor_i44_level,total_gain,0.0,norway
NOR_1Y,5,Block_ZIRP,ZIRP,block_cv,nor_i44_mom_1m,total_gain,0.0,norway
NOR_1Y,5,Block_ZIRP,ZIRP,block_cv,nor_i44_mom_3m,total_gain,0.0,norway
NOR_1Y,5,Block_ZIRP,ZIRP,block_cv,nor_i44_rvol_20d,total_gain,0.29824912548065186,norway
NOR_1Y,5,Block_ZIRP,ZIRP,block_cv,nor_kpi_yoy,total_gain,0.0,norway
NOR_1Y,5,Block_ZIRP,ZIRP,block_cv,nor_kpijae_yoy,total_gain,0.0,norway
NOR_1Y,5,Block_ZIRP,ZIRP,block_cv,nor_nibor_nowa_spread,total_gain,0.03390207141637802,norway
NOR_1Y,5,Block_ZIRP,ZIRP,block_cv,nor_nowa_level,total_gain,0.0,norway
NOR_1Y,5,Block_ZIRP,ZIRP,block_cv,nor_polrate_chg_1d,total_gain,0.0,norway
NOR_1Y,5,Block_ZIRP,ZIRP,block_cv,nor_polrate_days_since_chg,total_gain,0.0,norway
NOR_1Y,5,Block_ZIRP,ZIRP,block_cv,nor_polrate_level,total_gain,0.0,norway
NOR_1Y,5,Block_ZIRP,ZIRP,block_cv,nor_rb_rate_chg,total_gain,0.0,norway
NOR_1Y,5,Block_ZIRP,ZIRP,block_cv,nor_rb_rate_level,total_gain,0.0,norway
NOR_1Y,5,Block_ZIRP,ZIRP,block_cv,nor_unemp,total_gain,0.0,norway
NOR_1Y,5,Block_ZIRP,ZIRP,block_cv,nor_usdnok_chg_1d,total_gain,0.05246543884277344,norway
NOR_1Y,5,Block_ZIRP,ZIRP,block_cv,nor_usdnok_level,total_gain,0.0,norway
NOR_1Y,5,Block_ZIRP,ZIRP,block_cv,nor_usdnok_mom_1m,total_gain,0.0604744553565979,norway
NOR_1Y,5,Block_ZIRP,ZIRP,block_cv,nor_usdnok_mom_3m,total_gain,0.02194461226463318,norway
NOR_1Y,5,Block_ZIRP,ZIRP,block_cv,nor_usdnok_rvol_20d,total_gain,0.0,norway
NOR_1Y,5,Block_ZIRP,ZIRP,block_cv,swap_govt_spread,total_gain,0.0,norway
NOR_1Y,5,Block_ZIRP,ZIRP,block_cv,xmpca_01,total_gain,0.0,cross_market
NOR_1Y,5,Block_ZIRP,ZIRP,block_cv,xmpca_02,total_gain,0.0,cross_market
NOR_1Y,5,Block_ZIRP,ZIRP,block_cv,xmpca_03,total_gain,0.0,cross_market
NOR_1Y,5,Block_ZIRP,ZIRP,block_cv,xmpca_04,total_gain,0.0,cross_market
NOR_1Y,5,Block_ZIRP,ZIRP,block_cv,xmpca_05,total_gain,0.007843825034797192,cross_market
NOR_1Y,5,Block_ZIRP,ZIRP,block_cv,xmpca_06,total_gain,0.014380394481122494,cross_market
NOR_1Y,5,Block_ZIRP,ZIRP,block_cv,xmpca_07,total_gain,0.0,cross_market
NOR_1Y,5,Block_ZIRP,ZIRP,block_cv,xmpca_08,total_gain,0.0,cross_market
NOR_1Y,5,Block_ZIRP,ZIRP,block_cv,xmpca_09,total_gain,0.0,cross_market
NOR_1Y,5,Block_ZIRP,ZIRP,block_cv,xmpca_10,total_gain,0.11093279719352722,cross_market
NOR_1Y,5,Block_ZIRP,ZIRP,block_cv,xmpca_11,total_gain,0.0,cross_market
NOR_1Y,5,Block_ZIRP,ZIRP,block_cv,xmpca_12,total_gain,0.0,cross_market
NOR_1Y,5,Block_ZIRP,ZIRP,block_cv,chg_lag1,total_cover,9.0,momentum
NOR_1Y,5,Block_ZIRP,ZIRP,block_cv,chg_lag2,total_cover,6.0,momentum
NOR_1Y,5,Block_ZIRP,ZIRP,block_cv,chg_lag3,total_cover,7.0,momentum
NOR_1Y,5,Block_ZIRP,ZIRP,block_cv,chg_lag4,total_cover,0.0,momentum
NOR_1Y,5,Block_ZIRP,ZIRP,block_cv,chg_lag5,total_cover,16.0,momentum
NOR_1Y,5,Block_ZIRP,ZIRP,block_cv,carry_roll,total_cover,4.0,carry_roll
NOR_1Y,5,Block_ZIRP,ZIRP,block_cv,mom_63d,total_cover,8.0,momentum
NOR_1Y,5,Block_ZIRP,ZIRP,block_cv,mom_1m,total_cover,351.0,momentum
NOR_1Y,5,Block_ZIRP,ZIRP,block_cv,mom_3m,total_cover,1575.0,momentum
NOR_1Y,5,Block_ZIRP,ZIRP,block_cv,mom_6m,total_cover,0.0,momentum
NOR_1Y,5,Block_ZIRP,ZIRP,block_cv,mom_12m,total_cover,0.0,momentum
NOR_1Y,5,Block_ZIRP,ZIRP,block_cv,dev_ma_3m,total_cover,0.0,curve
NOR_1Y,5,Block_ZIRP,ZIRP,block_cv,dev_ma_12m,total_cover,0.0,curve
NOR_1Y,5,Block_ZIRP,ZIRP,block_cv,vol_20d,total_cover,0.0,vol
NOR_1Y,5,Block_ZIRP,ZIRP,block_cv,vol_regime,total_cover,0.0,vol
NOR_1Y,5,Block_ZIRP,ZIRP,block_cv,vol_zscore,total_cover,112.0,vol
NOR_1Y,5,Block_ZIRP,ZIRP,block_cv,level_zscore,total_cover,1534.0,curve
NOR_1Y,5,Block_ZIRP,ZIRP,block_cv,slope_10_1,total_cover,0.0,curve
NOR_1Y,5,Block_ZIRP,ZIRP,block_cv,slope_10_5,total_cover,0.0,curve
NOR_1Y,5,Block_ZIRP,ZIRP,block_cv,slope_5_1,total_cover,0.0,curve
NOR_1Y,5,Block_ZIRP,ZIRP,block_cv,sofr_mom_1m,total_cover,1809.0,macro
NOR_1Y,5,Block_ZIRP,ZIRP,block_cv,ibor_level,total_cover,0.0,macro
NOR_1Y,5,Block_ZIRP,ZIRP,block_cv,ibor_chg_1d,total_cover,17.0,macro
NOR_1Y,5,Block_ZIRP,ZIRP,block_cv,ibor_mom_1m,total_cover,0.0,macro
NOR_1Y,5,Block_ZIRP,ZIRP,block_cv,ibor_term_slope,total_cover,0.0,macro
NOR_1Y,5,Block_ZIRP,ZIRP,block_cv,swap_ibor_basis,total_cover,0.0,curve
NOR_1Y,5,Block_ZIRP,ZIRP,block_cv,move_level,total_cover,2423.0,vol
NOR_1Y,5,Block_ZIRP,ZIRP,block_cv,move_zscore,total_cover,0.0,vol
NOR_1Y,5,Block_ZIRP,ZIRP,block_cv,vix_level,total_cover,0.0,vol
NOR_1Y,5,Block_ZIRP,ZIRP,block_cv,vix_zscore,total_cover,0.0,vol
NOR_1Y,5,Block_ZIRP,ZIRP,block_cv,v2x_level,total_cover,0.0,vol
NOR_1Y,5,Block_ZIRP,ZIRP,block_cv,vxn_level,total_cover,0.0,vol
NOR_1Y,5,Block_ZIRP,ZIRP,block_cv,ovx_level,total_cover,0.0,vol
NOR_1Y,5,Block_ZIRP,ZIRP,block_cv,gvz_level,total_cover,1603.0,vol
NOR_1Y,5,Block_ZIRP,ZIRP,block_cv,spx_mom_1m,total_cover,649.0,macro
NOR_1Y,5,Block_ZIRP,ZIRP,block_cv,spx_mom_3m,total_cover,0.0,macro
NOR_1Y,5,Block_ZIRP,ZIRP,block_cv,sx5e_mom_1m,total_cover,808.0,macro
NOR_1Y,5,Block_ZIRP,ZIRP,block_cv,sx5e_mom_3m,total_cover,0.0,macro
NOR_1Y,5,Block_ZIRP,ZIRP,block_cv,mxwo_mom_1m,total_cover,269.0,macro
NOR_1Y,5,Block_ZIRP,ZIRP,block_cv,ndx_mom_1m,total_cover,0.0,macro
NOR_1Y,5,Block_ZIRP,ZIRP,block_cv,oil_mom_1m,total_cover,0.0,macro
NOR_1Y,5,Block_ZIRP,ZIRP,block_cv,oil_mom_3m,total_cover,0.0,macro
NOR_1Y,5,Block_ZIRP,ZIRP,block_cv,copper_mom_1m,total_cover,59.0,macro
NOR_1Y,5,Block_ZIRP,ZIRP,block_cv,opec_prod,total_cover,16.0,macro
NOR_1Y,5,Block_ZIRP,ZIRP,block_cv,natgas_mom_1m,total_cover,1293.0,macro
NOR_1Y,5,Block_ZIRP,ZIRP,block_cv,be5y_level,total_cover,0.0,macro
NOR_1Y,5,Block_ZIRP,ZIRP,block_cv,be10y_level,total_cover,0.0,macro
NOR_1Y,5,Block_ZIRP,ZIRP,block_cv,be_slope,total_cover,0.0,macro
NOR_1Y,5,Block_ZIRP,ZIRP,block_cv,be5y_chg_1m,total_cover,0.0,macro
NOR_1Y,5,Block_ZIRP,ZIRP,block_cv,ig_spread,total_cover,0.0,credit
NOR_1Y,5,Block_ZIRP,ZIRP,block_cv,hy_spread,total_cover,0.0,credit
NOR_1Y,5,Block_ZIRP,ZIRP,block_cv,ig_chg_1m,total_cover,0.0,credit
NOR_1Y,5,Block_ZIRP,ZIRP,block_cv,hy_chg_1m,total_cover,0.0,credit
NOR_1Y,5,Block_ZIRP,ZIRP,block_cv,cpi_yoy,total_cover,957.0,macro
NOR_1Y,5,Block_ZIRP,ZIRP,block_cv,pce_core_chg,total_cover,0.0,macro
NOR_1Y,5,Block_ZIRP,ZIRP,block_cv,nfp_change,total_cover,0.0,macro
NOR_1Y,5,Block_ZIRP,ZIRP,block_cv,pmi_us,total_cover,0.0,macro
NOR_1Y,5,Block_ZIRP,ZIRP,block_cv,pmi_eur,total_cover,210.0,macro
NOR_1Y,5,Block_ZIRP,ZIRP,block_cv,unemp_eur,total_cover,0.0,macro
NOR_1Y,5,Block_ZIRP,ZIRP,block_cv,cpi_nsa_level,total_cover,0.0,macro
NOR_1Y,5,Block_ZIRP,ZIRP,block_cv,pce_core_level,total_cover,0.0,macro
NOR_1Y,5,Block_ZIRP,ZIRP,block_cv,eur_3m,total_cover,0.0,macro
NOR_1Y,5,Block_ZIRP,ZIRP,block_cv,eur_1w,total_cover,0.0,macro
NOR_1Y,5,Block_ZIRP,ZIRP,block_cv,nor_ibor_1m,total_cover,0.0,norway
NOR_1Y,5,Block_ZIRP,ZIRP,block_cv,nor_ibor_6m,total_cover,0.0,norway
NOR_1Y,5,Block_ZIRP,ZIRP,block_cv,nor_ecb_dfr_chg,total_cover,0.0,norway
NOR_1Y,5,Block_ZIRP,ZIRP,block_cv,nor_ecb_dfr_level,total_cover,0.0,norway
NOR_1Y,5,Block_ZIRP,ZIRP,block_cv,nor_eurnok_chg_1d,total_cover,46.0,norway
NOR_1Y,5,Block_ZIRP,ZIRP,block_cv,nor_eurnok_level,total_cover,0.0,norway
NOR_1Y,5,Block_ZIRP,ZIRP,block_cv,nor_eurnok_mom_1m,total_cover,0.0,norway
NOR_1Y,5,Block_ZIRP,ZIRP,block_cv,nor_eurnok_mom_3m,total_cover,0.0,norway
NOR_1Y,5,Block_ZIRP,ZIRP,block_cv,nor_eurnok_rvol_20d,total_cover,341.0,norway
NOR_1Y,5,Block_ZIRP,ZIRP,block_cv,nor_govt_10y,total_cover,0.0,norway
NOR_1Y,5,Block_ZIRP,ZIRP,block_cv,nor_govt_3y,total_cover,0.0,norway
NOR_1Y,5,Block_ZIRP,ZIRP,block_cv,nor_govt_5y,total_cover,0.0,norway
NOR_1Y,5,Block_ZIRP,ZIRP,block_cv,nor_i44_chg_1d,total_cover,0.0,norway
NOR_1Y,5,Block_ZIRP,ZIRP,block_cv,nor_i44_level,total_cover,0.0,norway
NOR_1Y,5,Block_ZIRP,ZIRP,block_cv,nor_i44_mom_1m,total_cover,0.0,norway
NOR_1Y,5,Block_ZIRP,ZIRP,block_cv,nor_i44_mom_3m,total_cover,0.0,norway
NOR_1Y,5,Block_ZIRP,ZIRP,block_cv,nor_i44_rvol_20d,total_cover,994.0,norway
NOR_1Y,5,Block_ZIRP,ZIRP,block_cv,nor_kpi_yoy,total_cover,0.0,norway
NOR_1Y,5,Block_ZIRP,ZIRP,block_cv,nor_kpijae_yoy,total_cover,0.0,norway
NOR_1Y,5,Block_ZIRP,ZIRP,block_cv,nor_nibor_nowa_spread,total_cover,190.0,norway
NOR_1Y,5,Block_ZIRP,ZIRP,block_cv,nor_nowa_level,total_cover,0.0,norway
NOR_1Y,5,Block_ZIRP,ZIRP,block_cv,nor_polrate_chg_1d,total_cover,0.0,norway
NOR_1Y,5,Block_ZIRP,ZIRP,block_cv,nor_polrate_days_since_chg,total_cover,0.0,norway
NOR_1Y,5,Block_ZIRP,ZIRP,block_cv,nor_polrate_level,total_cover,0.0,norway
NOR_1Y,5,Block_ZIRP,ZIRP,block_cv,nor_rb_rate_chg,total_cover,0.0,norway
NOR_1Y,5,Block_ZIRP,ZIRP,block_cv,nor_rb_rate_level,total_cover,0.0,norway
NOR_1Y,5,Block_ZIRP,ZIRP,block_cv,nor_unemp,total_cover,0.0,norway
NOR_1Y,5,Block_ZIRP,ZIRP,block_cv,nor_usdnok_chg_1d,total_cover,82.0,norway
NOR_1Y,5,Block_ZIRP,ZIRP,block_cv,nor_usdnok_level,total_cover,0.0,norway
NOR_1Y,5,Block_ZIRP,ZIRP,block_cv,nor_usdnok_mom_1m,total_cover,273.0,norway
NOR_1Y,5,Block_ZIRP,ZIRP,block_cv,nor_usdnok_mom_3m,total_cover,83.0,norway
NOR_1Y,5,Block_ZIRP,ZIRP,block_cv,nor_usdnok_rvol_20d,total_cover,0.0,norway
NOR_1Y,5,Block_ZIRP,ZIRP,block_cv,swap_govt_spread,total_cover,0.0,norway
NOR_1Y,5,Block_ZIRP,ZIRP,block_cv,xmpca_01,total_cover,0.0,cross_market
NOR_1Y,5,Block_ZIRP,ZIRP,block_cv,xmpca_02,total_cover,0.0,cross_market
NOR_1Y,5,Block_ZIRP,ZIRP,block_cv,xmpca_03,total_cover,0.0,cross_market
NOR_1Y,5,Block_ZIRP,ZIRP,block_cv,xmpca_04,total_cover,0.0,cross_market
NOR_1Y,5,Block_ZIRP,ZIRP,block_cv,xmpca_05,total_cover,7.0,cross_market
NOR_1Y,5,Block_ZIRP,ZIRP,block_cv,xmpca_06,total_cover,8.0,cross_market
NOR_1Y,5,Block_ZIRP,ZIRP,block_cv,xmpca_07,total_cover,0.0,cross_market
NOR_1Y,5,Block_ZIRP,ZIRP,block_cv,xmpca_08,total_cover,0.0,cross_market
NOR_1Y,5,Block_ZIRP,ZIRP,block_cv,xmpca_09,total_cover,0.0,cross_market
NOR_1Y,5,Block_ZIRP,ZIRP,block_cv,xmpca_10,total_cover,30.0,cross_market
NOR_1Y,5,Block_ZIRP,ZIRP,block_cv,xmpca_11,total_cover,0.0,cross_market
NOR_1Y,5,Block_ZIRP,ZIRP,block_cv,xmpca_12,total_cover,0.0,cross_market
NOR_1Y,5,Block_ZIRP,ZIRP,block_cv,chg_lag1,shap_mean_abs,1.497509742875991e-06,momentum
NOR_1Y,5,Block_ZIRP,ZIRP,block_cv,chg_lag2,shap_mean_abs,1.0176340765610803e-06,momentum
NOR_1Y,5,Block_ZIRP,ZIRP,block_cv,chg_lag3,shap_mean_abs,4.044158686156152e-06,momentum
NOR_1Y,5,Block_ZIRP,ZIRP,block_cv,chg_lag4,shap_mean_abs,0.0,momentum
NOR_1Y,5,Block_ZIRP,ZIRP,block_cv,chg_lag5,shap_mean_abs,6.852617843833286e-06,momentum
NOR_1Y,5,Block_ZIRP,ZIRP,block_cv,carry_roll,shap_mean_abs,6.89646753926354e-07,carry_roll
NOR_1Y,5,Block_ZIRP,ZIRP,block_cv,mom_63d,shap_mean_abs,5.685566065949388e-06,momentum
NOR_1Y,5,Block_ZIRP,ZIRP,block_cv,mom_1m,shap_mean_abs,0.00016395188868045807,momentum
NOR_1Y,5,Block_ZIRP,ZIRP,block_cv,mom_3m,shap_mean_abs,0.0008192443056032062,momentum
NOR_1Y,5,Block_ZIRP,ZIRP,block_cv,mom_6m,shap_mean_abs,0.0,momentum
NOR_1Y,5,Block_ZIRP,ZIRP,block_cv,mom_12m,shap_mean_abs,0.0,momentum
NOR_1Y,5,Block_ZIRP,ZIRP,block_cv,dev_ma_3m,shap_mean_abs,0.0,curve
NOR_1Y,5,Block_ZIRP,ZIRP,block_cv,dev_ma_12m,shap_mean_abs,0.0,curve
NOR_1Y,5,Block_ZIRP,ZIRP,block_cv,vol_20d,shap_mean_abs,0.0,vol
NOR_1Y,5,Block_ZIRP,ZIRP,block_cv,vol_regime,shap_mean_abs,0.0,vol
NOR_1Y,5,Block_ZIRP,ZIRP,block_cv,vol_zscore,shap_mean_abs,3.078283407376148e-05,vol
NOR_1Y,5,Block_ZIRP,ZIRP,block_cv,level_zscore,shap_mean_abs,0.0008114620577543974,curve
NOR_1Y,5,Block_ZIRP,ZIRP,block_cv,slope_10_1,shap_mean_abs,0.0,curve
NOR_1Y,5,Block_ZIRP,ZIRP,block_cv,slope_10_5,shap_mean_abs,0.0,curve
NOR_1Y,5,Block_ZIRP,ZIRP,block_cv,slope_5_1,shap_mean_abs,0.0,curve
NOR_1Y,5,Block_ZIRP,ZIRP,block_cv,sofr_mom_1m,shap_mean_abs,0.00047905053361319005,macro
NOR_1Y,5,Block_ZIRP,ZIRP,block_cv,ibor_level,shap_mean_abs,0.0,macro
NOR_1Y,5,Block_ZIRP,ZIRP,block_cv,ibor_chg_1d,shap_mean_abs,6.781755928386701e-06,macro
NOR_1Y,5,Block_ZIRP,ZIRP,block_cv,ibor_mom_1m,shap_mean_abs,0.0,macro
NOR_1Y,5,Block_ZIRP,ZIRP,block_cv,ibor_term_slope,shap_mean_abs,0.0,macro
NOR_1Y,5,Block_ZIRP,ZIRP,block_cv,swap_ibor_basis,shap_mean_abs,0.0,curve
NOR_1Y,5,Block_ZIRP,ZIRP,block_cv,move_level,shap_mean_abs,0.0003601847274694592,vol
NOR_1Y,5,Block_ZIRP,ZIRP,block_cv,move_zscore,shap_mean_abs,0.0,vol
NOR_1Y,5,Block_ZIRP,ZIRP,block_cv,vix_level,shap_mean_abs,0.0,vol
NOR_1Y,5,Block_ZIRP,ZIRP,block_cv,vix_zscore,shap_mean_abs,0.0,vol
NOR_1Y,5,Block_ZIRP,ZIRP,block_cv,v2x_level,shap_mean_abs,0.0,vol
NOR_1Y,5,Block_ZIRP,ZIRP,block_cv,vxn_level,shap_mean_abs,0.0,vol
NOR_1Y,5,Block_ZIRP,ZIRP,block_cv,ovx_level,shap_mean_abs,0.0,vol
NOR_1Y,5,Block_ZIRP,ZIRP,block_cv,gvz_level,shap_mean_abs,0.00021362036932259798,vol
NOR_1Y,5,Block_ZIRP,ZIRP,block_cv,spx_mom_1m,shap_mean_abs,0.00021596842270810157,macro
NOR_1Y,5,Block_ZIRP,ZIRP,block_cv,spx_mom_3m,shap_mean_abs,0.0,macro
NOR_1Y,5,Block_ZIRP,ZIRP,block_cv,sx5e_mom_1m,shap_mean_abs,4.68921716674231e-05,macro
NOR_1Y,5,Block_ZIRP,ZIRP,block_cv,sx5e_mom_3m,shap_mean_abs,0.0,macro
NOR_1Y,5,Block_ZIRP,ZIRP,block_cv,mxwo_mom_1m,shap_mean_abs,4.27359773311764e-05,macro
NOR_1Y,5,Block_ZIRP,ZIRP,block_cv,ndx_mom_1m,shap_mean_abs,0.0,macro
NOR_1Y,5,Block_ZIRP,ZIRP,block_cv,oil_mom_1m,shap_mean_abs,0.0,macro
NOR_1Y,5,Block_ZIRP,ZIRP,block_cv,oil_mom_3m,shap_mean_abs,0.0,macro
NOR_1Y,5,Block_ZIRP,ZIRP,block_cv,copper_mom_1m,shap_mean_abs,5.160750151844695e-05,macro
NOR_1Y,5,Block_ZIRP,ZIRP,block_cv,opec_prod,shap_mean_abs,2.428042353130877e-05,macro
NOR_1Y,5,Block_ZIRP,ZIRP,block_cv,natgas_mom_1m,shap_mean_abs,0.00041276763658970594,macro
NOR_1Y,5,Block_ZIRP,ZIRP,block_cv,be5y_level,shap_mean_abs,0.0,macro
NOR_1Y,5,Block_ZIRP,ZIRP,block_cv,be10y_level,shap_mean_abs,0.0,macro
NOR_1Y,5,Block_ZIRP,ZIRP,block_cv,be_slope,shap_mean_abs,0.0,macro
NOR_1Y,5,Block_ZIRP,ZIRP,block_cv,be5y_chg_1m,shap_mean_abs,0.0,macro
NOR_1Y,5,Block_ZIRP,ZIRP,block_cv,ig_spread,shap_mean_abs,0.0,credit
NOR_1Y,5,Block_ZIRP,ZIRP,block_cv,hy_spread,shap_mean_abs,0.0,credit
NOR_1Y,5,Block_ZIRP,ZIRP,block_cv,ig_chg_1m,shap_mean_abs,0.0,credit
NOR_1Y,5,Block_ZIRP,ZIRP,block_cv,hy_chg_1m,shap_mean_abs,0.0,credit
NOR_1Y,5,Block_ZIRP,ZIRP,block_cv,cpi_yoy,shap_mean_abs,0.0002651533577591181,macro
NOR_1Y,5,Block_ZIRP,ZIRP,block_cv,pce_core_chg,shap_mean_abs,0.0,macro
NOR_1Y,5,Block_ZIRP,ZIRP,block_cv,nfp_change,shap_mean_abs,0.0,macro
NOR_1Y,5,Block_ZIRP,ZIRP,block_cv,pmi_us,shap_mean_abs,0.0,macro
NOR_1Y,5,Block_ZIRP,ZIRP,block_cv,pmi_eur,shap_mean_abs,8.41523869894445e-05,macro
NOR_1Y,5,Block_ZIRP,ZIRP,block_cv,unemp_eur,shap_mean_abs,0.0,macro
NOR_1Y,5,Block_ZIRP,ZIRP,block_cv,cpi_nsa_level,shap_mean_abs,0.0,macro
NOR_1Y,5,Block_ZIRP,ZIRP,block_cv,pce_core_level,shap_mean_abs,0.0,macro
NOR_1Y,5,Block_ZIRP,ZIRP,block_cv,eur_3m,shap_mean_abs,0.0,macro
NOR_1Y,5,Block_ZIRP,ZIRP,block_cv,eur_1w,shap_mean_abs,0.0,macro
NOR_1Y,5,Block_ZIRP,ZIRP,block_cv,nor_ibor_1m,shap_mean_abs,0.0,norway
NOR_1Y,5,Block_ZIRP,ZIRP,block_cv,nor_ibor_6m,shap_mean_abs,0.0,norway
NOR_1Y,5,Block_ZIRP,ZIRP,block_cv,nor_ecb_dfr_chg,shap_mean_abs,0.0,norway
NOR_1Y,5,Block_ZIRP,ZIRP,block_cv,nor_ecb_dfr_level,shap_mean_abs,0.0,norway
NOR_1Y,5,Block_ZIRP,ZIRP,block_cv,nor_eurnok_chg_1d,shap_mean_abs,6.989005487412214e-05,norway
NOR_1Y,5,Block_ZIRP,ZIRP,block_cv,nor_eurnok_level,shap_mean_abs,0.0,norway
NOR_1Y,5,Block_ZIRP,ZIRP,block_cv,nor_eurnok_mom_1m,shap_mean_abs,0.0,norway
NOR_1Y,5,Block_ZIRP,ZIRP,block_cv,nor_eurnok_mom_3m,shap_mean_abs,0.0,norway
NOR_1Y,5,Block_ZIRP,ZIRP,block_cv,nor_eurnok_rvol_20d,shap_mean_abs,8.343875379068777e-05,norway
NOR_1Y,5,Block_ZIRP,ZIRP,block_cv,nor_govt_10y,shap_mean_abs,0.0,norway
NOR_1Y,5,Block_ZIRP,ZIRP,block_cv,nor_govt_3y,shap_mean_abs,0.0,norway
NOR_1Y,5,Block_ZIRP,ZIRP,block_cv,nor_govt_5y,shap_mean_abs,0.0,norway
NOR_1Y,5,Block_ZIRP,ZIRP,block_cv,nor_i44_chg_1d,shap_mean_abs,0.0,norway
NOR_1Y,5,Block_ZIRP,ZIRP,block_cv,nor_i44_level,shap_mean_abs,0.0,norway
NOR_1Y,5,Block_ZIRP,ZIRP,block_cv,nor_i44_mom_1m,shap_mean_abs,0.0,norway
NOR_1Y,5,Block_ZIRP,ZIRP,block_cv,nor_i44_mom_3m,shap_mean_abs,0.0,norway
NOR_1Y,5,Block_ZIRP,ZIRP,block_cv,nor_i44_rvol_20d,shap_mean_abs,0.0005656399880535901,norway
NOR_1Y,5,Block_ZIRP,ZIRP,block_cv,nor_kpi_yoy,shap_mean_abs,0.0,norway
NOR_1Y,5,Block_ZIRP,ZIRP,block_cv,nor_kpijae_yoy,shap_mean_abs,0.0,norway
NOR_1Y,5,Block_ZIRP,ZIRP,block_cv,nor_nibor_nowa_spread,shap_mean_abs,1.4191672562446911e-05,norway
NOR_1Y,5,Block_ZIRP,ZIRP,block_cv,nor_nowa_level,shap_mean_abs,0.0,norway
NOR_1Y,5,Block_ZIRP,ZIRP,block_cv,nor_polrate_chg_1d,shap_mean_abs,0.0,norway
NOR_1Y,5,Block_ZIRP,ZIRP,block_cv,nor_polrate_days_since_chg,shap_mean_abs,0.0,norway
NOR_1Y,5,Block_ZIRP,ZIRP,block_cv,nor_polrate_level,shap_mean_abs,0.0,norway
NOR_1Y,5,Block_ZIRP,ZIRP,block_cv,nor_rb_rate_chg,shap_mean_abs,0.0,norway
NOR_1Y,5,Block_ZIRP,ZIRP,block_cv,nor_rb_rate_level,shap_mean_abs,0.0,norway
NOR_1Y,5,Block_ZIRP,ZIRP,block_cv,nor_unemp,shap_mean_abs,0.0,norway
NOR_1Y,5,Block_ZIRP,ZIRP,block_cv,nor_usdnok_chg_1d,shap_mean_abs,4.548244396573864e-05,norway
NOR_1Y,5,Block_ZIRP,ZIRP,block_cv,nor_usdnok_level,shap_mean_abs,0.0,norway
NOR_1Y,5,Block_ZIRP,ZIRP,block_cv,nor_usdnok_mom_1m,shap_mean_abs,9.512383985565975e-05,norway
NOR_1Y,5,Block_ZIRP,ZIRP,block_cv,nor_usdnok_mom_3m,shap_mean_abs,2.0938945453963242e-05,norway
NOR_1Y,5,Block_ZIRP,ZIRP,block_cv,nor_usdnok_rvol_20d,shap_mean_abs,0.0,norway
NOR_1Y,5,Block_ZIRP,ZIRP,block_cv,swap_govt_spread,shap_mean_abs,0.0,norway
NOR_1Y,5,Block_ZIRP,ZIRP,block_cv,xmpca_01,shap_mean_abs,0.0,cross_market
NOR_1Y,5,Block_ZIRP,ZIRP,block_cv,xmpca_02,shap_mean_abs,0.0,cross_market
NOR_1Y,5,Block_ZIRP,ZIRP,block_cv,xmpca_03,shap_mean_abs,0.0,cross_market
NOR_1Y,5,Block_ZIRP,ZIRP,block_cv,xmpca_04,shap_mean_abs,0.0,cross_market
NOR_1Y,5,Block_ZIRP,ZIRP,block_cv,xmpca_05,shap_mean_abs,2.576673068688251e-06,cross_market
NOR_1Y,5,Block_ZIRP,ZIRP,block_cv,xmpca_06,shap_mean_abs,2.4572980237280717e-06,cross_market
NOR_1Y,5,Block_ZIRP,ZIRP,block_cv,xmpca_07,shap_mean_abs,0.0,cross_market
NOR_1Y,5,Block_ZIRP,ZIRP,block_cv,xmpca_08,shap_mean_abs,0.0,cross_market
NOR_1Y,5,Block_ZIRP,ZIRP,block_cv,xmpca_09,shap_mean_abs,0.0,cross_market
NOR_1Y,5,Block_ZIRP,ZIRP,block_cv,xmpca_10,shap_mean_abs,3.283010664745234e-05,cross_market
NOR_1Y,5,Block_ZIRP,ZIRP,block_cv,xmpca_11,shap_mean_abs,0.0,cross_market
NOR_1Y,5,Block_ZIRP,ZIRP,block_cv,xmpca_12,shap_mean_abs,0.0,cross_market
NOR_1Y,5,Block_COVID,COVID,block_cv,chg_lag1,gain,0.05956244468688965,momentum
NOR_1Y,5,Block_COVID,COVID,block_cv,chg_lag2,gain,0.0,momentum
NOR_1Y,5,Block_COVID,COVID,block_cv,chg_lag3,gain,0.007240667473524809,momentum
NOR_1Y,5,Block_COVID,COVID,block_cv,chg_lag4,gain,0.0,momentum
NOR_1Y,5,Block_COVID,COVID,block_cv,chg_lag5,gain,0.07253950089216232,momentum
NOR_1Y,5,Block_COVID,COVID,block_cv,carry_roll,gain,0.0,carry_roll
NOR_1Y,5,Block_COVID,COVID,block_cv,mom_63d,gain,0.13374987244606018,momentum
NOR_1Y,5,Block_COVID,COVID,block_cv,mom_1m,gain,0.08790302276611328,momentum
NOR_1Y,5,Block_COVID,COVID,block_cv,mom_3m,gain,0.07941044867038727,momentum
NOR_1Y,5,Block_COVID,COVID,block_cv,mom_6m,gain,0.07177898287773132,momentum
NOR_1Y,5,Block_COVID,COVID,block_cv,mom_12m,gain,0.0,momentum
NOR_1Y,5,Block_COVID,COVID,block_cv,dev_ma_3m,gain,0.0,curve
NOR_1Y,5,Block_COVID,COVID,block_cv,dev_ma_12m,gain,0.058392420411109924,curve
NOR_1Y,5,Block_COVID,COVID,block_cv,vol_20d,gain,0.2592740058898926,vol
NOR_1Y,5,Block_COVID,COVID,block_cv,vol_regime,gain,0.012038663029670715,vol
NOR_1Y,5,Block_COVID,COVID,block_cv,vol_zscore,gain,0.0,vol
NOR_1Y,5,Block_COVID,COVID,block_cv,level_zscore,gain,0.0,curve
NOR_1Y,5,Block_COVID,COVID,block_cv,slope_10_1,gain,0.05879780650138855,curve
NOR_1Y,5,Block_COVID,COVID,block_cv,slope_10_5,gain,0.03309614956378937,curve
NOR_1Y,5,Block_COVID,COVID,block_cv,slope_5_1,gain,0.0,curve
NOR_1Y,5,Block_COVID,COVID,block_cv,sofr_mom_1m,gain,0.08097746223211288,macro
NOR_1Y,5,Block_COVID,COVID,block_cv,ibor_level,gain,0.04398518055677414,macro
NOR_1Y,5,Block_COVID,COVID,block_cv,ibor_chg_1d,gain,0.08806123584508896,macro
NOR_1Y,5,Block_COVID,COVID,block_cv,ibor_mom_1m,gain,0.04926009476184845,macro
NOR_1Y,5,Block_COVID,COVID,block_cv,ibor_term_slope,gain,0.0627298578619957,macro
NOR_1Y,5,Block_COVID,COVID,block_cv,swap_ibor_basis,gain,0.24420493841171265,curve
NOR_1Y,5,Block_COVID,COVID,block_cv,move_level,gain,0.46015307307243347,vol
NOR_1Y,5,Block_COVID,COVID,block_cv,move_zscore,gain,0.0,vol
NOR_1Y,5,Block_COVID,COVID,block_cv,vix_level,gain,0.0,vol
NOR_1Y,5,Block_COVID,COVID,block_cv,vix_zscore,gain,0.0,vol
NOR_1Y,5,Block_COVID,COVID,block_cv,v2x_level,gain,0.027538610622286797,vol
NOR_1Y,5,Block_COVID,COVID,block_cv,vxn_level,gain,0.0,vol
NOR_1Y,5,Block_COVID,COVID,block_cv,ovx_level,gain,0.07304760813713074,vol
NOR_1Y,5,Block_COVID,COVID,block_cv,gvz_level,gain,0.322940856218338,vol
NOR_1Y,5,Block_COVID,COVID,block_cv,spx_mom_1m,gain,0.0,macro
NOR_1Y,5,Block_COVID,COVID,block_cv,spx_mom_3m,gain,0.0,macro
NOR_1Y,5,Block_COVID,COVID,block_cv,sx5e_mom_1m,gain,0.0,macro
NOR_1Y,5,Block_COVID,COVID,block_cv,sx5e_mom_3m,gain,0.014979725703597069,macro
NOR_1Y,5,Block_COVID,COVID,block_cv,mxwo_mom_1m,gain,0.025574209168553352,macro
NOR_1Y,5,Block_COVID,COVID,block_cv,ndx_mom_1m,gain,0.0,macro
NOR_1Y,5,Block_COVID,COVID,block_cv,oil_mom_1m,gain,0.08897854387760162,macro
NOR_1Y,5,Block_COVID,COVID,block_cv,oil_mom_3m,gain,0.0,macro
NOR_1Y,5,Block_COVID,COVID,block_cv,copper_mom_1m,gain,0.0,macro
NOR_1Y,5,Block_COVID,COVID,block_cv,opec_prod,gain,0.019129544496536255,macro
NOR_1Y,5,Block_COVID,COVID,block_cv,natgas_mom_1m,gain,0.09839114546775818,macro
NOR_1Y,5,Block_COVID,COVID,block_cv,be5y_level,gain,0.0,macro
NOR_1Y,5,Block_COVID,COVID,block_cv,be10y_level,gain,0.0,macro
NOR_1Y,5,Block_COVID,COVID,block_cv,be_slope,gain,0.047730304300785065,macro
NOR_1Y,5,Block_COVID,COVID,block_cv,be5y_chg_1m,gain,0.0,macro
NOR_1Y,5,Block_COVID,COVID,block_cv,ig_spread,gain,0.0,credit
NOR_1Y,5,Block_COVID,COVID,block_cv,hy_spread,gain,0.10861280560493469,credit
NOR_1Y,5,Block_COVID,COVID,block_cv,ig_chg_1m,gain,0.0,credit
NOR_1Y,5,Block_COVID,COVID,block_cv,hy_chg_1m,gain,0.0,credit
NOR_1Y,5,Block_COVID,COVID,block_cv,cpi_yoy,gain,0.057747192680835724,macro
NOR_1Y,5,Block_COVID,COVID,block_cv,pce_core_chg,gain,0.0,macro
NOR_1Y,5,Block_COVID,COVID,block_cv,nfp_change,gain,0.10521204769611359,macro
NOR_1Y,5,Block_COVID,COVID,block_cv,pmi_us,gain,0.04293851554393768,macro
NOR_1Y,5,Block_COVID,COVID,block_cv,pmi_eur,gain,0.0,macro
NOR_1Y,5,Block_COVID,COVID,block_cv,unemp_eur,gain,0.0,macro
NOR_1Y,5,Block_COVID,COVID,block_cv,cpi_nsa_level,gain,0.0,macro
NOR_1Y,5,Block_COVID,COVID,block_cv,pce_core_level,gain,0.0,macro
NOR_1Y,5,Block_COVID,COVID,block_cv,eur_3m,gain,0.06465977430343628,macro
NOR_1Y,5,Block_COVID,COVID,block_cv,eur_1w,gain,0.05187733471393585,macro
NOR_1Y,5,Block_COVID,COVID,block_cv,nor_ibor_1m,gain,0.6684189438819885,norway
NOR_1Y,5,Block_COVID,COVID,block_cv,nor_ibor_6m,gain,0.18607407808303833,norway
NOR_1Y,5,Block_COVID,COVID,block_cv,nor_ecb_dfr_chg,gain,0.0,norway
NOR_1Y,5,Block_COVID,COVID,block_cv,nor_ecb_dfr_level,gain,0.0,norway
NOR_1Y,5,Block_COVID,COVID,block_cv,nor_eurnok_chg_1d,gain,0.04871457815170288,norway
NOR_1Y,5,Block_COVID,COVID,block_cv,nor_eurnok_level,gain,0.043928198516368866,norway
NOR_1Y,5,Block_COVID,COVID,block_cv,nor_eurnok_mom_1m,gain,0.0,norway
NOR_1Y,5,Block_COVID,COVID,block_cv,nor_eurnok_mom_3m,gain,0.06250538676977158,norway
NOR_1Y,5,Block_COVID,COVID,block_cv,nor_eurnok_rvol_20d,gain,0.020672500133514404,norway
NOR_1Y,5,Block_COVID,COVID,block_cv,nor_govt_10y,gain,0.10858499258756638,norway
NOR_1Y,5,Block_COVID,COVID,block_cv,nor_govt_3y,gain,0.05416615307331085,norway
NOR_1Y,5,Block_COVID,COVID,block_cv,nor_govt_5y,gain,0.08742842823266983,norway
NOR_1Y,5,Block_COVID,COVID,block_cv,nor_i44_chg_1d,gain,0.06151246279478073,norway
NOR_1Y,5,Block_COVID,COVID,block_cv,nor_i44_level,gain,0.0,norway
NOR_1Y,5,Block_COVID,COVID,block_cv,nor_i44_mom_1m,gain,0.061579473316669464,norway
NOR_1Y,5,Block_COVID,COVID,block_cv,nor_i44_mom_3m,gain,0.0,norway
NOR_1Y,5,Block_COVID,COVID,block_cv,nor_i44_rvol_20d,gain,0.050530340522527695,norway
NOR_1Y,5,Block_COVID,COVID,block_cv,nor_kpi_yoy,gain,0.0,norway
NOR_1Y,5,Block_COVID,COVID,block_cv,nor_kpijae_yoy,gain,0.0,norway
NOR_1Y,5,Block_COVID,COVID,block_cv,nor_nibor_nowa_spread,gain,0.0,norway
NOR_1Y,5,Block_COVID,COVID,block_cv,nor_nowa_level,gain,0.0,norway
NOR_1Y,5,Block_COVID,COVID,block_cv,nor_polrate_chg_1d,gain,0.0,norway
NOR_1Y,5,Block_COVID,COVID,block_cv,nor_polrate_days_since_chg,gain,0.05031139776110649,norway
NOR_1Y,5,Block_COVID,COVID,block_cv,nor_polrate_level,gain,0.0,norway
NOR_1Y,5,Block_COVID,COVID,block_cv,nor_rb_rate_chg,gain,0.0,norway
NOR_1Y,5,Block_COVID,COVID,block_cv,nor_rb_rate_level,gain,0.0,norway
NOR_1Y,5,Block_COVID,COVID,block_cv,nor_unemp,gain,0.08098435401916504,norway
NOR_1Y,5,Block_COVID,COVID,block_cv,nor_usdnok_chg_1d,gain,0.0,norway
NOR_1Y,5,Block_COVID,COVID,block_cv,nor_usdnok_level,gain,0.0,norway
NOR_1Y,5,Block_COVID,COVID,block_cv,nor_usdnok_mom_1m,gain,0.0,norway
NOR_1Y,5,Block_COVID,COVID,block_cv,nor_usdnok_mom_3m,gain,0.03517274558544159,norway
NOR_1Y,5,Block_COVID,COVID,block_cv,nor_usdnok_rvol_20d,gain,0.0,norway
NOR_1Y,5,Block_COVID,COVID,block_cv,swap_govt_spread,gain,0.0,norway
NOR_1Y,5,Block_COVID,COVID,block_cv,xmpca_01,gain,0.0,cross_market
NOR_1Y,5,Block_COVID,COVID,block_cv,xmpca_02,gain,0.0,cross_market
NOR_1Y,5,Block_COVID,COVID,block_cv,xmpca_03,gain,0.17663723230361938,cross_market
NOR_1Y,5,Block_COVID,COVID,block_cv,xmpca_04,gain,0.1372355818748474,cross_market
NOR_1Y,5,Block_COVID,COVID,block_cv,xmpca_05,gain,0.05916030704975128,cross_market
NOR_1Y,5,Block_COVID,COVID,block_cv,xmpca_06,gain,0.06307558715343475,cross_market
NOR_1Y,5,Block_COVID,COVID,block_cv,xmpca_07,gain,0.0,cross_market
NOR_1Y,5,Block_COVID,COVID,block_cv,xmpca_08,gain,0.04663141816854477,cross_market
NOR_1Y,5,Block_COVID,COVID,block_cv,xmpca_09,gain,0.0,cross_market
NOR_1Y,5,Block_COVID,COVID,block_cv,xmpca_10,gain,0.0,cross_market
NOR_1Y,5,Block_COVID,COVID,block_cv,xmpca_11,gain,0.0,cross_market
NOR_1Y,5,Block_COVID,COVID,block_cv,xmpca_12,gain,0.0208345465362072,cross_market
NOR_1Y,5,Block_COVID,COVID,block_cv,chg_lag1,weight,3.0,momentum
NOR_1Y,5,Block_COVID,COVID,block_cv,chg_lag2,weight,0.0,momentum
NOR_1Y,5,Block_COVID,COVID,block_cv,chg_lag3,weight,1.0,momentum
NOR_1Y,5,Block_COVID,COVID,block_cv,chg_lag4,weight,0.0,momentum
NOR_1Y,5,Block_COVID,COVID,block_cv,chg_lag5,weight,1.0,momentum
NOR_1Y,5,Block_COVID,COVID,block_cv,carry_roll,weight,0.0,carry_roll
NOR_1Y,5,Block_COVID,COVID,block_cv,mom_63d,weight,1.0,momentum
NOR_1Y,5,Block_COVID,COVID,block_cv,mom_1m,weight,1.0,momentum
NOR_1Y,5,Block_COVID,COVID,block_cv,mom_3m,weight,2.0,momentum
NOR_1Y,5,Block_COVID,COVID,block_cv,mom_6m,weight,1.0,momentum
NOR_1Y,5,Block_COVID,COVID,block_cv,mom_12m,weight,0.0,momentum
NOR_1Y,5,Block_COVID,COVID,block_cv,dev_ma_3m,weight,0.0,curve
NOR_1Y,5,Block_COVID,COVID,block_cv,dev_ma_12m,weight,2.0,curve
NOR_1Y,5,Block_COVID,COVID,block_cv,vol_20d,weight,4.0,vol
NOR_1Y,5,Block_COVID,COVID,block_cv,vol_regime,weight,1.0,vol
NOR_1Y,5,Block_COVID,COVID,block_cv,vol_zscore,weight,0.0,vol
NOR_1Y,5,Block_COVID,COVID,block_cv,level_zscore,weight,0.0,curve
NOR_1Y,5,Block_COVID,COVID,block_cv,slope_10_1,weight,1.0,curve
NOR_1Y,5,Block_COVID,COVID,block_cv,slope_10_5,weight,1.0,curve
NOR_1Y,5,Block_COVID,COVID,block_cv,slope_5_1,weight,0.0,curve
NOR_1Y,5,Block_COVID,COVID,block_cv,sofr_mom_1m,weight,2.0,macro
NOR_1Y,5,Block_COVID,COVID,block_cv,ibor_level,weight,1.0,macro
NOR_1Y,5,Block_COVID,COVID,block_cv,ibor_chg_1d,weight,2.0,macro
NOR_1Y,5,Block_COVID,COVID,block_cv,ibor_mom_1m,weight,1.0,macro
NOR_1Y,5,Block_COVID,COVID,block_cv,ibor_term_slope,weight,3.0,macro
NOR_1Y,5,Block_COVID,COVID,block_cv,swap_ibor_basis,weight,2.0,curve
NOR_1Y,5,Block_COVID,COVID,block_cv,move_level,weight,1.0,vol
NOR_1Y,5,Block_COVID,COVID,block_cv,move_zscore,weight,0.0,vol
NOR_1Y,5,Block_COVID,COVID,block_cv,vix_level,weight,0.0,vol
NOR_1Y,5,Block_COVID,COVID,block_cv,vix_zscore,weight,0.0,vol
NOR_1Y,5,Block_COVID,COVID,block_cv,v2x_level,weight,1.0,vol
NOR_1Y,5,Block_COVID,COVID,block_cv,vxn_level,weight,0.0,vol
NOR_1Y,5,Block_COVID,COVID,block_cv,ovx_level,weight,1.0,vol
NOR_1Y,5,Block_COVID,COVID,block_cv,gvz_level,weight,2.0,vol
NOR_1Y,5,Block_COVID,COVID,block_cv,spx_mom_1m,weight,0.0,macro
NOR_1Y,5,Block_COVID,COVID,block_cv,spx_mom_3m,weight,0.0,macro
NOR_1Y,5,Block_COVID,COVID,block_cv,sx5e_mom_1m,weight,0.0,macro
NOR_1Y,5,Block_COVID,COVID,block_cv,sx5e_mom_3m,weight,1.0,macro
NOR_1Y,5,Block_COVID,COVID,block_cv,mxwo_mom_1m,weight,1.0,macro
NOR_1Y,5,Block_COVID,COVID,block_cv,ndx_mom_1m,weight,0.0,macro
NOR_1Y,5,Block_COVID,COVID,block_cv,oil_mom_1m,weight,1.0,macro
NOR_1Y,5,Block_COVID,COVID,block_cv,oil_mom_3m,weight,0.0,macro
NOR_1Y,5,Block_COVID,COVID,block_cv,copper_mom_1m,weight,0.0,macro
NOR_1Y,5,Block_COVID,COVID,block_cv,opec_prod,weight,1.0,macro
NOR_1Y,5,Block_COVID,COVID,block_cv,natgas_mom_1m,weight,2.0,macro
NOR_1Y,5,Block_COVID,COVID,block_cv,be5y_level,weight,0.0,macro
NOR_1Y,5,Block_COVID,COVID,block_cv,be10y_level,weight,0.0,macro
NOR_1Y,5,Block_COVID,COVID,block_cv,be_slope,weight,1.0,macro
NOR_1Y,5,Block_COVID,COVID,block_cv,be5y_chg_1m,weight,0.0,macro
NOR_1Y,5,Block_COVID,COVID,block_cv,ig_spread,weight,0.0,credit
NOR_1Y,5,Block_COVID,COVID,block_cv,hy_spread,weight,1.0,credit
NOR_1Y,5,Block_COVID,COVID,block_cv,ig_chg_1m,weight,0.0,credit
NOR_1Y,5,Block_COVID,COVID,block_cv,hy_chg_1m,weight,0.0,credit
NOR_1Y,5,Block_COVID,COVID,block_cv,cpi_yoy,weight,2.0,macro
NOR_1Y,5,Block_COVID,COVID,block_cv,pce_core_chg,weight,0.0,macro
NOR_1Y,5,Block_COVID,COVID,block_cv,nfp_change,weight,2.0,macro
NOR_1Y,5,Block_COVID,COVID,block_cv,pmi_us,weight,2.0,macro
NOR_1Y,5,Block_COVID,COVID,block_cv,pmi_eur,weight,0.0,macro
NOR_1Y,5,Block_COVID,COVID,block_cv,unemp_eur,weight,0.0,macro
NOR_1Y,5,Block_COVID,COVID,block_cv,cpi_nsa_level,weight,0.0,macro
NOR_1Y,5,Block_COVID,COVID,block_cv,pce_core_level,weight,0.0,macro
NOR_1Y,5,Block_COVID,COVID,block_cv,eur_3m,weight,1.0,macro
NOR_1Y,5,Block_COVID,COVID,block_cv,eur_1w,weight,1.0,macro
NOR_1Y,5,Block_COVID,COVID,block_cv,nor_ibor_1m,weight,1.0,norway
NOR_1Y,5,Block_COVID,COVID,block_cv,nor_ibor_6m,weight,2.0,norway
NOR_1Y,5,Block_COVID,COVID,block_cv,nor_ecb_dfr_chg,weight,0.0,norway
NOR_1Y,5,Block_COVID,COVID,block_cv,nor_ecb_dfr_level,weight,0.0,norway
NOR_1Y,5,Block_COVID,COVID,block_cv,nor_eurnok_chg_1d,weight,1.0,norway
NOR_1Y,5,Block_COVID,COVID,block_cv,nor_eurnok_level,weight,1.0,norway
NOR_1Y,5,Block_COVID,COVID,block_cv,nor_eurnok_mom_1m,weight,0.0,norway
NOR_1Y,5,Block_COVID,COVID,block_cv,nor_eurnok_mom_3m,weight,1.0,norway
NOR_1Y,5,Block_COVID,COVID,block_cv,nor_eurnok_rvol_20d,weight,2.0,norway
NOR_1Y,5,Block_COVID,COVID,block_cv,nor_govt_10y,weight,1.0,norway
NOR_1Y,5,Block_COVID,COVID,block_cv,nor_govt_3y,weight,4.0,norway
NOR_1Y,5,Block_COVID,COVID,block_cv,nor_govt_5y,weight,1.0,norway
NOR_1Y,5,Block_COVID,COVID,block_cv,nor_i44_chg_1d,weight,2.0,norway
NOR_1Y,5,Block_COVID,COVID,block_cv,nor_i44_level,weight,0.0,norway
NOR_1Y,5,Block_COVID,COVID,block_cv,nor_i44_mom_1m,weight,2.0,norway
NOR_1Y,5,Block_COVID,COVID,block_cv,nor_i44_mom_3m,weight,0.0,norway
NOR_1Y,5,Block_COVID,COVID,block_cv,nor_i44_rvol_20d,weight,3.0,norway
NOR_1Y,5,Block_COVID,COVID,block_cv,nor_kpi_yoy,weight,0.0,norway
NOR_1Y,5,Block_COVID,COVID,block_cv,nor_kpijae_yoy,weight,0.0,norway
NOR_1Y,5,Block_COVID,COVID,block_cv,nor_nibor_nowa_spread,weight,0.0,norway
NOR_1Y,5,Block_COVID,COVID,block_cv,nor_nowa_level,weight,0.0,norway
NOR_1Y,5,Block_COVID,COVID,block_cv,nor_polrate_chg_1d,weight,0.0,norway
NOR_1Y,5,Block_COVID,COVID,block_cv,nor_polrate_days_since_chg,weight,2.0,norway
NOR_1Y,5,Block_COVID,COVID,block_cv,nor_polrate_level,weight,0.0,norway
NOR_1Y,5,Block_COVID,COVID,block_cv,nor_rb_rate_chg,weight,0.0,norway
NOR_1Y,5,Block_COVID,COVID,block_cv,nor_rb_rate_level,weight,0.0,norway
NOR_1Y,5,Block_COVID,COVID,block_cv,nor_unemp,weight,1.0,norway
NOR_1Y,5,Block_COVID,COVID,block_cv,nor_usdnok_chg_1d,weight,0.0,norway
NOR_1Y,5,Block_COVID,COVID,block_cv,nor_usdnok_level,weight,0.0,norway
NOR_1Y,5,Block_COVID,COVID,block_cv,nor_usdnok_mom_1m,weight,0.0,norway
NOR_1Y,5,Block_COVID,COVID,block_cv,nor_usdnok_mom_3m,weight,1.0,norway
NOR_1Y,5,Block_COVID,COVID,block_cv,nor_usdnok_rvol_20d,weight,0.0,norway
NOR_1Y,5,Block_COVID,COVID,block_cv,swap_govt_spread,weight,0.0,norway
NOR_1Y,5,Block_COVID,COVID,block_cv,xmpca_01,weight,0.0,cross_market
NOR_1Y,5,Block_COVID,COVID,block_cv,xmpca_02,weight,0.0,cross_market
NOR_1Y,5,Block_COVID,COVID,block_cv,xmpca_03,weight,1.0,cross_market
NOR_1Y,5,Block_COVID,COVID,block_cv,xmpca_04,weight,2.0,cross_market
NOR_1Y,5,Block_COVID,COVID,block_cv,xmpca_05,weight,1.0,cross_market
NOR_1Y,5,Block_COVID,COVID,block_cv,xmpca_06,weight,2.0,cross_market
NOR_1Y,5,Block_COVID,COVID,block_cv,xmpca_07,weight,0.0,cross_market
NOR_1Y,5,Block_COVID,COVID,block_cv,xmpca_08,weight,2.0,cross_market
NOR_1Y,5,Block_COVID,COVID,block_cv,xmpca_09,weight,0.0,cross_market
NOR_1Y,5,Block_COVID,COVID,block_cv,xmpca_10,weight,0.0,cross_market
NOR_1Y,5,Block_COVID,COVID,block_cv,xmpca_11,weight,0.0,cross_market
NOR_1Y,5,Block_COVID,COVID,block_cv,xmpca_12,weight,1.0,cross_market
NOR_1Y,5,Block_COVID,COVID,block_cv,chg_lag1,cover,111.0,momentum
NOR_1Y,5,Block_COVID,COVID,block_cv,chg_lag2,cover,0.0,momentum
NOR_1Y,5,Block_COVID,COVID,block_cv,chg_lag3,cover,15.0,momentum
NOR_1Y,5,Block_COVID,COVID,block_cv,chg_lag4,cover,0.0,momentum
NOR_1Y,5,Block_COVID,COVID,block_cv,chg_lag5,cover,18.0,momentum
NOR_1Y,5,Block_COVID,COVID,block_cv,carry_roll,cover,0.0,carry_roll
NOR_1Y,5,Block_COVID,COVID,block_cv,mom_63d,cover,2115.0,momentum
NOR_1Y,5,Block_COVID,COVID,block_cv,mom_1m,cover,287.0,momentum
NOR_1Y,5,Block_COVID,COVID,block_cv,mom_3m,cover,2094.5,momentum
NOR_1Y,5,Block_COVID,COVID,block_cv,mom_6m,cover,2059.0,momentum
NOR_1Y,5,Block_COVID,COVID,block_cv,mom_12m,cover,0.0,momentum
NOR_1Y,5,Block_COVID,COVID,block_cv,dev_ma_3m,cover,0.0,curve
NOR_1Y,5,Block_COVID,COVID,block_cv,dev_ma_12m,cover,1138.0,curve
NOR_1Y,5,Block_COVID,COVID,block_cv,vol_20d,cover,1010.0,vol
NOR_1Y,5,Block_COVID,COVID,block_cv,vol_regime,cover,22.0,vol
NOR_1Y,5,Block_COVID,COVID,block_cv,vol_zscore,cover,0.0,vol
NOR_1Y,5,Block_COVID,COVID,block_cv,level_zscore,cover,0.0,curve
NOR_1Y,5,Block_COVID,COVID,block_cv,slope_10_1,cover,69.0,curve
NOR_1Y,5,Block_COVID,COVID,block_cv,slope_10_5,cover,220.0,curve
NOR_1Y,5,Block_COVID,COVID,block_cv,slope_5_1,cover,0.0,curve
NOR_1Y,5,Block_COVID,COVID,block_cv,sofr_mom_1m,cover,864.0,macro
NOR_1Y,5,Block_COVID,COVID,block_cv,ibor_level,cover,11.0,macro
NOR_1Y,5,Block_COVID,COVID,block_cv,ibor_chg_1d,cover,22.0,macro
NOR_1Y,5,Block_COVID,COVID,block_cv,ibor_mom_1m,cover,51.0,macro
NOR_1Y,5,Block_COVID,COVID,block_cv,ibor_term_slope,cover,149.0,macro
NOR_1Y,5,Block_COVID,COVID,block_cv,swap_ibor_basis,cover,2161.5,curve
NOR_1Y,5,Block_COVID,COVID,block_cv,move_level,cover,2149.0,vol
NOR_1Y,5,Block_COVID,COVID,block_cv,move_zscore,cover,0.0,vol
NOR_1Y,5,Block_COVID,COVID,block_cv,vix_level,cover,0.0,vol
NOR_1Y,5,Block_COVID,COVID,block_cv,vix_zscore,cover,0.0,vol
NOR_1Y,5,Block_COVID,COVID,block_cv,v2x_level,cover,1505.0,vol
NOR_1Y,5,Block_COVID,COVID,block_cv,vxn_level,cover,0.0,vol
NOR_1Y,5,Block_COVID,COVID,block_cv,ovx_level,cover,42.0,vol
NOR_1Y,5,Block_COVID,COVID,block_cv,gvz_level,cover,1821.5,vol
NOR_1Y,5,Block_COVID,COVID,block_cv,spx_mom_1m,cover,0.0,macro
NOR_1Y,5,Block_COVID,COVID,block_cv,spx_mom_3m,cover,0.0,macro
NOR_1Y,5,Block_COVID,COVID,block_cv,sx5e_mom_1m,cover,0.0,macro
NOR_1Y,5,Block_COVID,COVID,block_cv,sx5e_mom_3m,cover,59.0,macro
NOR_1Y,5,Block_COVID,COVID,block_cv,mxwo_mom_1m,cover,147.0,macro
NOR_1Y,5,Block_COVID,COVID,block_cv,ndx_mom_1m,cover,0.0,macro
NOR_1Y,5,Block_COVID,COVID,block_cv,oil_mom_1m,cover,16.0,macro
NOR_1Y,5,Block_COVID,COVID,block_cv,oil_mom_3m,cover,0.0,macro
NOR_1Y,5,Block_COVID,COVID,block_cv,copper_mom_1m,cover,0.0,macro
NOR_1Y,5,Block_COVID,COVID,block_cv,opec_prod,cover,55.0,macro
NOR_1Y,5,Block_COVID,COVID,block_cv,natgas_mom_1m,cover,416.0,macro
NOR_1Y,5,Block_COVID,COVID,block_cv,be5y_level,cover,0.0,macro
NOR_1Y,5,Block_COVID,COVID,block_cv,be10y_level,cover,0.0,macro
NOR_1Y,5,Block_COVID,COVID,block_cv,be_slope,cover,1366.0,macro
NOR_1Y,5,Block_COVID,COVID,block_cv,be5y_chg_1m,cover,0.0,macro
NOR_1Y,5,Block_COVID,COVID,block_cv,ig_spread,cover,0.0,credit
NOR_1Y,5,Block_COVID,COVID,block_cv,hy_spread,cover,428.0,credit
NOR_1Y,5,Block_COVID,COVID,block_cv,ig_chg_1m,cover,0.0,credit
NOR_1Y,5,Block_COVID,COVID,block_cv,hy_chg_1m,cover,0.0,credit
NOR_1Y,5,Block_COVID,COVID,block_cv,cpi_yoy,cover,850.5,macro
NOR_1Y,5,Block_COVID,COVID,block_cv,pce_core_chg,cover,0.0,macro
NOR_1Y,5,Block_COVID,COVID,block_cv,nfp_change,cover,2122.5,macro
NOR_1Y,5,Block_COVID,COVID,block_cv,pmi_us,cover,235.5,macro
NOR_1Y,5,Block_COVID,COVID,block_cv,pmi_eur,cover,0.0,macro
NOR_1Y,5,Block_COVID,COVID,block_cv,unemp_eur,cover,0.0,macro
NOR_1Y,5,Block_COVID,COVID,block_cv,cpi_nsa_level,cover,0.0,macro
NOR_1Y,5,Block_COVID,COVID,block_cv,pce_core_level,cover,0.0,macro
NOR_1Y,5,Block_COVID,COVID,block_cv,eur_3m,cover,61.0,macro
NOR_1Y,5,Block_COVID,COVID,block_cv,eur_1w,cover,118.0,macro
NOR_1Y,5,Block_COVID,COVID,block_cv,nor_ibor_1m,cover,2155.0,norway
NOR_1Y,5,Block_COVID,COVID,block_cv,nor_ibor_6m,cover,134.5,norway
NOR_1Y,5,Block_COVID,COVID,block_cv,nor_ecb_dfr_chg,cover,0.0,norway
NOR_1Y,5,Block_COVID,COVID,block_cv,nor_ecb_dfr_level,cover,0.0,norway
NOR_1Y,5,Block_COVID,COVID,block_cv,nor_eurnok_chg_1d,cover,15.0,norway
NOR_1Y,5,Block_COVID,COVID,block_cv,nor_eurnok_level,cover,66.0,norway
NOR_1Y,5,Block_COVID,COVID,block_cv,nor_eurnok_mom_1m,cover,0.0,norway
NOR_1Y,5,Block_COVID,COVID,block_cv,nor_eurnok_mom_3m,cover,383.0,norway
NOR_1Y,5,Block_COVID,COVID,block_cv,nor_eurnok_rvol_20d,cover,32.0,norway
NOR_1Y,5,Block_COVID,COVID,block_cv,nor_govt_10y,cover,1848.0,norway
NOR_1Y,5,Block_COVID,COVID,block_cv,nor_govt_3y,cover,908.75,norway
NOR_1Y,5,Block_COVID,COVID,block_cv,nor_govt_5y,cover,296.0,norway
NOR_1Y,5,Block_COVID,COVID,block_cv,nor_i44_chg_1d,cover,44.5,norway
NOR_1Y,5,Block_COVID,COVID,block_cv,nor_i44_level,cover,0.0,norway
NOR_1Y,5,Block_COVID,COVID,block_cv,nor_i44_mom_1m,cover,22.5,norway
NOR_1Y,5,Block_COVID,COVID,block_cv,nor_i44_mom_3m,cover,0.0,norway
NOR_1Y,5,Block_COVID,COVID,block_cv,nor_i44_rvol_20d,cover,1159.0,norway
NOR_1Y,5,Block_COVID,COVID,block_cv,nor_kpi_yoy,cover,0.0,norway
NOR_1Y,5,Block_COVID,COVID,block_cv,nor_kpijae_yoy,cover,0.0,norway
NOR_1Y,5,Block_COVID,COVID,block_cv,nor_nibor_nowa_spread,cover,0.0,norway
NOR_1Y,5,Block_COVID,COVID,block_cv,nor_nowa_level,cover,0.0,norway
NOR_1Y,5,Block_COVID,COVID,block_cv,nor_polrate_chg_1d,cover,0.0,norway
NOR_1Y,5,Block_COVID,COVID,block_cv,nor_polrate_days_since_chg,cover,27.0,norway
NOR_1Y,5,Block_COVID,COVID,block_cv,nor_polrate_level,cover,0.0,norway
NOR_1Y,5,Block_COVID,COVID,block_cv,nor_rb_rate_chg,cover,0.0,norway
NOR_1Y,5,Block_COVID,COVID,block_cv,nor_rb_rate_level,cover,0.0,norway
NOR_1Y,5,Block_COVID,COVID,block_cv,nor_unemp,cover,20.0,norway
NOR_1Y,5,Block_COVID,COVID,block_cv,nor_usdnok_chg_1d,cover,0.0,norway
NOR_1Y,5,Block_COVID,COVID,block_cv,nor_usdnok_level,cover,0.0,norway
NOR_1Y,5,Block_COVID,COVID,block_cv,nor_usdnok_mom_1m,cover,0.0,norway
NOR_1Y,5,Block_COVID,COVID,block_cv,nor_usdnok_mom_3m,cover,291.0,norway
NOR_1Y,5,Block_COVID,COVID,block_cv,nor_usdnok_rvol_20d,cover,0.0,norway
NOR_1Y,5,Block_COVID,COVID,block_cv,swap_govt_spread,cover,0.0,norway
NOR_1Y,5,Block_COVID,COVID,block_cv,xmpca_01,cover,0.0,cross_market
NOR_1Y,5,Block_COVID,COVID,block_cv,xmpca_02,cover,0.0,cross_market
NOR_1Y,5,Block_COVID,COVID,block_cv,xmpca_03,cover,39.0,cross_market
NOR_1Y,5,Block_COVID,COVID,block_cv,xmpca_04,cover,855.0,cross_market
NOR_1Y,5,Block_COVID,COVID,block_cv,xmpca_05,cover,18.0,cross_market
NOR_1Y,5,Block_COVID,COVID,block_cv,xmpca_06,cover,70.0,cross_market
NOR_1Y,5,Block_COVID,COVID,block_cv,xmpca_07,cover,0.0,cross_market
NOR_1Y,5,Block_COVID,COVID,block_cv,xmpca_08,cover,22.5,cross_market
NOR_1Y,5,Block_COVID,COVID,block_cv,xmpca_09,cover,0.0,cross_market
NOR_1Y,5,Block_COVID,COVID,block_cv,xmpca_10,cover,0.0,cross_market
NOR_1Y,5,Block_COVID,COVID,block_cv,xmpca_11,cover,0.0,cross_market
NOR_1Y,5,Block_COVID,COVID,block_cv,xmpca_12,cover,10.0,cross_market
NOR_1Y,5,Block_COVID,COVID,block_cv,chg_lag1,total_gain,0.17868733406066895,momentum
NOR_1Y,5,Block_COVID,COVID,block_cv,chg_lag2,total_gain,0.0,momentum
NOR_1Y,5,Block_COVID,COVID,block_cv,chg_lag3,total_gain,0.007240667473524809,momentum
NOR_1Y,5,Block_COVID,COVID,block_cv,chg_lag4,total_gain,0.0,momentum
NOR_1Y,5,Block_COVID,COVID,block_cv,chg_lag5,total_gain,0.07253950089216232,momentum
NOR_1Y,5,Block_COVID,COVID,block_cv,carry_roll,total_gain,0.0,carry_roll
NOR_1Y,5,Block_COVID,COVID,block_cv,mom_63d,total_gain,0.13374987244606018,momentum
NOR_1Y,5,Block_COVID,COVID,block_cv,mom_1m,total_gain,0.08790302276611328,momentum
NOR_1Y,5,Block_COVID,COVID,block_cv,mom_3m,total_gain,0.15882089734077454,momentum
NOR_1Y,5,Block_COVID,COVID,block_cv,mom_6m,total_gain,0.07177898287773132,momentum
NOR_1Y,5,Block_COVID,COVID,block_cv,mom_12m,total_gain,0.0,momentum
NOR_1Y,5,Block_COVID,COVID,block_cv,dev_ma_3m,total_gain,0.0,curve
NOR_1Y,5,Block_COVID,COVID,block_cv,dev_ma_12m,total_gain,0.11678484082221985,curve
NOR_1Y,5,Block_COVID,COVID,block_cv,vol_20d,total_gain,1.0370960235595703,vol
NOR_1Y,5,Block_COVID,COVID,block_cv,vol_regime,total_gain,0.012038663029670715,vol
NOR_1Y,5,Block_COVID,COVID,block_cv,vol_zscore,total_gain,0.0,vol
NOR_1Y,5,Block_COVID,COVID,block_cv,level_zscore,total_gain,0.0,curve
NOR_1Y,5,Block_COVID,COVID,block_cv,slope_10_1,total_gain,0.05879780650138855,curve
NOR_1Y,5,Block_COVID,COVID,block_cv,slope_10_5,total_gain,0.03309614956378937,curve
NOR_1Y,5,Block_COVID,COVID,block_cv,slope_5_1,total_gain,0.0,curve
NOR_1Y,5,Block_COVID,COVID,block_cv,sofr_mom_1m,total_gain,0.16195492446422577,macro
NOR_1Y,5,Block_COVID,COVID,block_cv,ibor_level,total_gain,0.04398518055677414,macro
NOR_1Y,5,Block_COVID,COVID,block_cv,ibor_chg_1d,total_gain,0.17612247169017792,macro
NOR_1Y,5,Block_COVID,COVID,block_cv,ibor_mom_1m,total_gain,0.04926009476184845,macro
NOR_1Y,5,Block_COVID,COVID,block_cv,ibor_term_slope,total_gain,0.1881895810365677,macro
NOR_1Y,5,Block_COVID,COVID,block_cv,swap_ibor_basis,total_gain,0.4884098768234253,curve
NOR_1Y,5,Block_COVID,COVID,block_cv,move_level,total_gain,0.46015307307243347,vol
NOR_1Y,5,Block_COVID,COVID,block_cv,move_zscore,total_gain,0.0,vol
NOR_1Y,5,Block_COVID,COVID,block_cv,vix_level,total_gain,0.0,vol
NOR_1Y,5,Block_COVID,COVID,block_cv,vix_zscore,total_gain,0.0,vol
NOR_1Y,5,Block_COVID,COVID,block_cv,v2x_level,total_gain,0.027538610622286797,vol
NOR_1Y,5,Block_COVID,COVID,block_cv,vxn_level,total_gain,0.0,vol
NOR_1Y,5,Block_COVID,COVID,block_cv,ovx_level,total_gain,0.07304760813713074,vol
NOR_1Y,5,Block_COVID,COVID,block_cv,gvz_level,total_gain,0.645881712436676,vol
NOR_1Y,5,Block_COVID,COVID,block_cv,spx_mom_1m,total_gain,0.0,macro
NOR_1Y,5,Block_COVID,COVID,block_cv,spx_mom_3m,total_gain,0.0,macro
NOR_1Y,5,Block_COVID,COVID,block_cv,sx5e_mom_1m,total_gain,0.0,macro
NOR_1Y,5,Block_COVID,COVID,block_cv,sx5e_mom_3m,total_gain,0.014979725703597069,macro
NOR_1Y,5,Block_COVID,COVID,block_cv,mxwo_mom_1m,total_gain,0.025574209168553352,macro
NOR_1Y,5,Block_COVID,COVID,block_cv,ndx_mom_1m,total_gain,0.0,macro
NOR_1Y,5,Block_COVID,COVID,block_cv,oil_mom_1m,total_gain,0.08897854387760162,macro
NOR_1Y,5,Block_COVID,COVID,block_cv,oil_mom_3m,total_gain,0.0,macro
NOR_1Y,5,Block_COVID,COVID,block_cv,copper_mom_1m,total_gain,0.0,macro
NOR_1Y,5,Block_COVID,COVID,block_cv,opec_prod,total_gain,0.019129544496536255,macro
NOR_1Y,5,Block_COVID,COVID,block_cv,natgas_mom_1m,total_gain,0.19678229093551636,macro
NOR_1Y,5,Block_COVID,COVID,block_cv,be5y_level,total_gain,0.0,macro
NOR_1Y,5,Block_COVID,COVID,block_cv,be10y_level,total_gain,0.0,macro
NOR_1Y,5,Block_COVID,COVID,block_cv,be_slope,total_gain,0.047730304300785065,macro
NOR_1Y,5,Block_COVID,COVID,block_cv,be5y_chg_1m,total_gain,0.0,macro
NOR_1Y,5,Block_COVID,COVID,block_cv,ig_spread,total_gain,0.0,credit
NOR_1Y,5,Block_COVID,COVID,block_cv,hy_spread,total_gain,0.10861280560493469,credit
NOR_1Y,5,Block_COVID,COVID,block_cv,ig_chg_1m,total_gain,0.0,credit
NOR_1Y,5,Block_COVID,COVID,block_cv,hy_chg_1m,total_gain,0.0,credit
NOR_1Y,5,Block_COVID,COVID,block_cv,cpi_yoy,total_gain,0.11549438536167145,macro
NOR_1Y,5,Block_COVID,COVID,block_cv,pce_core_chg,total_gain,0.0,macro
NOR_1Y,5,Block_COVID,COVID,block_cv,nfp_change,total_gain,0.21042409539222717,macro
NOR_1Y,5,Block_COVID,COVID,block_cv,pmi_us,total_gain,0.08587703108787537,macro
NOR_1Y,5,Block_COVID,COVID,block_cv,pmi_eur,total_gain,0.0,macro
NOR_1Y,5,Block_COVID,COVID,block_cv,unemp_eur,total_gain,0.0,macro
NOR_1Y,5,Block_COVID,COVID,block_cv,cpi_nsa_level,total_gain,0.0,macro
NOR_1Y,5,Block_COVID,COVID,block_cv,pce_core_level,total_gain,0.0,macro
NOR_1Y,5,Block_COVID,COVID,block_cv,eur_3m,total_gain,0.06465977430343628,macro
NOR_1Y,5,Block_COVID,COVID,block_cv,eur_1w,total_gain,0.05187733471393585,macro
NOR_1Y,5,Block_COVID,COVID,block_cv,nor_ibor_1m,total_gain,0.6684189438819885,norway
NOR_1Y,5,Block_COVID,COVID,block_cv,nor_ibor_6m,total_gain,0.37214815616607666,norway
NOR_1Y,5,Block_COVID,COVID,block_cv,nor_ecb_dfr_chg,total_gain,0.0,norway
NOR_1Y,5,Block_COVID,COVID,block_cv,nor_ecb_dfr_level,total_gain,0.0,norway
NOR_1Y,5,Block_COVID,COVID,block_cv,nor_eurnok_chg_1d,total_gain,0.04871457815170288,norway
NOR_1Y,5,Block_COVID,COVID,block_cv,nor_eurnok_level,total_gain,0.043928198516368866,norway
NOR_1Y,5,Block_COVID,COVID,block_cv,nor_eurnok_mom_1m,total_gain,0.0,norway
NOR_1Y,5,Block_COVID,COVID,block_cv,nor_eurnok_mom_3m,total_gain,0.06250538676977158,norway
NOR_1Y,5,Block_COVID,COVID,block_cv,nor_eurnok_rvol_20d,total_gain,0.04134500026702881,norway
NOR_1Y,5,Block_COVID,COVID,block_cv,nor_govt_10y,total_gain,0.10858499258756638,norway
NOR_1Y,5,Block_COVID,COVID,block_cv,nor_govt_3y,total_gain,0.2166646122932434,norway
NOR_1Y,5,Block_COVID,COVID,block_cv,nor_govt_5y,total_gain,0.08742842823266983,norway
NOR_1Y,5,Block_COVID,COVID,block_cv,nor_i44_chg_1d,total_gain,0.12302492558956146,norway
NOR_1Y,5,Block_COVID,COVID,block_cv,nor_i44_level,total_gain,0.0,norway
NOR_1Y,5,Block_COVID,COVID,block_cv,nor_i44_mom_1m,total_gain,0.12315894663333893,norway
NOR_1Y,5,Block_COVID,COVID,block_cv,nor_i44_mom_3m,total_gain,0.0,norway
NOR_1Y,5,Block_COVID,COVID,block_cv,nor_i44_rvol_20d,total_gain,0.15159101784229279,norway
NOR_1Y,5,Block_COVID,COVID,block_cv,nor_kpi_yoy,total_gain,0.0,norway
NOR_1Y,5,Block_COVID,COVID,block_cv,nor_kpijae_yoy,total_gain,0.0,norway
NOR_1Y,5,Block_COVID,COVID,block_cv,nor_nibor_nowa_spread,total_gain,0.0,norway
NOR_1Y,5,Block_COVID,COVID,block_cv,nor_nowa_level,total_gain,0.0,norway
NOR_1Y,5,Block_COVID,COVID,block_cv,nor_polrate_chg_1d,total_gain,0.0,norway
NOR_1Y,5,Block_COVID,COVID,block_cv,nor_polrate_days_since_chg,total_gain,0.10062279552221298,norway
NOR_1Y,5,Block_COVID,COVID,block_cv,nor_polrate_level,total_gain,0.0,norway
NOR_1Y,5,Block_COVID,COVID,block_cv,nor_rb_rate_chg,total_gain,0.0,norway
NOR_1Y,5,Block_COVID,COVID,block_cv,nor_rb_rate_level,total_gain,0.0,norway
NOR_1Y,5,Block_COVID,COVID,block_cv,nor_unemp,total_gain,0.08098435401916504,norway
NOR_1Y,5,Block_COVID,COVID,block_cv,nor_usdnok_chg_1d,total_gain,0.0,norway
NOR_1Y,5,Block_COVID,COVID,block_cv,nor_usdnok_level,total_gain,0.0,norway
NOR_1Y,5,Block_COVID,COVID,block_cv,nor_usdnok_mom_1m,total_gain,0.0,norway
NOR_1Y,5,Block_COVID,COVID,block_cv,nor_usdnok_mom_3m,total_gain,0.03517274558544159,norway
NOR_1Y,5,Block_COVID,COVID,block_cv,nor_usdnok_rvol_20d,total_gain,0.0,norway
NOR_1Y,5,Block_COVID,COVID,block_cv,swap_govt_spread,total_gain,0.0,norway
NOR_1Y,5,Block_COVID,COVID,block_cv,xmpca_01,total_gain,0.0,cross_market
NOR_1Y,5,Block_COVID,COVID,block_cv,xmpca_02,total_gain,0.0,cross_market
NOR_1Y,5,Block_COVID,COVID,block_cv,xmpca_03,total_gain,0.17663723230361938,cross_market
NOR_1Y,5,Block_COVID,COVID,block_cv,xmpca_04,total_gain,0.2744711637496948,cross_market
NOR_1Y,5,Block_COVID,COVID,block_cv,xmpca_05,total_gain,0.05916030704975128,cross_market
NOR_1Y,5,Block_COVID,COVID,block_cv,xmpca_06,total_gain,0.1261511743068695,cross_market
NOR_1Y,5,Block_COVID,COVID,block_cv,xmpca_07,total_gain,0.0,cross_market
NOR_1Y,5,Block_COVID,COVID,block_cv,xmpca_08,total_gain,0.09326283633708954,cross_market
NOR_1Y,5,Block_COVID,COVID,block_cv,xmpca_09,total_gain,0.0,cross_market
NOR_1Y,5,Block_COVID,COVID,block_cv,xmpca_10,total_gain,0.0,cross_market
NOR_1Y,5,Block_COVID,COVID,block_cv,xmpca_11,total_gain,0.0,cross_market
NOR_1Y,5,Block_COVID,COVID,block_cv,xmpca_12,total_gain,0.0208345465362072,cross_market
NOR_1Y,5,Block_COVID,COVID,block_cv,chg_lag1,total_cover,333.0,momentum
NOR_1Y,5,Block_COVID,COVID,block_cv,chg_lag2,total_cover,0.0,momentum
NOR_1Y,5,Block_COVID,COVID,block_cv,chg_lag3,total_cover,15.0,momentum
NOR_1Y,5,Block_COVID,COVID,block_cv,chg_lag4,total_cover,0.0,momentum
NOR_1Y,5,Block_COVID,COVID,block_cv,chg_lag5,total_cover,18.0,momentum
NOR_1Y,5,Block_COVID,COVID,block_cv,carry_roll,total_cover,0.0,carry_roll
NOR_1Y,5,Block_COVID,COVID,block_cv,mom_63d,total_cover,2115.0,momentum
NOR_1Y,5,Block_COVID,COVID,block_cv,mom_1m,total_cover,287.0,momentum
NOR_1Y,5,Block_COVID,COVID,block_cv,mom_3m,total_cover,4189.0,momentum
NOR_1Y,5,Block_COVID,COVID,block_cv,mom_6m,total_cover,2059.0,momentum
NOR_1Y,5,Block_COVID,COVID,block_cv,mom_12m,total_cover,0.0,momentum
NOR_1Y,5,Block_COVID,COVID,block_cv,dev_ma_3m,total_cover,0.0,curve
NOR_1Y,5,Block_COVID,COVID,block_cv,dev_ma_12m,total_cover,2276.0,curve
NOR_1Y,5,Block_COVID,COVID,block_cv,vol_20d,total_cover,4040.0,vol
NOR_1Y,5,Block_COVID,COVID,block_cv,vol_regime,total_cover,22.0,vol
NOR_1Y,5,Block_COVID,COVID,block_cv,vol_zscore,total_cover,0.0,vol
NOR_1Y,5,Block_COVID,COVID,block_cv,level_zscore,total_cover,0.0,curve
NOR_1Y,5,Block_COVID,COVID,block_cv,slope_10_1,total_cover,69.0,curve
NOR_1Y,5,Block_COVID,COVID,block_cv,slope_10_5,total_cover,220.0,curve
NOR_1Y,5,Block_COVID,COVID,block_cv,slope_5_1,total_cover,0.0,curve
NOR_1Y,5,Block_COVID,COVID,block_cv,sofr_mom_1m,total_cover,1728.0,macro
NOR_1Y,5,Block_COVID,COVID,block_cv,ibor_level,total_cover,11.0,macro
NOR_1Y,5,Block_COVID,COVID,block_cv,ibor_chg_1d,total_cover,44.0,macro
NOR_1Y,5,Block_COVID,COVID,block_cv,ibor_mom_1m,total_cover,51.0,macro
NOR_1Y,5,Block_COVID,COVID,block_cv,ibor_term_slope,total_cover,447.0,macro
NOR_1Y,5,Block_COVID,COVID,block_cv,swap_ibor_basis,total_cover,4323.0,curve
NOR_1Y,5,Block_COVID,COVID,block_cv,move_level,total_cover,2149.0,vol
NOR_1Y,5,Block_COVID,COVID,block_cv,move_zscore,total_cover,0.0,vol
NOR_1Y,5,Block_COVID,COVID,block_cv,vix_level,total_cover,0.0,vol
NOR_1Y,5,Block_COVID,COVID,block_cv,vix_zscore,total_cover,0.0,vol
NOR_1Y,5,Block_COVID,COVID,block_cv,v2x_level,total_cover,1505.0,vol
NOR_1Y,5,Block_COVID,COVID,block_cv,vxn_level,total_cover,0.0,vol
NOR_1Y,5,Block_COVID,COVID,block_cv,ovx_level,total_cover,42.0,vol
NOR_1Y,5,Block_COVID,COVID,block_cv,gvz_level,total_cover,3643.0,vol
NOR_1Y,5,Block_COVID,COVID,block_cv,spx_mom_1m,total_cover,0.0,macro
NOR_1Y,5,Block_COVID,COVID,block_cv,spx_mom_3m,total_cover,0.0,macro
NOR_1Y,5,Block_COVID,COVID,block_cv,sx5e_mom_1m,total_cover,0.0,macro
NOR_1Y,5,Block_COVID,COVID,block_cv,sx5e_mom_3m,total_cover,59.0,macro
NOR_1Y,5,Block_COVID,COVID,block_cv,mxwo_mom_1m,total_cover,147.0,macro
NOR_1Y,5,Block_COVID,COVID,block_cv,ndx_mom_1m,total_cover,0.0,macro
NOR_1Y,5,Block_COVID,COVID,block_cv,oil_mom_1m,total_cover,16.0,macro
NOR_1Y,5,Block_COVID,COVID,block_cv,oil_mom_3m,total_cover,0.0,macro
NOR_1Y,5,Block_COVID,COVID,block_cv,copper_mom_1m,total_cover,0.0,macro
NOR_1Y,5,Block_COVID,COVID,block_cv,opec_prod,total_cover,55.0,macro
NOR_1Y,5,Block_COVID,COVID,block_cv,natgas_mom_1m,total_cover,832.0,macro
NOR_1Y,5,Block_COVID,COVID,block_cv,be5y_level,total_cover,0.0,macro
NOR_1Y,5,Block_COVID,COVID,block_cv,be10y_level,total_cover,0.0,macro
NOR_1Y,5,Block_COVID,COVID,block_cv,be_slope,total_cover,1366.0,macro
NOR_1Y,5,Block_COVID,COVID,block_cv,be5y_chg_1m,total_cover,0.0,macro
NOR_1Y,5,Block_COVID,COVID,block_cv,ig_spread,total_cover,0.0,credit
NOR_1Y,5,Block_COVID,COVID,block_cv,hy_spread,total_cover,428.0,credit
NOR_1Y,5,Block_COVID,COVID,block_cv,ig_chg_1m,total_cover,0.0,credit
NOR_1Y,5,Block_COVID,COVID,block_cv,hy_chg_1m,total_cover,0.0,credit
NOR_1Y,5,Block_COVID,COVID,block_cv,cpi_yoy,total_cover,1701.0,macro
NOR_1Y,5,Block_COVID,COVID,block_cv,pce_core_chg,total_cover,0.0,macro
NOR_1Y,5,Block_COVID,COVID,block_cv,nfp_change,total_cover,4245.0,macro
NOR_1Y,5,Block_COVID,COVID,block_cv,pmi_us,total_cover,471.0,macro
NOR_1Y,5,Block_COVID,COVID,block_cv,pmi_eur,total_cover,0.0,macro
NOR_1Y,5,Block_COVID,COVID,block_cv,unemp_eur,total_cover,0.0,macro
NOR_1Y,5,Block_COVID,COVID,block_cv,cpi_nsa_level,total_cover,0.0,macro
NOR_1Y,5,Block_COVID,COVID,block_cv,pce_core_level,total_cover,0.0,macro
NOR_1Y,5,Block_COVID,COVID,block_cv,eur_3m,total_cover,61.0,macro
NOR_1Y,5,Block_COVID,COVID,block_cv,eur_1w,total_cover,118.0,macro
NOR_1Y,5,Block_COVID,COVID,block_cv,nor_ibor_1m,total_cover,2155.0,norway
NOR_1Y,5,Block_COVID,COVID,block_cv,nor_ibor_6m,total_cover,269.0,norway
NOR_1Y,5,Block_COVID,COVID,block_cv,nor_ecb_dfr_chg,total_cover,0.0,norway
NOR_1Y,5,Block_COVID,COVID,block_cv,nor_ecb_dfr_level,total_cover,0.0,norway
NOR_1Y,5,Block_COVID,COVID,block_cv,nor_eurnok_chg_1d,total_cover,15.0,norway
NOR_1Y,5,Block_COVID,COVID,block_cv,nor_eurnok_level,total_cover,66.0,norway
NOR_1Y,5,Block_COVID,COVID,block_cv,nor_eurnok_mom_1m,total_cover,0.0,norway
NOR_1Y,5,Block_COVID,COVID,block_cv,nor_eurnok_mom_3m,total_cover,383.0,norway
NOR_1Y,5,Block_COVID,COVID,block_cv,nor_eurnok_rvol_20d,total_cover,64.0,norway
NOR_1Y,5,Block_COVID,COVID,block_cv,nor_govt_10y,total_cover,1848.0,norway
NOR_1Y,5,Block_COVID,COVID,block_cv,nor_govt_3y,total_cover,3635.0,norway
NOR_1Y,5,Block_COVID,COVID,block_cv,nor_govt_5y,total_cover,296.0,norway
NOR_1Y,5,Block_COVID,COVID,block_cv,nor_i44_chg_1d,total_cover,89.0,norway
NOR_1Y,5,Block_COVID,COVID,block_cv,nor_i44_level,total_cover,0.0,norway
NOR_1Y,5,Block_COVID,COVID,block_cv,nor_i44_mom_1m,total_cover,45.0,norway
NOR_1Y,5,Block_COVID,COVID,block_cv,nor_i44_mom_3m,total_cover,0.0,norway
NOR_1Y,5,Block_COVID,COVID,block_cv,nor_i44_rvol_20d,total_cover,3477.0,norway
NOR_1Y,5,Block_COVID,COVID,block_cv,nor_kpi_yoy,total_cover,0.0,norway
NOR_1Y,5,Block_COVID,COVID,block_cv,nor_kpijae_yoy,total_cover,0.0,norway
NOR_1Y,5,Block_COVID,COVID,block_cv,nor_nibor_nowa_spread,total_cover,0.0,norway
NOR_1Y,5,Block_COVID,COVID,block_cv,nor_nowa_level,total_cover,0.0,norway
NOR_1Y,5,Block_COVID,COVID,block_cv,nor_polrate_chg_1d,total_cover,0.0,norway
NOR_1Y,5,Block_COVID,COVID,block_cv,nor_polrate_days_since_chg,total_cover,54.0,norway
NOR_1Y,5,Block_COVID,COVID,block_cv,nor_polrate_level,total_cover,0.0,norway
NOR_1Y,5,Block_COVID,COVID,block_cv,nor_rb_rate_chg,total_cover,0.0,norway
NOR_1Y,5,Block_COVID,COVID,block_cv,nor_rb_rate_level,total_cover,0.0,norway
NOR_1Y,5,Block_COVID,COVID,block_cv,nor_unemp,total_cover,20.0,norway
NOR_1Y,5,Block_COVID,COVID,block_cv,nor_usdnok_chg_1d,total_cover,0.0,norway
NOR_1Y,5,Block_COVID,COVID,block_cv,nor_usdnok_level,total_cover,0.0,norway
NOR_1Y,5,Block_COVID,COVID,block_cv,nor_usdnok_mom_1m,total_cover,0.0,norway
NOR_1Y,5,Block_COVID,COVID,block_cv,nor_usdnok_mom_3m,total_cover,291.0,norway
NOR_1Y,5,Block_COVID,COVID,block_cv,nor_usdnok_rvol_20d,total_cover,0.0,norway
NOR_1Y,5,Block_COVID,COVID,block_cv,swap_govt_spread,total_cover,0.0,norway
NOR_1Y,5,Block_COVID,COVID,block_cv,xmpca_01,total_cover,0.0,cross_market
NOR_1Y,5,Block_COVID,COVID,block_cv,xmpca_02,total_cover,0.0,cross_market
NOR_1Y,5,Block_COVID,COVID,block_cv,xmpca_03,total_cover,39.0,cross_market
NOR_1Y,5,Block_COVID,COVID,block_cv,xmpca_04,total_cover,1710.0,cross_market
NOR_1Y,5,Block_COVID,COVID,block_cv,xmpca_05,total_cover,18.0,cross_market
NOR_1Y,5,Block_COVID,COVID,block_cv,xmpca_06,total_cover,140.0,cross_market
NOR_1Y,5,Block_COVID,COVID,block_cv,xmpca_07,total_cover,0.0,cross_market
NOR_1Y,5,Block_COVID,COVID,block_cv,xmpca_08,total_cover,45.0,cross_market
NOR_1Y,5,Block_COVID,COVID,block_cv,xmpca_09,total_cover,0.0,cross_market
NOR_1Y,5,Block_COVID,COVID,block_cv,xmpca_10,total_cover,0.0,cross_market
NOR_1Y,5,Block_COVID,COVID,block_cv,xmpca_11,total_cover,0.0,cross_market
NOR_1Y,5,Block_COVID,COVID,block_cv,xmpca_12,total_cover,10.0,cross_market
NOR_1Y,5,Block_COVID,COVID,block_cv,chg_lag1,shap_mean_abs,0.0004057722690049559,momentum
NOR_1Y,5,Block_COVID,COVID,block_cv,chg_lag2,shap_mean_abs,0.0,momentum
NOR_1Y,5,Block_COVID,COVID,block_cv,chg_lag3,shap_mean_abs,2.973123628180474e-05,momentum
NOR_1Y,5,Block_COVID,COVID,block_cv,chg_lag4,shap_mean_abs,0.0,momentum
NOR_1Y,5,Block_COVID,COVID,block_cv,chg_lag5,shap_mean_abs,3.000220749527216e-05,momentum
NOR_1Y,5,Block_COVID,COVID,block_cv,carry_roll,shap_mean_abs,0.0,carry_roll
NOR_1Y,5,Block_COVID,COVID,block_cv,mom_63d,shap_mean_abs,0.00021324677800294012,momentum
NOR_1Y,5,Block_COVID,COVID,block_cv,mom_1m,shap_mean_abs,9.057494025910273e-05,momentum
NOR_1Y,5,Block_COVID,COVID,block_cv,mom_3m,shap_mean_abs,0.000611454073805362,momentum
NOR_1Y,5,Block_COVID,COVID,block_cv,mom_6m,shap_mean_abs,0.00026397776673547924,momentum
NOR_1Y,5,Block_COVID,COVID,block_cv,mom_12m,shap_mean_abs,0.0,momentum
NOR_1Y,5,Block_COVID,COVID,block_cv,dev_ma_3m,shap_mean_abs,0.0,curve
NOR_1Y,5,Block_COVID,COVID,block_cv,dev_ma_12m,shap_mean_abs,0.00019267281459178776,curve
NOR_1Y,5,Block_COVID,COVID,block_cv,vol_20d,shap_mean_abs,0.00047275779070332646,vol
NOR_1Y,5,Block_COVID,COVID,block_cv,vol_regime,shap_mean_abs,6.809600017732009e-05,vol
NOR_1Y,5,Block_COVID,COVID,block_cv,vol_zscore,shap_mean_abs,0.0,vol
NOR_1Y,5,Block_COVID,COVID,block_cv,level_zscore,shap_mean_abs,0.0,curve
NOR_1Y,5,Block_COVID,COVID,block_cv,slope_10_1,shap_mean_abs,0.0009012161754071712,curve
NOR_1Y,5,Block_COVID,COVID,block_cv,slope_10_5,shap_mean_abs,7.459140033461154e-05,curve
NOR_1Y,5,Block_COVID,COVID,block_cv,slope_5_1,shap_mean_abs,0.0,curve
NOR_1Y,5,Block_COVID,COVID,block_cv,sofr_mom_1m,shap_mean_abs,0.00025117589393630624,macro
NOR_1Y,5,Block_COVID,COVID,block_cv,ibor_level,shap_mean_abs,7.932490916573443e-06,macro
NOR_1Y,5,Block_COVID,COVID,block_cv,ibor_chg_1d,shap_mean_abs,2.524096635170281e-05,macro
NOR_1Y,5,Block_COVID,COVID,block_cv,ibor_mom_1m,shap_mean_abs,0.0003169796837028116,macro
NOR_1Y,5,Block_COVID,COVID,block_cv,ibor_term_slope,shap_mean_abs,0.0005365436663851142,macro
NOR_1Y,5,Block_COVID,COVID,block_cv,swap_ibor_basis,shap_mean_abs,0.00012388263712637126,curve
NOR_1Y,5,Block_COVID,COVID,block_cv,move_level,shap_mean_abs,7.615009235450998e-05,vol
NOR_1Y,5,Block_COVID,COVID,block_cv,move_zscore,shap_mean_abs,0.0,vol
NOR_1Y,5,Block_COVID,COVID,block_cv,vix_level,shap_mean_abs,0.0,vol
NOR_1Y,5,Block_COVID,COVID,block_cv,vix_zscore,shap_mean_abs,0.0,vol
NOR_1Y,5,Block_COVID,COVID,block_cv,v2x_level,shap_mean_abs,0.00011211825767531991,vol
NOR_1Y,5,Block_COVID,COVID,block_cv,vxn_level,shap_mean_abs,0.0,vol
NOR_1Y,5,Block_COVID,COVID,block_cv,ovx_level,shap_mean_abs,0.00015571700350847095,vol
NOR_1Y,5,Block_COVID,COVID,block_cv,gvz_level,shap_mean_abs,0.00013729961938224733,vol
NOR_1Y,5,Block_COVID,COVID,block_cv,spx_mom_1m,shap_mean_abs,0.0,macro
NOR_1Y,5,Block_COVID,COVID,block_cv,spx_mom_3m,shap_mean_abs,0.0,macro
NOR_1Y,5,Block_COVID,COVID,block_cv,sx5e_mom_1m,shap_mean_abs,0.0,macro
NOR_1Y,5,Block_COVID,COVID,block_cv,sx5e_mom_3m,shap_mean_abs,3.327417289256118e-05,macro
NOR_1Y,5,Block_COVID,COVID,block_cv,mxwo_mom_1m,shap_mean_abs,0.00016553091700188816,macro
NOR_1Y,5,Block_COVID,COVID,block_cv,ndx_mom_1m,shap_mean_abs,0.0,macro
NOR_1Y,5,Block_COVID,COVID,block_cv,oil_mom_1m,shap_mean_abs,2.0752455384354107e-05,macro
NOR_1Y,5,Block_COVID,COVID,block_cv,oil_mom_3m,shap_mean_abs,0.0,macro
NOR_1Y,5,Block_COVID,COVID,block_cv,copper_mom_1m,shap_mean_abs,0.0,macro
NOR_1Y,5,Block_COVID,COVID,block_cv,opec_prod,shap_mean_abs,0.00037210716982372105,macro
NOR_1Y,5,Block_COVID,COVID,block_cv,natgas_mom_1m,shap_mean_abs,0.00029151883791200817,macro
NOR_1Y,5,Block_COVID,COVID,block_cv,be5y_level,shap_mean_abs,0.0,macro
NOR_1Y,5,Block_COVID,COVID,block_cv,be10y_level,shap_mean_abs,0.0,macro
NOR_1Y,5,Block_COVID,COVID,block_cv,be_slope,shap_mean_abs,0.00014131747593637556,macro
NOR_1Y,5,Block_COVID,COVID,block_cv,be5y_chg_1m,shap_mean_abs,0.0,macro
NOR_1Y,5,Block_COVID,COVID,block_cv,ig_spread,shap_mean_abs,0.0,credit
NOR_1Y,5,Block_COVID,COVID,block_cv,hy_spread,shap_mean_abs,1.99934311240213e-05,credit
NOR_1Y,5,Block_COVID,COVID,block_cv,ig_chg_1m,shap_mean_abs,0.0,credit
NOR_1Y,5,Block_COVID,COVID,block_cv,hy_chg_1m,shap_mean_abs,0.0,credit
NOR_1Y,5,Block_COVID,COVID,block_cv,cpi_yoy,shap_mean_abs,0.0011915647191926837,macro
NOR_1Y,5,Block_COVID,COVID,block_cv,pce_core_chg,shap_mean_abs,0.0,macro
NOR_1Y,5,Block_COVID,COVID,block_cv,nfp_change,shap_mean_abs,0.005858161486685276,macro
NOR_1Y,5,Block_COVID,COVID,block_cv,pmi_us,shap_mean_abs,0.00037710677133873105,macro
NOR_1Y,5,Block_COVID,COVID,block_cv,pmi_eur,shap_mean_abs,0.0,macro
NOR_1Y,5,Block_COVID,COVID,block_cv,unemp_eur,shap_mean_abs,0.0,macro
NOR_1Y,5,Block_COVID,COVID,block_cv,cpi_nsa_level,shap_mean_abs,0.0,macro
NOR_1Y,5,Block_COVID,COVID,block_cv,pce_core_level,shap_mean_abs,0.0,macro
NOR_1Y,5,Block_COVID,COVID,block_cv,eur_3m,shap_mean_abs,5.1760482165263966e-05,macro
NOR_1Y,5,Block_COVID,COVID,block_cv,eur_1w,shap_mean_abs,1.736509148031473e-05,macro
NOR_1Y,5,Block_COVID,COVID,block_cv,nor_ibor_1m,shap_mean_abs,9.724857227411121e-05,norway
NOR_1Y,5,Block_COVID,COVID,block_cv,nor_ibor_6m,shap_mean_abs,0.0002980695862788707,norway
NOR_1Y,5,Block_COVID,COVID,block_cv,nor_ecb_dfr_chg,shap_mean_abs,0.0,norway
NOR_1Y,5,Block_COVID,COVID,block_cv,nor_ecb_dfr_level,shap_mean_abs,0.0,norway
NOR_1Y,5,Block_COVID,COVID,block_cv,nor_eurnok_chg_1d,shap_mean_abs,2.4764131012489088e-05,norway
NOR_1Y,5,Block_COVID,COVID,block_cv,nor_eurnok_level,shap_mean_abs,0.00034408667124807835,norway
NOR_1Y,5,Block_COVID,COVID,block_cv,nor_eurnok_mom_1m,shap_mean_abs,0.0,norway
NOR_1Y,5,Block_COVID,COVID,block_cv,nor_eurnok_mom_3m,shap_mean_abs,7.889130938565359e-05,norway
NOR_1Y,5,Block_COVID,COVID,block_cv,nor_eurnok_rvol_20d,shap_mean_abs,0.0007330257212743163,norway
NOR_1Y,5,Block_COVID,COVID,block_cv,nor_govt_10y,shap_mean_abs,0.001576399663463235,norway
NOR_1Y,5,Block_COVID,COVID,block_cv,nor_govt_3y,shap_mean_abs,0.003375709056854248,norway
NOR_1Y,5,Block_COVID,COVID,block_cv,nor_govt_5y,shap_mean_abs,1.3443966963677667e-05,norway
NOR_1Y,5,Block_COVID,COVID,block_cv,nor_i44_chg_1d,shap_mean_abs,4.2732892325147986e-05,norway
NOR_1Y,5,Block_COVID,COVID,block_cv,nor_i44_level,shap_mean_abs,0.0,norway
NOR_1Y,5,Block_COVID,COVID,block_cv,nor_i44_mom_1m,shap_mean_abs,3.019507130375132e-05,norway
NOR_1Y,5,Block_COVID,COVID,block_cv,nor_i44_mom_3m,shap_mean_abs,0.0,norway
NOR_1Y,5,Block_COVID,COVID,block_cv,nor_i44_rvol_20d,shap_mean_abs,0.0007947793928906322,norway
NOR_1Y,5,Block_COVID,COVID,block_cv,nor_kpi_yoy,shap_mean_abs,0.0,norway
NOR_1Y,5,Block_COVID,COVID,block_cv,nor_kpijae_yoy,shap_mean_abs,0.0,norway
NOR_1Y,5,Block_COVID,COVID,block_cv,nor_nibor_nowa_spread,shap_mean_abs,0.0,norway
NOR_1Y,5,Block_COVID,COVID,block_cv,nor_nowa_level,shap_mean_abs,0.0,norway
NOR_1Y,5,Block_COVID,COVID,block_cv,nor_polrate_chg_1d,shap_mean_abs,0.0,norway
NOR_1Y,5,Block_COVID,COVID,block_cv,nor_polrate_days_since_chg,shap_mean_abs,5.372764280764386e-05,norway
NOR_1Y,5,Block_COVID,COVID,block_cv,nor_polrate_level,shap_mean_abs,0.0,norway
NOR_1Y,5,Block_COVID,COVID,block_cv,nor_rb_rate_chg,shap_mean_abs,0.0,norway
NOR_1Y,5,Block_COVID,COVID,block_cv,nor_rb_rate_level,shap_mean_abs,0.0,norway
NOR_1Y,5,Block_COVID,COVID,block_cv,nor_unemp,shap_mean_abs,4.0783077565720305e-05,norway
NOR_1Y,5,Block_COVID,COVID,block_cv,nor_usdnok_chg_1d,shap_mean_abs,0.0,norway
NOR_1Y,5,Block_COVID,COVID,block_cv,nor_usdnok_level,shap_mean_abs,0.0,norway
NOR_1Y,5,Block_COVID,COVID,block_cv,nor_usdnok_mom_1m,shap_mean_abs,0.0,norway
NOR_1Y,5,Block_COVID,COVID,block_cv,nor_usdnok_mom_3m,shap_mean_abs,3.8068610592745245e-05,norway
NOR_1Y,5,Block_COVID,COVID,block_cv,nor_usdnok_rvol_20d,shap_mean_abs,0.0,norway
NOR_1Y,5,Block_COVID,COVID,block_cv,swap_govt_spread,shap_mean_abs,0.0,norway
NOR_1Y,5,Block_COVID,COVID,block_cv,xmpca_01,shap_mean_abs,0.0,cross_market
NOR_1Y,5,Block_COVID,COVID,block_cv,xmpca_02,shap_mean_abs,0.0,cross_market
NOR_1Y,5,Block_COVID,COVID,block_cv,xmpca_03,shap_mean_abs,7.517750054830685e-05,cross_market
NOR_1Y,5,Block_COVID,COVID,block_cv,xmpca_04,shap_mean_abs,4.9998026952380314e-05,cross_market
NOR_1Y,5,Block_COVID,COVID,block_cv,xmpca_05,shap_mean_abs,0.0006333316559903324,cross_market
NOR_1Y,5,Block_COVID,COVID,block_cv,xmpca_06,shap_mean_abs,7.615108916070312e-05,cross_market
NOR_1Y,5,Block_COVID,COVID,block_cv,xmpca_07,shap_mean_abs,0.0,cross_market
NOR_1Y,5,Block_COVID,COVID,block_cv,xmpca_08,shap_mean_abs,4.912059011985548e-05,cross_market
NOR_1Y,5,Block_COVID,COVID,block_cv,xmpca_09,shap_mean_abs,0.0,cross_market
NOR_1Y,5,Block_COVID,COVID,block_cv,xmpca_10,shap_mean_abs,0.0,cross_market
NOR_1Y,5,Block_COVID,COVID,block_cv,xmpca_11,shap_mean_abs,0.0,cross_market
NOR_1Y,5,Block_COVID,COVID,block_cv,xmpca_12,shap_mean_abs,1.2764087841787841e-05,cross_market
NOR_1Y,5,Block_Hiking,Hiking,block_cv,chg_lag1,gain,0.040252119302749634,momentum
NOR_1Y,5,Block_Hiking,Hiking,block_cv,chg_lag2,gain,0.01597735658288002,momentum
NOR_1Y,5,Block_Hiking,Hiking,block_cv,chg_lag3,gain,0.021613888442516327,momentum
NOR_1Y,5,Block_Hiking,Hiking,block_cv,chg_lag4,gain,0.0,momentum
NOR_1Y,5,Block_Hiking,Hiking,block_cv,chg_lag5,gain,0.030427785590291023,momentum
NOR_1Y,5,Block_Hiking,Hiking,block_cv,carry_roll,gain,0.0271250419318676,carry_roll
NOR_1Y,5,Block_Hiking,Hiking,block_cv,mom_63d,gain,0.07590276747941971,momentum
NOR_1Y,5,Block_Hiking,Hiking,block_cv,mom_1m,gain,0.02423831820487976,momentum
NOR_1Y,5,Block_Hiking,Hiking,block_cv,mom_3m,gain,0.040159888565540314,momentum
NOR_1Y,5,Block_Hiking,Hiking,block_cv,mom_6m,gain,0.09452028572559357,momentum
NOR_1Y,5,Block_Hiking,Hiking,block_cv,mom_12m,gain,0.02595769613981247,momentum
NOR_1Y,5,Block_Hiking,Hiking,block_cv,dev_ma_3m,gain,0.043177422136068344,curve
NOR_1Y,5,Block_Hiking,Hiking,block_cv,dev_ma_12m,gain,0.04252577945590019,curve
NOR_1Y,5,Block_Hiking,Hiking,block_cv,vol_20d,gain,0.013802874833345413,vol
NOR_1Y,5,Block_Hiking,Hiking,block_cv,vol_regime,gain,0.0,vol
NOR_1Y,5,Block_Hiking,Hiking,block_cv,vol_zscore,gain,0.16321654617786407,vol
NOR_1Y,5,Block_Hiking,Hiking,block_cv,level_zscore,gain,0.11561410129070282,curve
NOR_1Y,5,Block_Hiking,Hiking,block_cv,slope_10_1,gain,0.03508766368031502,curve
NOR_1Y,5,Block_Hiking,Hiking,block_cv,slope_10_5,gain,0.044589173048734665,curve
NOR_1Y,5,Block_Hiking,Hiking,block_cv,slope_5_1,gain,0.02573387883603573,curve
NOR_1Y,5,Block_Hiking,Hiking,block_cv,sofr_mom_1m,gain,0.053441960364580154,macro
NOR_1Y,5,Block_Hiking,Hiking,block_cv,ibor_level,gain,0.10900089889764786,macro
NOR_1Y,5,Block_Hiking,Hiking,block_cv,ibor_chg_1d,gain,0.03567412123084068,macro
NOR_1Y,5,Block_Hiking,Hiking,block_cv,ibor_mom_1m,gain,0.14914213120937347,macro
NOR_1Y,5,Block_Hiking,Hiking,block_cv,ibor_term_slope,gain,0.07647592574357986,macro
NOR_1Y,5,Block_Hiking,Hiking,block_cv,swap_ibor_basis,gain,0.06903465837240219,curve
NOR_1Y,5,Block_Hiking,Hiking,block_cv,move_level,gain,0.05114137753844261,vol
NOR_1Y,5,Block_Hiking,Hiking,block_cv,move_zscore,gain,0.03352391719818115,vol
NOR_1Y,5,Block_Hiking,Hiking,block_cv,vix_level,gain,0.016300315037369728,vol
NOR_1Y,5,Block_Hiking,Hiking,block_cv,vix_zscore,gain,0.04269298538565636,vol
NOR_1Y,5,Block_Hiking,Hiking,block_cv,v2x_level,gain,0.07026945799589157,vol
NOR_1Y,5,Block_Hiking,Hiking,block_cv,vxn_level,gain,0.01056961715221405,vol
NOR_1Y,5,Block_Hiking,Hiking,block_cv,ovx_level,gain,0.05174785852432251,vol
NOR_1Y,5,Block_Hiking,Hiking,block_cv,gvz_level,gain,0.17967280745506287,vol
NOR_1Y,5,Block_Hiking,Hiking,block_cv,spx_mom_1m,gain,0.12038223445415497,macro
NOR_1Y,5,Block_Hiking,Hiking,block_cv,spx_mom_3m,gain,0.02066067047417164,macro
NOR_1Y,5,Block_Hiking,Hiking,block_cv,sx5e_mom_1m,gain,0.06250014156103134,macro
NOR_1Y,5,Block_Hiking,Hiking,block_cv,sx5e_mom_3m,gain,0.05878603458404541,macro
NOR_1Y,5,Block_Hiking,Hiking,block_cv,mxwo_mom_1m,gain,0.020809372887015343,macro
NOR_1Y,5,Block_Hiking,Hiking,block_cv,ndx_mom_1m,gain,0.10818994045257568,macro
NOR_1Y,5,Block_Hiking,Hiking,block_cv,oil_mom_1m,gain,0.0443023182451725,macro
NOR_1Y,5,Block_Hiking,Hiking,block_cv,oil_mom_3m,gain,0.03656541556119919,macro
NOR_1Y,5,Block_Hiking,Hiking,block_cv,copper_mom_1m,gain,0.026786722242832184,macro
NOR_1Y,5,Block_Hiking,Hiking,block_cv,opec_prod,gain,0.017160693183541298,macro
NOR_1Y,5,Block_Hiking,Hiking,block_cv,natgas_mom_1m,gain,0.025121869519352913,macro
NOR_1Y,5,Block_Hiking,Hiking,block_cv,be5y_level,gain,0.04408133774995804,macro
NOR_1Y,5,Block_Hiking,Hiking,block_cv,be10y_level,gain,0.0,macro
NOR_1Y,5,Block_Hiking,Hiking,block_cv,be_slope,gain,0.031056495383381844,macro
NOR_1Y,5,Block_Hiking,Hiking,block_cv,be5y_chg_1m,gain,0.0,macro
NOR_1Y,5,Block_Hiking,Hiking,block_cv,ig_spread,gain,0.0,credit
NOR_1Y,5,Block_Hiking,Hiking,block_cv,hy_spread,gain,0.0,credit
NOR_1Y,5,Block_Hiking,Hiking,block_cv,ig_chg_1m,gain,0.0,credit
NOR_1Y,5,Block_Hiking,Hiking,block_cv,hy_chg_1m,gain,0.0,credit
NOR_1Y,5,Block_Hiking,Hiking,block_cv,cpi_yoy,gain,0.037125807255506516,macro
NOR_1Y,5,Block_Hiking,Hiking,block_cv,pce_core_chg,gain,0.018087413161993027,macro
NOR_1Y,5,Block_Hiking,Hiking,block_cv,nfp_change,gain,0.0,macro
NOR_1Y,5,Block_Hiking,Hiking,block_cv,pmi_us,gain,0.019464688375592232,macro
NOR_1Y,5,Block_Hiking,Hiking,block_cv,pmi_eur,gain,0.019421571865677834,macro
NOR_1Y,5,Block_Hiking,Hiking,block_cv,unemp_eur,gain,0.04416273534297943,macro
NOR_1Y,5,Block_Hiking,Hiking,block_cv,cpi_nsa_level,gain,0.0,macro
NOR_1Y,5,Block_Hiking,Hiking,block_cv,pce_core_level,gain,0.0,macro
NOR_1Y,5,Block_Hiking,Hiking,block_cv,eur_3m,gain,0.0252111554145813,macro
NOR_1Y,5,Block_Hiking,Hiking,block_cv,eur_1w,gain,0.04140366613864899,macro
NOR_1Y,5,Block_Hiking,Hiking,block_cv,nor_ibor_1m,gain,0.0419902503490448,norway
NOR_1Y,5,Block_Hiking,Hiking,block_cv,nor_ibor_6m,gain,0.22212544083595276,norway
NOR_1Y,5,Block_Hiking,Hiking,block_cv,nor_ecb_dfr_chg,gain,0.0,norway
NOR_1Y,5,Block_Hiking,Hiking,block_cv,nor_ecb_dfr_level,gain,0.0,norway
NOR_1Y,5,Block_Hiking,Hiking,block_cv,nor_eurnok_chg_1d,gain,0.01567251607775688,norway
NOR_1Y,5,Block_Hiking,Hiking,block_cv,nor_eurnok_level,gain,0.03064197674393654,norway
NOR_1Y,5,Block_Hiking,Hiking,block_cv,nor_eurnok_mom_1m,gain,0.050044894218444824,norway
NOR_1Y,5,Block_Hiking,Hiking,block_cv,nor_eurnok_mom_3m,gain,0.032876692712306976,norway
NOR_1Y,5,Block_Hiking,Hiking,block_cv,nor_eurnok_rvol_20d,gain,0.012831339612603188,norway
NOR_1Y,5,Block_Hiking,Hiking,block_cv,nor_govt_10y,gain,0.0,norway
NOR_1Y,5,Block_Hiking,Hiking,block_cv,nor_govt_3y,gain,0.03218527138233185,norway
NOR_1Y,5,Block_Hiking,Hiking,block_cv,nor_govt_5y,gain,0.0,norway
NOR_1Y,5,Block_Hiking,Hiking,block_cv,nor_i44_chg_1d,gain,0.0,norway
NOR_1Y,5,Block_Hiking,Hiking,block_cv,nor_i44_level,gain,0.02806367538869381,norway
NOR_1Y,5,Block_Hiking,Hiking,block_cv,nor_i44_mom_1m,gain,0.028913410380482674,norway
NOR_1Y,5,Block_Hiking,Hiking,block_cv,nor_i44_mom_3m,gain,0.039885472506284714,norway
NOR_1Y,5,Block_Hiking,Hiking,block_cv,nor_i44_rvol_20d,gain,0.15022771060466766,norway
NOR_1Y,5,Block_Hiking,Hiking,block_cv,nor_kpi_yoy,gain,0.5417982935905457,norway
NOR_1Y,5,Block_Hiking,Hiking,block_cv,nor_kpijae_yoy,gain,0.022348377853631973,norway
NOR_1Y,5,Block_Hiking,Hiking,block_cv,nor_nibor_nowa_spread,gain,0.0,norway
NOR_1Y,5,Block_Hiking,Hiking,block_cv,nor_nowa_level,gain,0.01962842047214508,norway
NOR_1Y,5,Block_Hiking,Hiking,block_cv,nor_polrate_chg_1d,gain,0.0,norway
NOR_1Y,5,Block_Hiking,Hiking,block_cv,nor_polrate_days_since_chg,gain,0.017112145200371742,norway
NOR_1Y,5,Block_Hiking,Hiking,block_cv,nor_polrate_level,gain,0.0,norway
NOR_1Y,5,Block_Hiking,Hiking,block_cv,nor_rb_rate_chg,gain,0.0,norway
NOR_1Y,5,Block_Hiking,Hiking,block_cv,nor_rb_rate_level,gain,0.03557261824607849,norway
NOR_1Y,5,Block_Hiking,Hiking,block_cv,nor_unemp,gain,0.0,norway
NOR_1Y,5,Block_Hiking,Hiking,block_cv,nor_usdnok_chg_1d,gain,0.02313796617090702,norway
NOR_1Y,5,Block_Hiking,Hiking,block_cv,nor_usdnok_level,gain,0.19569753110408783,norway
NOR_1Y,5,Block_Hiking,Hiking,block_cv,nor_usdnok_mom_1m,gain,0.046054910868406296,norway
NOR_1Y,5,Block_Hiking,Hiking,block_cv,nor_usdnok_mom_3m,gain,0.041229184716939926,norway
NOR_1Y,5,Block_Hiking,Hiking,block_cv,nor_usdnok_rvol_20d,gain,0.03418614715337753,norway
NOR_1Y,5,Block_Hiking,Hiking,block_cv,swap_govt_spread,gain,0.0,norway
NOR_1Y,5,Block_Hiking,Hiking,block_cv,xmpca_01,gain,0.04415973275899887,cross_market
NOR_1Y,5,Block_Hiking,Hiking,block_cv,xmpca_02,gain,0.0,cross_market
NOR_1Y,5,Block_Hiking,Hiking,block_cv,xmpca_03,gain,0.011025350540876389,cross_market
NOR_1Y,5,Block_Hiking,Hiking,block_cv,xmpca_04,gain,0.15990184247493744,cross_market
NOR_1Y,5,Block_Hiking,Hiking,block_cv,xmpca_05,gain,0.03790450468659401,cross_market
NOR_1Y,5,Block_Hiking,Hiking,block_cv,xmpca_06,gain,0.0,cross_market
NOR_1Y,5,Block_Hiking,Hiking,block_cv,xmpca_07,gain,0.04211261495947838,cross_market
NOR_1Y,5,Block_Hiking,Hiking,block_cv,xmpca_08,gain,0.06339636445045471,cross_market
NOR_1Y,5,Block_Hiking,Hiking,block_cv,xmpca_09,gain,0.01835399866104126,cross_market
NOR_1Y,5,Block_Hiking,Hiking,block_cv,xmpca_10,gain,0.008597682230174541,cross_market
NOR_1Y,5,Block_Hiking,Hiking,block_cv,xmpca_11,gain,0.0987548828125,cross_market
NOR_1Y,5,Block_Hiking,Hiking,block_cv,xmpca_12,gain,0.035257838666439056,cross_market
NOR_1Y,5,Block_Hiking,Hiking,block_cv,chg_lag1,weight,19.0,momentum
NOR_1Y,5,Block_Hiking,Hiking,block_cv,chg_lag2,weight,12.0,momentum
NOR_1Y,5,Block_Hiking,Hiking,block_cv,chg_lag3,weight,3.0,momentum
NOR_1Y,5,Block_Hiking,Hiking,block_cv,chg_lag4,weight,0.0,momentum
NOR_1Y,5,Block_Hiking,Hiking,block_cv,chg_lag5,weight,6.0,momentum
NOR_1Y,5,Block_Hiking,Hiking,block_cv,carry_roll,weight,16.0,carry_roll
NOR_1Y,5,Block_Hiking,Hiking,block_cv,mom_63d,weight,4.0,momentum
NOR_1Y,5,Block_Hiking,Hiking,block_cv,mom_1m,weight,13.0,momentum
NOR_1Y,5,Block_Hiking,Hiking,block_cv,mom_3m,weight,1.0,momentum
NOR_1Y,5,Block_Hiking,Hiking,block_cv,mom_6m,weight,4.0,momentum
NOR_1Y,5,Block_Hiking,Hiking,block_cv,mom_12m,weight,4.0,momentum
NOR_1Y,5,Block_Hiking,Hiking,block_cv,dev_ma_3m,weight,11.0,curve
NOR_1Y,5,Block_Hiking,Hiking,block_cv,dev_ma_12m,weight,4.0,curve
NOR_1Y,5,Block_Hiking,Hiking,block_cv,vol_20d,weight,2.0,vol
NOR_1Y,5,Block_Hiking,Hiking,block_cv,vol_regime,weight,0.0,vol
NOR_1Y,5,Block_Hiking,Hiking,block_cv,vol_zscore,weight,7.0,vol
NOR_1Y,5,Block_Hiking,Hiking,block_cv,level_zscore,weight,5.0,curve
NOR_1Y,5,Block_Hiking,Hiking,block_cv,slope_10_1,weight,8.0,curve
NOR_1Y,5,Block_Hiking,Hiking,block_cv,slope_10_5,weight,3.0,curve
NOR_1Y,5,Block_Hiking,Hiking,block_cv,slope_5_1,weight,4.0,curve
NOR_1Y,5,Block_Hiking,Hiking,block_cv,sofr_mom_1m,weight,9.0,macro
NOR_1Y,5,Block_Hiking,Hiking,block_cv,ibor_level,weight,4.0,macro
NOR_1Y,5,Block_Hiking,Hiking,block_cv,ibor_chg_1d,weight,9.0,macro
NOR_1Y,5,Block_Hiking,Hiking,block_cv,ibor_mom_1m,weight,13.0,macro
NOR_1Y,5,Block_Hiking,Hiking,block_cv,ibor_term_slope,weight,6.0,macro
NOR_1Y,5,Block_Hiking,Hiking,block_cv,swap_ibor_basis,weight,6.0,curve
NOR_1Y,5,Block_Hiking,Hiking,block_cv,move_level,weight,8.0,vol
NOR_1Y,5,Block_Hiking,Hiking,block_cv,move_zscore,weight,3.0,vol
NOR_1Y,5,Block_Hiking,Hiking,block_cv,vix_level,weight,3.0,vol
NOR_1Y,5,Block_Hiking,Hiking,block_cv,vix_zscore,weight,3.0,vol
NOR_1Y,5,Block_Hiking,Hiking,block_cv,v2x_level,weight,5.0,vol
NOR_1Y,5,Block_Hiking,Hiking,block_cv,vxn_level,weight,1.0,vol
NOR_1Y,5,Block_Hiking,Hiking,block_cv,ovx_level,weight,7.0,vol
NOR_1Y,5,Block_Hiking,Hiking,block_cv,gvz_level,weight,7.0,vol
NOR_1Y,5,Block_Hiking,Hiking,block_cv,spx_mom_1m,weight,5.0,macro
NOR_1Y,5,Block_Hiking,Hiking,block_cv,spx_mom_3m,weight,2.0,macro
NOR_1Y,5,Block_Hiking,Hiking,block_cv,sx5e_mom_1m,weight,4.0,macro
NOR_1Y,5,Block_Hiking,Hiking,block_cv,sx5e_mom_3m,weight,6.0,macro
NOR_1Y,5,Block_Hiking,Hiking,block_cv,mxwo_mom_1m,weight,1.0,macro
NOR_1Y,5,Block_Hiking,Hiking,block_cv,ndx_mom_1m,weight,4.0,macro
NOR_1Y,5,Block_Hiking,Hiking,block_cv,oil_mom_1m,weight,3.0,macro
NOR_1Y,5,Block_Hiking,Hiking,block_cv,oil_mom_3m,weight,4.0,macro
NOR_1Y,5,Block_Hiking,Hiking,block_cv,copper_mom_1m,weight,4.0,macro
NOR_1Y,5,Block_Hiking,Hiking,block_cv,opec_prod,weight,2.0,macro
NOR_1Y,5,Block_Hiking,Hiking,block_cv,natgas_mom_1m,weight,3.0,macro
NOR_1Y,5,Block_Hiking,Hiking,block_cv,be5y_level,weight,2.0,macro
NOR_1Y,5,Block_Hiking,Hiking,block_cv,be10y_level,weight,0.0,macro
NOR_1Y,5,Block_Hiking,Hiking,block_cv,be_slope,weight,4.0,macro
NOR_1Y,5,Block_Hiking,Hiking,block_cv,be5y_chg_1m,weight,0.0,macro
NOR_1Y,5,Block_Hiking,Hiking,block_cv,ig_spread,weight,0.0,credit
NOR_1Y,5,Block_Hiking,Hiking,block_cv,hy_spread,weight,0.0,credit
NOR_1Y,5,Block_Hiking,Hiking,block_cv,ig_chg_1m,weight,0.0,credit
NOR_1Y,5,Block_Hiking,Hiking,block_cv,hy_chg_1m,weight,0.0,credit
NOR_1Y,5,Block_Hiking,Hiking,block_cv,cpi_yoy,weight,4.0,macro
NOR_1Y,5,Block_Hiking,Hiking,block_cv,pce_core_chg,weight,1.0,macro
NOR_1Y,5,Block_Hiking,Hiking,block_cv,nfp_change,weight,0.0,macro
NOR_1Y,5,Block_Hiking,Hiking,block_cv,pmi_us,weight,1.0,macro
NOR_1Y,5,Block_Hiking,Hiking,block_cv,pmi_eur,weight,1.0,macro
NOR_1Y,5,Block_Hiking,Hiking,block_cv,unemp_eur,weight,1.0,macro
NOR_1Y,5,Block_Hiking,Hiking,block_cv,cpi_nsa_level,weight,0.0,macro
NOR_1Y,5,Block_Hiking,Hiking,block_cv,pce_core_level,weight,0.0,macro
NOR_1Y,5,Block_Hiking,Hiking,block_cv,eur_3m,weight,6.0,macro
NOR_1Y,5,Block_Hiking,Hiking,block_cv,eur_1w,weight,2.0,macro
NOR_1Y,5,Block_Hiking,Hiking,block_cv,nor_ibor_1m,weight,4.0,norway
NOR_1Y,5,Block_Hiking,Hiking,block_cv,nor_ibor_6m,weight,4.0,norway
NOR_1Y,5,Block_Hiking,Hiking,block_cv,nor_ecb_dfr_chg,weight,0.0,norway
NOR_1Y,5,Block_Hiking,Hiking,block_cv,nor_ecb_dfr_level,weight,0.0,norway
NOR_1Y,5,Block_Hiking,Hiking,block_cv,nor_eurnok_chg_1d,weight,1.0,norway
NOR_1Y,5,Block_Hiking,Hiking,block_cv,nor_eurnok_level,weight,4.0,norway
NOR_1Y,5,Block_Hiking,Hiking,block_cv,nor_eurnok_mom_1m,weight,1.0,norway
NOR_1Y,5,Block_Hiking,Hiking,block_cv,nor_eurnok_mom_3m,weight,2.0,norway
NOR_1Y,5,Block_Hiking,Hiking,block_cv,nor_eurnok_rvol_20d,weight,2.0,norway
NOR_1Y,5,Block_Hiking,Hiking,block_cv,nor_govt_10y,weight,0.0,norway
NOR_1Y,5,Block_Hiking,Hiking,block_cv,nor_govt_3y,weight,1.0,norway
NOR_1Y,5,Block_Hiking,Hiking,block_cv,nor_govt_5y,weight,0.0,norway
NOR_1Y,5,Block_Hiking,Hiking,block_cv,nor_i44_chg_1d,weight,0.0,norway
NOR_1Y,5,Block_Hiking,Hiking,block_cv,nor_i44_level,weight,2.0,norway
NOR_1Y,5,Block_Hiking,Hiking,block_cv,nor_i44_mom_1m,weight,4.0,norway
NOR_1Y,5,Block_Hiking,Hiking,block_cv,nor_i44_mom_3m,weight,2.0,norway
NOR_1Y,5,Block_Hiking,Hiking,block_cv,nor_i44_rvol_20d,weight,3.0,norway
NOR_1Y,5,Block_Hiking,Hiking,block_cv,nor_kpi_yoy,weight,2.0,norway
NOR_1Y,5,Block_Hiking,Hiking,block_cv,nor_kpijae_yoy,weight,2.0,norway
NOR_1Y,5,Block_Hiking,Hiking,block_cv,nor_nibor_nowa_spread,weight,0.0,norway
NOR_1Y,5,Block_Hiking,Hiking,block_cv,nor_nowa_level,weight,2.0,norway
NOR_1Y,5,Block_Hiking,Hiking,block_cv,nor_polrate_chg_1d,weight,0.0,norway
NOR_1Y,5,Block_Hiking,Hiking,block_cv,nor_polrate_days_since_chg,weight,3.0,norway
NOR_1Y,5,Block_Hiking,Hiking,block_cv,nor_polrate_level,weight,0.0,norway
NOR_1Y,5,Block_Hiking,Hiking,block_cv,nor_rb_rate_chg,weight,0.0,norway
NOR_1Y,5,Block_Hiking,Hiking,block_cv,nor_rb_rate_level,weight,1.0,norway
NOR_1Y,5,Block_Hiking,Hiking,block_cv,nor_unemp,weight,0.0,norway
NOR_1Y,5,Block_Hiking,Hiking,block_cv,nor_usdnok_chg_1d,weight,3.0,norway
NOR_1Y,5,Block_Hiking,Hiking,block_cv,nor_usdnok_level,weight,4.0,norway
NOR_1Y,5,Block_Hiking,Hiking,block_cv,nor_usdnok_mom_1m,weight,3.0,norway
NOR_1Y,5,Block_Hiking,Hiking,block_cv,nor_usdnok_mom_3m,weight,3.0,norway
NOR_1Y,5,Block_Hiking,Hiking,block_cv,nor_usdnok_rvol_20d,weight,5.0,norway
NOR_1Y,5,Block_Hiking,Hiking,block_cv,swap_govt_spread,weight,0.0,norway
NOR_1Y,5,Block_Hiking,Hiking,block_cv,xmpca_01,weight,2.0,cross_market
NOR_1Y,5,Block_Hiking,Hiking,block_cv,xmpca_02,weight,0.0,cross_market
NOR_1Y,5,Block_Hiking,Hiking,block_cv,xmpca_03,weight,1.0,cross_market
NOR_1Y,5,Block_Hiking,Hiking,block_cv,xmpca_04,weight,6.0,cross_market
NOR_1Y,5,Block_Hiking,Hiking,block_cv,xmpca_05,weight,8.0,cross_market
NOR_1Y,5,Block_Hiking,Hiking,block_cv,xmpca_06,weight,0.0,cross_market
NOR_1Y,5,Block_Hiking,Hiking,block_cv,xmpca_07,weight,6.0,cross_market
NOR_1Y,5,Block_Hiking,Hiking,block_cv,xmpca_08,weight,1.0,cross_market
NOR_1Y,5,Block_Hiking,Hiking,block_cv,xmpca_09,weight,3.0,cross_market
NOR_1Y,5,Block_Hiking,Hiking,block_cv,xmpca_10,weight,2.0,cross_market
NOR_1Y,5,Block_Hiking,Hiking,block_cv,xmpca_11,weight,6.0,cross_market
NOR_1Y,5,Block_Hiking,Hiking,block_cv,xmpca_12,weight,7.0,cross_market
NOR_1Y,5,Block_Hiking,Hiking,block_cv,chg_lag1,cover,695.8421020507812,momentum
NOR_1Y,5,Block_Hiking,Hiking,block_cv,chg_lag2,cover,480.3333435058594,momentum
NOR_1Y,5,Block_Hiking,Hiking,block_cv,chg_lag3,cover,8.0,momentum
NOR_1Y,5,Block_Hiking,Hiking,block_cv,chg_lag4,cover,0.0,momentum
NOR_1Y,5,Block_Hiking,Hiking,block_cv,chg_lag5,cover,1134.6666259765625,momentum
NOR_1Y,5,Block_Hiking,Hiking,block_cv,carry_roll,cover,29.375,carry_roll
NOR_1Y,5,Block_Hiking,Hiking,block_cv,mom_63d,cover,153.5,momentum
NOR_1Y,5,Block_Hiking,Hiking,block_cv,mom_1m,cover,868.2307739257812,momentum
NOR_1Y,5,Block_Hiking,Hiking,block_cv,mom_3m,cover,1881.0,momentum
NOR_1Y,5,Block_Hiking,Hiking,block_cv,mom_6m,cover,943.5,momentum
NOR_1Y,5,Block_Hiking,Hiking,block_cv,mom_12m,cover,1372.0,momentum
NOR_1Y,5,Block_Hiking,Hiking,block_cv,dev_ma_3m,cover,1346.45458984375,curve
NOR_1Y,5,Block_Hiking,Hiking,block_cv,dev_ma_12m,cover,1339.25,curve
NOR_1Y,5,Block_Hiking,Hiking,block_cv,vol_20d,cover,70.5,vol
NOR_1Y,5,Block_Hiking,Hiking,block_cv,vol_regime,cover,0.0,vol
NOR_1Y,5,Block_Hiking,Hiking,block_cv,vol_zscore,cover,1359.857177734375,vol
NOR_1Y,5,Block_Hiking,Hiking,block_cv,level_zscore,cover,761.2000122070312,curve
NOR_1Y,5,Block_Hiking,Hiking,block_cv,slope_10_1,cover,637.5,curve
NOR_1Y,5,Block_Hiking,Hiking,block_cv,slope_10_5,cover,176.0,curve
NOR_1Y,5,Block_Hiking,Hiking,block_cv,slope_5_1,cover,494.75,curve
NOR_1Y,5,Block_Hiking,Hiking,block_cv,sofr_mom_1m,cover,847.888916015625,macro
NOR_1Y,5,Block_Hiking,Hiking,block_cv,ibor_level,cover,41.5,macro
NOR_1Y,5,Block_Hiking,Hiking,block_cv,ibor_chg_1d,cover,580.888916015625,macro
NOR_1Y,5,Block_Hiking,Hiking,block_cv,ibor_mom_1m,cover,1316.15380859375,macro
NOR_1Y,5,Block_Hiking,Hiking,block_cv,ibor_term_slope,cover,1220.0,macro
NOR_1Y,5,Block_Hiking,Hiking,block_cv,swap_ibor_basis,cover,1555.1666259765625,curve
NOR_1Y,5,Block_Hiking,Hiking,block_cv,move_level,cover,1853.25,vol
NOR_1Y,5,Block_Hiking,Hiking,block_cv,move_zscore,cover,17.0,vol
NOR_1Y,5,Block_Hiking,Hiking,block_cv,vix_level,cover,417.3333435058594,vol
NOR_1Y,5,Block_Hiking,Hiking,block_cv,vix_zscore,cover,61.0,vol
NOR_1Y,5,Block_Hiking,Hiking,block_cv,v2x_level,cover,1867.199951171875,vol
NOR_1Y,5,Block_Hiking,Hiking,block_cv,vxn_level,cover,8.0,vol
NOR_1Y,5,Block_Hiking,Hiking,block_cv,ovx_level,cover,1346.5714111328125,vol
NOR_1Y,5,Block_Hiking,Hiking,block_cv,gvz_level,cover,1731.142822265625,vol
NOR_1Y,5,Block_Hiking,Hiking,block_cv,spx_mom_1m,cover,1870.4000244140625,macro
NOR_1Y,5,Block_Hiking,Hiking,block_cv,spx_mom_3m,cover,38.0,macro
NOR_1Y,5,Block_Hiking,Hiking,block_cv,sx5e_mom_1m,cover,1364.75,macro
NOR_1Y,5,Block_Hiking,Hiking,block_cv,sx5e_mom_3m,cover,342.3333435058594,macro
NOR_1Y,5,Block_Hiking,Hiking,block_cv,mxwo_mom_1m,cover,8.0,macro
NOR_1Y,5,Block_Hiking,Hiking,block_cv,ndx_mom_1m,cover,1414.5,macro
NOR_1Y,5,Block_Hiking,Hiking,block_cv,oil_mom_1m,cover,32.66666793823242,macro
NOR_1Y,5,Block_Hiking,Hiking,block_cv,oil_mom_3m,cover,1803.5,macro
NOR_1Y,5,Block_Hiking,Hiking,block_cv,copper_mom_1m,cover,96.25,macro
NOR_1Y,5,Block_Hiking,Hiking,block_cv,opec_prod,cover,35.5,macro
NOR_1Y,5,Block_Hiking,Hiking,block_cv,natgas_mom_1m,cover,1860.6666259765625,macro
NOR_1Y,5,Block_Hiking,Hiking,block_cv,be5y_level,cover,1744.5,macro
NOR_1Y,5,Block_Hiking,Hiking,block_cv,be10y_level,cover,0.0,macro
NOR_1Y,5,Block_Hiking,Hiking,block_cv,be_slope,cover,1393.25,macro
NOR_1Y,5,Block_Hiking,Hiking,block_cv,be5y_chg_1m,cover,0.0,macro
NOR_1Y,5,Block_Hiking,Hiking,block_cv,ig_spread,cover,0.0,credit
NOR_1Y,5,Block_Hiking,Hiking,block_cv,hy_spread,cover,0.0,credit
NOR_1Y,5,Block_Hiking,Hiking,block_cv,ig_chg_1m,cover,0.0,credit
NOR_1Y,5,Block_Hiking,Hiking,block_cv,hy_chg_1m,cover,0.0,credit
NOR_1Y,5,Block_Hiking,Hiking,block_cv,cpi_yoy,cover,567.0,macro
NOR_1Y,5,Block_Hiking,Hiking,block_cv,pce_core_chg,cover,51.0,macro
NOR_1Y,5,Block_Hiking,Hiking,block_cv,nfp_change,cover,0.0,macro
NOR_1Y,5,Block_Hiking,Hiking,block_cv,pmi_us,cover,1325.0,macro
NOR_1Y,5,Block_Hiking,Hiking,block_cv,pmi_eur,cover,521.0,macro
NOR_1Y,5,Block_Hiking,Hiking,block_cv,unemp_eur,cover,1828.0,macro
NOR_1Y,5,Block_Hiking,Hiking,block_cv,cpi_nsa_level,cover,0.0,macro
NOR_1Y,5,Block_Hiking,Hiking,block_cv,pce_core_level,cover,0.0,macro
NOR_1Y,5,Block_Hiking,Hiking,block_cv,eur_3m,cover,1809.8333740234375,macro
NOR_1Y,5,Block_Hiking,Hiking,block_cv,eur_1w,cover,1868.5,macro
NOR_1Y,5,Block_Hiking,Hiking,block_cv,nor_ibor_1m,cover,1534.0,norway
NOR_1Y,5,Block_Hiking,Hiking,block_cv,nor_ibor_6m,cover,1787.0,norway
NOR_1Y,5,Block_Hiking,Hiking,block_cv,nor_ecb_dfr_chg,cover,0.0,norway
NOR_1Y,5,Block_Hiking,Hiking,block_cv,nor_ecb_dfr_level,cover,0.0,norway
NOR_1Y,5,Block_Hiking,Hiking,block_cv,nor_eurnok_chg_1d,cover,44.0,norway
NOR_1Y,5,Block_Hiking,Hiking,block_cv,nor_eurnok_level,cover,1447.0,norway
NOR_1Y,5,Block_Hiking,Hiking,block_cv,nor_eurnok_mom_1m,cover,254.0,norway
NOR_1Y,5,Block_Hiking,Hiking,block_cv,nor_eurnok_mom_3m,cover,1047.5,norway
NOR_1Y,5,Block_Hiking,Hiking,block_cv,nor_eurnok_rvol_20d,cover,41.0,norway
NOR_1Y,5,Block_Hiking,Hiking,block_cv,nor_govt_10y,cover,0.0,norway
NOR_1Y,5,Block_Hiking,Hiking,block_cv,nor_govt_3y,cover,738.0,norway
NOR_1Y,5,Block_Hiking,Hiking,block_cv,nor_govt_5y,cover,0.0,norway
NOR_1Y,5,Block_Hiking,Hiking,block_cv,nor_i44_chg_1d,cover,0.0,norway
NOR_1Y,5,Block_Hiking,Hiking,block_cv,nor_i44_level,cover,237.5,norway
NOR_1Y,5,Block_Hiking,Hiking,block_cv,nor_i44_mom_1m,cover,64.75,norway
NOR_1Y,5,Block_Hiking,Hiking,block_cv,nor_i44_mom_3m,cover,943.0,norway
NOR_1Y,5,Block_Hiking,Hiking,block_cv,nor_i44_rvol_20d,cover,627.0,norway
NOR_1Y,5,Block_Hiking,Hiking,block_cv,nor_kpi_yoy,cover,1835.5,norway
NOR_1Y,5,Block_Hiking,Hiking,block_cv,nor_kpijae_yoy,cover,837.5,norway
NOR_1Y,5,Block_Hiking,Hiking,block_cv,nor_nibor_nowa_spread,cover,0.0,norway
NOR_1Y,5,Block_Hiking,Hiking,block_cv,nor_nowa_level,cover,632.5,norway
NOR_1Y,5,Block_Hiking,Hiking,block_cv,nor_polrate_chg_1d,cover,0.0,norway
NOR_1Y,5,Block_Hiking,Hiking,block_cv,nor_polrate_days_since_chg,cover,1076.6666259765625,norway
NOR_1Y,5,Block_Hiking,Hiking,block_cv,nor_polrate_level,cover,0.0,norway
NOR_1Y,5,Block_Hiking,Hiking,block_cv,nor_rb_rate_chg,cover,0.0,norway
NOR_1Y,5,Block_Hiking,Hiking,block_cv,nor_rb_rate_level,cover,1752.0,norway
NOR_1Y,5,Block_Hiking,Hiking,block_cv,nor_unemp,cover,0.0,norway
NOR_1Y,5,Block_Hiking,Hiking,block_cv,nor_usdnok_chg_1d,cover,15.666666984558105,norway
NOR_1Y,5,Block_Hiking,Hiking,block_cv,nor_usdnok_level,cover,941.5,norway
NOR_1Y,5,Block_Hiking,Hiking,block_cv,nor_usdnok_mom_1m,cover,26.66666603088379,norway
NOR_1Y,5,Block_Hiking,Hiking,block_cv,nor_usdnok_mom_3m,cover,1820.3333740234375,norway
NOR_1Y,5,Block_Hiking,Hiking,block_cv,nor_usdnok_rvol_20d,cover,369.6000061035156,norway
NOR_1Y,5,Block_Hiking,Hiking,block_cv,swap_govt_spread,cover,0.0,norway
NOR_1Y,5,Block_Hiking,Hiking,block_cv,xmpca_01,cover,1816.0,cross_market
NOR_1Y,5,Block_Hiking,Hiking,block_cv,xmpca_02,cover,0.0,cross_market
NOR_1Y,5,Block_Hiking,Hiking,block_cv,xmpca_03,cover,55.0,cross_market
NOR_1Y,5,Block_Hiking,Hiking,block_cv,xmpca_04,cover,966.0,cross_market
NOR_1Y,5,Block_Hiking,Hiking,block_cv,xmpca_05,cover,938.875,cross_market
NOR_1Y,5,Block_Hiking,Hiking,block_cv,xmpca_06,cover,0.0,cross_market
NOR_1Y,5,Block_Hiking,Hiking,block_cv,xmpca_07,cover,655.5,cross_market
NOR_1Y,5,Block_Hiking,Hiking,block_cv,xmpca_08,cover,56.0,cross_market
NOR_1Y,5,Block_Hiking,Hiking,block_cv,xmpca_09,cover,1259.0,cross_market
NOR_1Y,5,Block_Hiking,Hiking,block_cv,xmpca_10,cover,25.5,cross_market
NOR_1Y,5,Block_Hiking,Hiking,block_cv,xmpca_11,cover,331.6666564941406,cross_market
NOR_1Y,5,Block_Hiking,Hiking,block_cv,xmpca_12,cover,369.71429443359375,cross_market
NOR_1Y,5,Block_Hiking,Hiking,block_cv,chg_lag1,total_gain,0.7647902965545654,momentum
NOR_1Y,5,Block_Hiking,Hiking,block_cv,chg_lag2,total_gain,0.19172827899456024,momentum
NOR_1Y,5,Block_Hiking,Hiking,block_cv,chg_lag3,total_gain,0.06484166532754898,momentum
NOR_1Y,5,Block_Hiking,Hiking,block_cv,chg_lag4,total_gain,0.0,momentum
NOR_1Y,5,Block_Hiking,Hiking,block_cv,chg_lag5,total_gain,0.18256671726703644,momentum
NOR_1Y,5,Block_Hiking,Hiking,block_cv,carry_roll,total_gain,0.4340006709098816,carry_roll
NOR_1Y,5,Block_Hiking,Hiking,block_cv,mom_63d,total_gain,0.30361106991767883,momentum
NOR_1Y,5,Block_Hiking,Hiking,block_cv,mom_1m,total_gain,0.3150981366634369,momentum
NOR_1Y,5,Block_Hiking,Hiking,block_cv,mom_3m,total_gain,0.040159888565540314,momentum
NOR_1Y,5,Block_Hiking,Hiking,block_cv,mom_6m,total_gain,0.37808114290237427,momentum
NOR_1Y,5,Block_Hiking,Hiking,block_cv,mom_12m,total_gain,0.10383078455924988,momentum
NOR_1Y,5,Block_Hiking,Hiking,block_cv,dev_ma_3m,total_gain,0.4749516546726227,curve
NOR_1Y,5,Block_Hiking,Hiking,block_cv,dev_ma_12m,total_gain,0.17010311782360077,curve
NOR_1Y,5,Block_Hiking,Hiking,block_cv,vol_20d,total_gain,0.027605749666690826,vol
NOR_1Y,5,Block_Hiking,Hiking,block_cv,vol_regime,total_gain,0.0,vol
NOR_1Y,5,Block_Hiking,Hiking,block_cv,vol_zscore,total_gain,1.142515778541565,vol
NOR_1Y,5,Block_Hiking,Hiking,block_cv,level_zscore,total_gain,0.5780705213546753,curve
NOR_1Y,5,Block_Hiking,Hiking,block_cv,slope_10_1,total_gain,0.28070130944252014,curve
NOR_1Y,5,Block_Hiking,Hiking,block_cv,slope_10_5,total_gain,0.1337675154209137,curve
NOR_1Y,5,Block_Hiking,Hiking,block_cv,slope_5_1,total_gain,0.10293551534414291,curve
NOR_1Y,5,Block_Hiking,Hiking,block_cv,sofr_mom_1m,total_gain,0.4809776544570923,macro
NOR_1Y,5,Block_Hiking,Hiking,block_cv,ibor_level,total_gain,0.43600359559059143,macro
NOR_1Y,5,Block_Hiking,Hiking,block_cv,ibor_chg_1d,total_gain,0.32106709480285645,macro
NOR_1Y,5,Block_Hiking,Hiking,block_cv,ibor_mom_1m,total_gain,1.9388477802276611,macro
NOR_1Y,5,Block_Hiking,Hiking,block_cv,ibor_term_slope,total_gain,0.4588555693626404,macro
NOR_1Y,5,Block_Hiking,Hiking,block_cv,swap_ibor_basis,total_gain,0.41420793533325195,curve
NOR_1Y,5,Block_Hiking,Hiking,block_cv,move_level,total_gain,0.4091310203075409,vol
NOR_1Y,5,Block_Hiking,Hiking,block_cv,move_zscore,total_gain,0.10057175159454346,vol
NOR_1Y,5,Block_Hiking,Hiking,block_cv,vix_level,total_gain,0.048900946974754333,vol
NOR_1Y,5,Block_Hiking,Hiking,block_cv,vix_zscore,total_gain,0.12807895243167877,vol
NOR_1Y,5,Block_Hiking,Hiking,block_cv,v2x_level,total_gain,0.35134729743003845,vol
NOR_1Y,5,Block_Hiking,Hiking,block_cv,vxn_level,total_gain,0.01056961715221405,vol
NOR_1Y,5,Block_Hiking,Hiking,block_cv,ovx_level,total_gain,0.36223500967025757,vol
NOR_1Y,5,Block_Hiking,Hiking,block_cv,gvz_level,total_gain,1.2577096223831177,vol
NOR_1Y,5,Block_Hiking,Hiking,block_cv,spx_mom_1m,total_gain,0.601911187171936,macro
NOR_1Y,5,Block_Hiking,Hiking,block_cv,spx_mom_3m,total_gain,0.04132134094834328,macro
NOR_1Y,5,Block_Hiking,Hiking,block_cv,sx5e_mom_1m,total_gain,0.25000056624412537,macro
NOR_1Y,5,Block_Hiking,Hiking,block_cv,sx5e_mom_3m,total_gain,0.35271620750427246,macro
NOR_1Y,5,Block_Hiking,Hiking,block_cv,mxwo_mom_1m,total_gain,0.020809372887015343,macro
NOR_1Y,5,Block_Hiking,Hiking,block_cv,ndx_mom_1m,total_gain,0.43275976181030273,macro
NOR_1Y,5,Block_Hiking,Hiking,block_cv,oil_mom_1m,total_gain,0.1329069584608078,macro
NOR_1Y,5,Block_Hiking,Hiking,block_cv,oil_mom_3m,total_gain,0.14626166224479675,macro
NOR_1Y,5,Block_Hiking,Hiking,block_cv,copper_mom_1m,total_gain,0.10714688897132874,macro
NOR_1Y,5,Block_Hiking,Hiking,block_cv,opec_prod,total_gain,0.034321386367082596,macro
NOR_1Y,5,Block_Hiking,Hiking,block_cv,natgas_mom_1m,total_gain,0.07536561042070389,macro
NOR_1Y,5,Block_Hiking,Hiking,block_cv,be5y_level,total_gain,0.08816267549991608,macro
NOR_1Y,5,Block_Hiking,Hiking,block_cv,be10y_level,total_gain,0.0,macro
NOR_1Y,5,Block_Hiking,Hiking,block_cv,be_slope,total_gain,0.12422598153352737,macro
NOR_1Y,5,Block_Hiking,Hiking,block_cv,be5y_chg_1m,total_gain,0.0,macro
NOR_1Y,5,Block_Hiking,Hiking,block_cv,ig_spread,total_gain,0.0,credit
NOR_1Y,5,Block_Hiking,Hiking,block_cv,hy_spread,total_gain,0.0,credit
NOR_1Y,5,Block_Hiking,Hiking,block_cv,ig_chg_1m,total_gain,0.0,credit
NOR_1Y,5,Block_Hiking,Hiking,block_cv,hy_chg_1m,total_gain,0.0,credit
NOR_1Y,5,Block_Hiking,Hiking,block_cv,cpi_yoy,total_gain,0.14850322902202606,macro
NOR_1Y,5,Block_Hiking,Hiking,block_cv,pce_core_chg,total_gain,0.018087413161993027,macro
NOR_1Y,5,Block_Hiking,Hiking,block_cv,nfp_change,total_gain,0.0,macro
NOR_1Y,5,Block_Hiking,Hiking,block_cv,pmi_us,total_gain,0.019464688375592232,macro
NOR_1Y,5,Block_Hiking,Hiking,block_cv,pmi_eur,total_gain,0.019421571865677834,macro
NOR_1Y,5,Block_Hiking,Hiking,block_cv,unemp_eur,total_gain,0.04416273534297943,macro
NOR_1Y,5,Block_Hiking,Hiking,block_cv,cpi_nsa_level,total_gain,0.0,macro
NOR_1Y,5,Block_Hiking,Hiking,block_cv,pce_core_level,total_gain,0.0,macro
NOR_1Y,5,Block_Hiking,Hiking,block_cv,eur_3m,total_gain,0.1512669324874878,macro
NOR_1Y,5,Block_Hiking,Hiking,block_cv,eur_1w,total_gain,0.08280733227729797,macro
NOR_1Y,5,Block_Hiking,Hiking,block_cv,nor_ibor_1m,total_gain,0.1679610013961792,norway
NOR_1Y,5,Block_Hiking,Hiking,block_cv,nor_ibor_6m,total_gain,0.888501763343811,norway
NOR_1Y,5,Block_Hiking,Hiking,block_cv,nor_ecb_dfr_chg,total_gain,0.0,norway
NOR_1Y,5,Block_Hiking,Hiking,block_cv,nor_ecb_dfr_level,total_gain,0.0,norway
NOR_1Y,5,Block_Hiking,Hiking,block_cv,nor_eurnok_chg_1d,total_gain,0.01567251607775688,norway
NOR_1Y,5,Block_Hiking,Hiking,block_cv,nor_eurnok_level,total_gain,0.12256790697574615,norway
NOR_1Y,5,Block_Hiking,Hiking,block_cv,nor_eurnok_mom_1m,total_gain,0.050044894218444824,norway
NOR_1Y,5,Block_Hiking,Hiking,block_cv,nor_eurnok_mom_3m,total_gain,0.06575338542461395,norway
NOR_1Y,5,Block_Hiking,Hiking,block_cv,nor_eurnok_rvol_20d,total_gain,0.025662679225206375,norway
NOR_1Y,5,Block_Hiking,Hiking,block_cv,nor_govt_10y,total_gain,0.0,norway
NOR_1Y,5,Block_Hiking,Hiking,block_cv,nor_govt_3y,total_gain,0.03218527138233185,norway
NOR_1Y,5,Block_Hiking,Hiking,block_cv,nor_govt_5y,total_gain,0.0,norway
NOR_1Y,5,Block_Hiking,Hiking,block_cv,nor_i44_chg_1d,total_gain,0.0,norway
NOR_1Y,5,Block_Hiking,Hiking,block_cv,nor_i44_level,total_gain,0.05612735077738762,norway
NOR_1Y,5,Block_Hiking,Hiking,block_cv,nor_i44_mom_1m,total_gain,0.1156536415219307,norway
NOR_1Y,5,Block_Hiking,Hiking,block_cv,nor_i44_mom_3m,total_gain,0.07977094501256943,norway
NOR_1Y,5,Block_Hiking,Hiking,block_cv,nor_i44_rvol_20d,total_gain,0.4506831169128418,norway
NOR_1Y,5,Block_Hiking,Hiking,block_cv,nor_kpi_yoy,total_gain,1.0835965871810913,norway
NOR_1Y,5,Block_Hiking,Hiking,block_cv,nor_kpijae_yoy,total_gain,0.04469675570726395,norway
NOR_1Y,5,Block_Hiking,Hiking,block_cv,nor_nibor_nowa_spread,total_gain,0.0,norway
NOR_1Y,5,Block_Hiking,Hiking,block_cv,nor_nowa_level,total_gain,0.03925684094429016,norway
NOR_1Y,5,Block_Hiking,Hiking,block_cv,nor_polrate_chg_1d,total_gain,0.0,norway
NOR_1Y,5,Block_Hiking,Hiking,block_cv,nor_polrate_days_since_chg,total_gain,0.051336437463760376,norway
NOR_1Y,5,Block_Hiking,Hiking,block_cv,nor_polrate_level,total_gain,0.0,norway
NOR_1Y,5,Block_Hiking,Hiking,block_cv,nor_rb_rate_chg,total_gain,0.0,norway
NOR_1Y,5,Block_Hiking,Hiking,block_cv,nor_rb_rate_level,total_gain,0.03557261824607849,norway
NOR_1Y,5,Block_Hiking,Hiking,block_cv,nor_unemp,total_gain,0.0,norway
NOR_1Y,5,Block_Hiking,Hiking,block_cv,nor_usdnok_chg_1d,total_gain,0.06941390037536621,norway
NOR_1Y,5,Block_Hiking,Hiking,block_cv,nor_usdnok_level,total_gain,0.7827901244163513,norway
NOR_1Y,5,Block_Hiking,Hiking,block_cv,nor_usdnok_mom_1m,total_gain,0.1381647288799286,norway
NOR_1Y,5,Block_Hiking,Hiking,block_cv,nor_usdnok_mom_3m,total_gain,0.12368755042552948,norway
NOR_1Y,5,Block_Hiking,Hiking,block_cv,nor_usdnok_rvol_20d,total_gain,0.17093072831630707,norway
NOR_1Y,5,Block_Hiking,Hiking,block_cv,swap_govt_spread,total_gain,0.0,norway
NOR_1Y,5,Block_Hiking,Hiking,block_cv,xmpca_01,total_gain,0.08831946551799774,cross_market
NOR_1Y,5,Block_Hiking,Hiking,block_cv,xmpca_02,total_gain,0.0,cross_market
NOR_1Y,5,Block_Hiking,Hiking,block_cv,xmpca_03,total_gain,0.011025350540876389,cross_market
NOR_1Y,5,Block_Hiking,Hiking,block_cv,xmpca_04,total_gain,0.9594110250473022,cross_market
NOR_1Y,5,Block_Hiking,Hiking,block_cv,xmpca_05,total_gain,0.3032360374927521,cross_market
NOR_1Y,5,Block_Hiking,Hiking,block_cv,xmpca_06,total_gain,0.0,cross_market
NOR_1Y,5,Block_Hiking,Hiking,block_cv,xmpca_07,total_gain,0.2526756823062897,cross_market
NOR_1Y,5,Block_Hiking,Hiking,block_cv,xmpca_08,total_gain,0.06339636445045471,cross_market
NOR_1Y,5,Block_Hiking,Hiking,block_cv,xmpca_09,total_gain,0.05506199598312378,cross_market
NOR_1Y,5,Block_Hiking,Hiking,block_cv,xmpca_10,total_gain,0.017195364460349083,cross_market
NOR_1Y,5,Block_Hiking,Hiking,block_cv,xmpca_11,total_gain,0.592529296875,cross_market
NOR_1Y,5,Block_Hiking,Hiking,block_cv,xmpca_12,total_gain,0.2468048632144928,cross_market
NOR_1Y,5,Block_Hiking,Hiking,block_cv,chg_lag1,total_cover,13221.0,momentum
NOR_1Y,5,Block_Hiking,Hiking,block_cv,chg_lag2,total_cover,5764.0,momentum
NOR_1Y,5,Block_Hiking,Hiking,block_cv,chg_lag3,total_cover,24.0,momentum
NOR_1Y,5,Block_Hiking,Hiking,block_cv,chg_lag4,total_cover,0.0,momentum
NOR_1Y,5,Block_Hiking,Hiking,block_cv,chg_lag5,total_cover,6808.0,momentum
NOR_1Y,5,Block_Hiking,Hiking,block_cv,carry_roll,total_cover,470.0,carry_roll
NOR_1Y,5,Block_Hiking,Hiking,block_cv,mom_63d,total_cover,614.0,momentum
NOR_1Y,5,Block_Hiking,Hiking,block_cv,mom_1m,total_cover,11287.0,momentum
NOR_1Y,5,Block_Hiking,Hiking,block_cv,mom_3m,total_cover,1881.0,momentum
NOR_1Y,5,Block_Hiking,Hiking,block_cv,mom_6m,total_cover,3774.0,momentum
NOR_1Y,5,Block_Hiking,Hiking,block_cv,mom_12m,total_cover,5488.0,momentum
NOR_1Y,5,Block_Hiking,Hiking,block_cv,dev_ma_3m,total_cover,14811.0,curve
NOR_1Y,5,Block_Hiking,Hiking,block_cv,dev_ma_12m,total_cover,5357.0,curve
NOR_1Y,5,Block_Hiking,Hiking,block_cv,vol_20d,total_cover,141.0,vol
NOR_1Y,5,Block_Hiking,Hiking,block_cv,vol_regime,total_cover,0.0,vol
NOR_1Y,5,Block_Hiking,Hiking,block_cv,vol_zscore,total_cover,9519.0,vol
NOR_1Y,5,Block_Hiking,Hiking,block_cv,level_zscore,total_cover,3806.0,curve
NOR_1Y,5,Block_Hiking,Hiking,block_cv,slope_10_1,total_cover,5100.0,curve
NOR_1Y,5,Block_Hiking,Hiking,block_cv,slope_10_5,total_cover,528.0,curve
NOR_1Y,5,Block_Hiking,Hiking,block_cv,slope_5_1,total_cover,1979.0,curve
NOR_1Y,5,Block_Hiking,Hiking,block_cv,sofr_mom_1m,total_cover,7631.0,macro
NOR_1Y,5,Block_Hiking,Hiking,block_cv,ibor_level,total_cover,166.0,macro
NOR_1Y,5,Block_Hiking,Hiking,block_cv,ibor_chg_1d,total_cover,5228.0,macro
NOR_1Y,5,Block_Hiking,Hiking,block_cv,ibor_mom_1m,total_cover,17110.0,macro
NOR_1Y,5,Block_Hiking,Hiking,block_cv,ibor_term_slope,total_cover,7320.0,macro
NOR_1Y,5,Block_Hiking,Hiking,block_cv,swap_ibor_basis,total_cover,9331.0,curve
NOR_1Y,5,Block_Hiking,Hiking,block_cv,move_level,total_cover,14826.0,vol
NOR_1Y,5,Block_Hiking,Hiking,block_cv,move_zscore,total_cover,51.0,vol
NOR_1Y,5,Block_Hiking,Hiking,block_cv,vix_level,total_cover,1252.0,vol
NOR_1Y,5,Block_Hiking,Hiking,block_cv,vix_zscore,total_cover,183.0,vol
NOR_1Y,5,Block_Hiking,Hiking,block_cv,v2x_level,total_cover,9336.0,vol
NOR_1Y,5,Block_Hiking,Hiking,block_cv,vxn_level,total_cover,8.0,vol
NOR_1Y,5,Block_Hiking,Hiking,block_cv,ovx_level,total_cover,9426.0,vol
NOR_1Y,5,Block_Hiking,Hiking,block_cv,gvz_level,total_cover,12118.0,vol
NOR_1Y,5,Block_Hiking,Hiking,block_cv,spx_mom_1m,total_cover,9352.0,macro
NOR_1Y,5,Block_Hiking,Hiking,block_cv,spx_mom_3m,total_cover,76.0,macro
NOR_1Y,5,Block_Hiking,Hiking,block_cv,sx5e_mom_1m,total_cover,5459.0,macro
NOR_1Y,5,Block_Hiking,Hiking,block_cv,sx5e_mom_3m,total_cover,2054.0,macro
NOR_1Y,5,Block_Hiking,Hiking,block_cv,mxwo_mom_1m,total_cover,8.0,macro
NOR_1Y,5,Block_Hiking,Hiking,block_cv,ndx_mom_1m,total_cover,5658.0,macro
NOR_1Y,5,Block_Hiking,Hiking,block_cv,oil_mom_1m,total_cover,98.0,macro
NOR_1Y,5,Block_Hiking,Hiking,block_cv,oil_mom_3m,total_cover,7214.0,macro
NOR_1Y,5,Block_Hiking,Hiking,block_cv,copper_mom_1m,total_cover,385.0,macro
NOR_1Y,5,Block_Hiking,Hiking,block_cv,opec_prod,total_cover,71.0,macro
NOR_1Y,5,Block_Hiking,Hiking,block_cv,natgas_mom_1m,total_cover,5582.0,macro
NOR_1Y,5,Block_Hiking,Hiking,block_cv,be5y_level,total_cover,3489.0,macro
NOR_1Y,5,Block_Hiking,Hiking,block_cv,be10y_level,total_cover,0.0,macro
NOR_1Y,5,Block_Hiking,Hiking,block_cv,be_slope,total_cover,5573.0,macro
NOR_1Y,5,Block_Hiking,Hiking,block_cv,be5y_chg_1m,total_cover,0.0,macro
NOR_1Y,5,Block_Hiking,Hiking,block_cv,ig_spread,total_cover,0.0,credit
NOR_1Y,5,Block_Hiking,Hiking,block_cv,hy_spread,total_cover,0.0,credit
NOR_1Y,5,Block_Hiking,Hiking,block_cv,ig_chg_1m,total_cover,0.0,credit
NOR_1Y,5,Block_Hiking,Hiking,block_cv,hy_chg_1m,total_cover,0.0,credit
NOR_1Y,5,Block_Hiking,Hiking,block_cv,cpi_yoy,total_cover,2268.0,macro
NOR_1Y,5,Block_Hiking,Hiking,block_cv,pce_core_chg,total_cover,51.0,macro
NOR_1Y,5,Block_Hiking,Hiking,block_cv,nfp_change,total_cover,0.0,macro
NOR_1Y,5,Block_Hiking,Hiking,block_cv,pmi_us,total_cover,1325.0,macro
NOR_1Y,5,Block_Hiking,Hiking,block_cv,pmi_eur,total_cover,521.0,macro
NOR_1Y,5,Block_Hiking,Hiking,block_cv,unemp_eur,total_cover,1828.0,macro
NOR_1Y,5,Block_Hiking,Hiking,block_cv,cpi_nsa_level,total_cover,0.0,macro
NOR_1Y,5,Block_Hiking,Hiking,block_cv,pce_core_level,total_cover,0.0,macro
NOR_1Y,5,Block_Hiking,Hiking,block_cv,eur_3m,total_cover,10859.0,macro
NOR_1Y,5,Block_Hiking,Hiking,block_cv,eur_1w,total_cover,3737.0,macro
NOR_1Y,5,Block_Hiking,Hiking,block_cv,nor_ibor_1m,total_cover,6136.0,norway
NOR_1Y,5,Block_Hiking,Hiking,block_cv,nor_ibor_6m,total_cover,7148.0,norway
NOR_1Y,5,Block_Hiking,Hiking,block_cv,nor_ecb_dfr_chg,total_cover,0.0,norway
NOR_1Y,5,Block_Hiking,Hiking,block_cv,nor_ecb_dfr_level,total_cover,0.0,norway
NOR_1Y,5,Block_Hiking,Hiking,block_cv,nor_eurnok_chg_1d,total_cover,44.0,norway
NOR_1Y,5,Block_Hiking,Hiking,block_cv,nor_eurnok_level,total_cover,5788.0,norway
NOR_1Y,5,Block_Hiking,Hiking,block_cv,nor_eurnok_mom_1m,total_cover,254.0,norway
NOR_1Y,5,Block_Hiking,Hiking,block_cv,nor_eurnok_mom_3m,total_cover,2095.0,norway
NOR_1Y,5,Block_Hiking,Hiking,block_cv,nor_eurnok_rvol_20d,total_cover,82.0,norway
NOR_1Y,5,Block_Hiking,Hiking,block_cv,nor_govt_10y,total_cover,0.0,norway
NOR_1Y,5,Block_Hiking,Hiking,block_cv,nor_govt_3y,total_cover,738.0,norway
NOR_1Y,5,Block_Hiking,Hiking,block_cv,nor_govt_5y,total_cover,0.0,norway
NOR_1Y,5,Block_Hiking,Hiking,block_cv,nor_i44_chg_1d,total_cover,0.0,norway
NOR_1Y,5,Block_Hiking,Hiking,block_cv,nor_i44_level,total_cover,475.0,norway
NOR_1Y,5,Block_Hiking,Hiking,block_cv,nor_i44_mom_1m,total_cover,259.0,norway
NOR_1Y,5,Block_Hiking,Hiking,block_cv,nor_i44_mom_3m,total_cover,1886.0,norway
NOR_1Y,5,Block_Hiking,Hiking,block_cv,nor_i44_rvol_20d,total_cover,1881.0,norway
NOR_1Y,5,Block_Hiking,Hiking,block_cv,nor_kpi_yoy,total_cover,3671.0,norway
NOR_1Y,5,Block_Hiking,Hiking,block_cv,nor_kpijae_yoy,total_cover,1675.0,norway
NOR_1Y,5,Block_Hiking,Hiking,block_cv,nor_nibor_nowa_spread,total_cover,0.0,norway
NOR_1Y,5,Block_Hiking,Hiking,block_cv,nor_nowa_level,total_cover,1265.0,norway
NOR_1Y,5,Block_Hiking,Hiking,block_cv,nor_polrate_chg_1d,total_cover,0.0,norway
NOR_1Y,5,Block_Hiking,Hiking,block_cv,nor_polrate_days_since_chg,total_cover,3230.0,norway
NOR_1Y,5,Block_Hiking,Hiking,block_cv,nor_polrate_level,total_cover,0.0,norway
NOR_1Y,5,Block_Hiking,Hiking,block_cv,nor_rb_rate_chg,total_cover,0.0,norway
NOR_1Y,5,Block_Hiking,Hiking,block_cv,nor_rb_rate_level,total_cover,1752.0,norway
NOR_1Y,5,Block_Hiking,Hiking,block_cv,nor_unemp,total_cover,0.0,norway
NOR_1Y,5,Block_Hiking,Hiking,block_cv,nor_usdnok_chg_1d,total_cover,47.0,norway
NOR_1Y,5,Block_Hiking,Hiking,block_cv,nor_usdnok_level,total_cover,3766.0,norway
NOR_1Y,5,Block_Hiking,Hiking,block_cv,nor_usdnok_mom_1m,total_cover,80.0,norway
NOR_1Y,5,Block_Hiking,Hiking,block_cv,nor_usdnok_mom_3m,total_cover,5461.0,norway
NOR_1Y,5,Block_Hiking,Hiking,block_cv,nor_usdnok_rvol_20d,total_cover,1848.0,norway
NOR_1Y,5,Block_Hiking,Hiking,block_cv,swap_govt_spread,total_cover,0.0,norway
NOR_1Y,5,Block_Hiking,Hiking,block_cv,xmpca_01,total_cover,3632.0,cross_market
NOR_1Y,5,Block_Hiking,Hiking,block_cv,xmpca_02,total_cover,0.0,cross_market
NOR_1Y,5,Block_Hiking,Hiking,block_cv,xmpca_03,total_cover,55.0,cross_market
NOR_1Y,5,Block_Hiking,Hiking,block_cv,xmpca_04,total_cover,5796.0,cross_market
NOR_1Y,5,Block_Hiking,Hiking,block_cv,xmpca_05,total_cover,7511.0,cross_market
NOR_1Y,5,Block_Hiking,Hiking,block_cv,xmpca_06,total_cover,0.0,cross_market
NOR_1Y,5,Block_Hiking,Hiking,block_cv,xmpca_07,total_cover,3933.0,cross_market
NOR_1Y,5,Block_Hiking,Hiking,block_cv,xmpca_08,total_cover,56.0,cross_market
NOR_1Y,5,Block_Hiking,Hiking,block_cv,xmpca_09,total_cover,3777.0,cross_market
NOR_1Y,5,Block_Hiking,Hiking,block_cv,xmpca_10,total_cover,51.0,cross_market
NOR_1Y,5,Block_Hiking,Hiking,block_cv,xmpca_11,total_cover,1990.0,cross_market
NOR_1Y,5,Block_Hiking,Hiking,block_cv,xmpca_12,total_cover,2588.0,cross_market
NOR_1Y,5,Block_Hiking,Hiking,block_cv,chg_lag1,shap_mean_abs,0.0015190527774393559,momentum
NOR_1Y,5,Block_Hiking,Hiking,block_cv,chg_lag2,shap_mean_abs,0.00047543738037347794,momentum
NOR_1Y,5,Block_Hiking,Hiking,block_cv,chg_lag3,shap_mean_abs,1.4550240848620888e-05,momentum
NOR_1Y,5,Block_Hiking,Hiking,block_cv,chg_lag4,shap_mean_abs,0.0,momentum
NOR_1Y,5,Block_Hiking,Hiking,block_cv,chg_lag5,shap_mean_abs,0.00038698941352777183,momentum
NOR_1Y,5,Block_Hiking,Hiking,block_cv,carry_roll,shap_mean_abs,0.0009613598813302815,carry_roll
NOR_1Y,5,Block_Hiking,Hiking,block_cv,mom_63d,shap_mean_abs,0.00026300488389097154,momentum
NOR_1Y,5,Block_Hiking,Hiking,block_cv,mom_1m,shap_mean_abs,0.0016289680497720838,momentum
NOR_1Y,5,Block_Hiking,Hiking,block_cv,mom_3m,shap_mean_abs,0.0004551855381578207,momentum
NOR_1Y,5,Block_Hiking,Hiking,block_cv,mom_6m,shap_mean_abs,0.0020067389123141766,momentum
NOR_1Y,5,Block_Hiking,Hiking,block_cv,mom_12m,shap_mean_abs,0.00032151778577826917,momentum
NOR_1Y,5,Block_Hiking,Hiking,block_cv,dev_ma_3m,shap_mean_abs,0.0007591127068735659,curve
NOR_1Y,5,Block_Hiking,Hiking,block_cv,dev_ma_12m,shap_mean_abs,0.000504871888551861,curve
NOR_1Y,5,Block_Hiking,Hiking,block_cv,vol_20d,shap_mean_abs,2.7336333005223423e-05,vol
NOR_1Y,5,Block_Hiking,Hiking,block_cv,vol_regime,shap_mean_abs,0.0,vol
NOR_1Y,5,Block_Hiking,Hiking,block_cv,vol_zscore,shap_mean_abs,0.0006331296754069626,vol
NOR_1Y,5,Block_Hiking,Hiking,block_cv,level_zscore,shap_mean_abs,0.0006026269984431565,curve
NOR_1Y,5,Block_Hiking,Hiking,block_cv,slope_10_1,shap_mean_abs,0.0003979732282459736,curve
NOR_1Y,5,Block_Hiking,Hiking,block_cv,slope_10_5,shap_mean_abs,0.0005345691461116076,curve
NOR_1Y,5,Block_Hiking,Hiking,block_cv,slope_5_1,shap_mean_abs,0.0004970589652657509,curve
NOR_1Y,5,Block_Hiking,Hiking,block_cv,sofr_mom_1m,shap_mean_abs,0.0013739176793023944,macro
NOR_1Y,5,Block_Hiking,Hiking,block_cv,ibor_level,shap_mean_abs,0.00016508149565197527,macro
NOR_1Y,5,Block_Hiking,Hiking,block_cv,ibor_chg_1d,shap_mean_abs,0.0002530005294829607,macro
NOR_1Y,5,Block_Hiking,Hiking,block_cv,ibor_mom_1m,shap_mean_abs,0.00020660724840126932,macro
NOR_1Y,5,Block_Hiking,Hiking,block_cv,ibor_term_slope,shap_mean_abs,4.06104554713238e-05,macro
NOR_1Y,5,Block_Hiking,Hiking,block_cv,swap_ibor_basis,shap_mean_abs,0.00038724541082046926,curve
NOR_1Y,5,Block_Hiking,Hiking,block_cv,move_level,shap_mean_abs,0.0004925996181555092,vol
NOR_1Y,5,Block_Hiking,Hiking,block_cv,move_zscore,shap_mean_abs,4.243518560542725e-05,vol
NOR_1Y,5,Block_Hiking,Hiking,block_cv,vix_level,shap_mean_abs,3.15766992571298e-05,vol
NOR_1Y,5,Block_Hiking,Hiking,block_cv,vix_zscore,shap_mean_abs,0.00015357301163021475,vol
NOR_1Y,5,Block_Hiking,Hiking,block_cv,v2x_level,shap_mean_abs,0.0013507555704563856,vol
NOR_1Y,5,Block_Hiking,Hiking,block_cv,vxn_level,shap_mean_abs,7.322738838411169e-06,vol
NOR_1Y,5,Block_Hiking,Hiking,block_cv,ovx_level,shap_mean_abs,0.0007102882373146713,vol
NOR_1Y,5,Block_Hiking,Hiking,block_cv,gvz_level,shap_mean_abs,0.0005706761730834842,vol
NOR_1Y,5,Block_Hiking,Hiking,block_cv,spx_mom_1m,shap_mean_abs,0.00051025056745857,macro
NOR_1Y,5,Block_Hiking,Hiking,block_cv,spx_mom_3m,shap_mean_abs,4.2413390474393964e-05,macro
NOR_1Y,5,Block_Hiking,Hiking,block_cv,sx5e_mom_1m,shap_mean_abs,0.00015189162513706833,macro
NOR_1Y,5,Block_Hiking,Hiking,block_cv,sx5e_mom_3m,shap_mean_abs,0.00038379026227630675,macro
NOR_1Y,5,Block_Hiking,Hiking,block_cv,mxwo_mom_1m,shap_mean_abs,3.989135075244121e-05,macro
NOR_1Y,5,Block_Hiking,Hiking,block_cv,ndx_mom_1m,shap_mean_abs,0.0005959366098977625,macro
NOR_1Y,5,Block_Hiking,Hiking,block_cv,oil_mom_1m,shap_mean_abs,6.440981815103441e-05,macro
NOR_1Y,5,Block_Hiking,Hiking,block_cv,oil_mom_3m,shap_mean_abs,0.0003125276416540146,macro
NOR_1Y,5,Block_Hiking,Hiking,block_cv,copper_mom_1m,shap_mean_abs,0.000125692633446306,macro
NOR_1Y,5,Block_Hiking,Hiking,block_cv,opec_prod,shap_mean_abs,2.5954806915251538e-05,macro
NOR_1Y,5,Block_Hiking,Hiking,block_cv,natgas_mom_1m,shap_mean_abs,0.002137443283572793,macro
NOR_1Y,5,Block_Hiking,Hiking,block_cv,be5y_level,shap_mean_abs,0.0009599841432645917,macro
NOR_1Y,5,Block_Hiking,Hiking,block_cv,be10y_level,shap_mean_abs,0.0,macro
NOR_1Y,5,Block_Hiking,Hiking,block_cv,be_slope,shap_mean_abs,0.0005191275267861784,macro
NOR_1Y,5,Block_Hiking,Hiking,block_cv,be5y_chg_1m,shap_mean_abs,0.0,macro
NOR_1Y,5,Block_Hiking,Hiking,block_cv,ig_spread,shap_mean_abs,0.0,credit
NOR_1Y,5,Block_Hiking,Hiking,block_cv,hy_spread,shap_mean_abs,0.0,credit
NOR_1Y,5,Block_Hiking,Hiking,block_cv,ig_chg_1m,shap_mean_abs,0.0,credit
NOR_1Y,5,Block_Hiking,Hiking,block_cv,hy_chg_1m,shap_mean_abs,0.0,credit
NOR_1Y,5,Block_Hiking,Hiking,block_cv,cpi_yoy,shap_mean_abs,0.0003377166867721826,macro
NOR_1Y,5,Block_Hiking,Hiking,block_cv,pce_core_chg,shap_mean_abs,7.901634671725333e-05,macro
NOR_1Y,5,Block_Hiking,Hiking,block_cv,nfp_change,shap_mean_abs,0.0,macro
NOR_1Y,5,Block_Hiking,Hiking,block_cv,pmi_us,shap_mean_abs,1.0479621778358705e-05,macro
NOR_1Y,5,Block_Hiking,Hiking,block_cv,pmi_eur,shap_mean_abs,0.0005658824229612947,macro
NOR_1Y,5,Block_Hiking,Hiking,block_cv,unemp_eur,shap_mean_abs,0.0027766753919422626,macro
NOR_1Y,5,Block_Hiking,Hiking,block_cv,cpi_nsa_level,shap_mean_abs,0.0,macro
NOR_1Y,5,Block_Hiking,Hiking,block_cv,pce_core_level,shap_mean_abs,0.0,macro
NOR_1Y,5,Block_Hiking,Hiking,block_cv,eur_3m,shap_mean_abs,0.0006640981882810593,macro
NOR_1Y,5,Block_Hiking,Hiking,block_cv,eur_1w,shap_mean_abs,0.001296423259191215,macro
NOR_1Y,5,Block_Hiking,Hiking,block_cv,nor_ibor_1m,shap_mean_abs,5.6290646170964465e-05,norway
NOR_1Y,5,Block_Hiking,Hiking,block_cv,nor_ibor_6m,shap_mean_abs,0.0007847413653507829,norway
NOR_1Y,5,Block_Hiking,Hiking,block_cv,nor_ecb_dfr_chg,shap_mean_abs,0.0,norway
NOR_1Y,5,Block_Hiking,Hiking,block_cv,nor_ecb_dfr_level,shap_mean_abs,0.0,norway
NOR_1Y,5,Block_Hiking,Hiking,block_cv,nor_eurnok_chg_1d,shap_mean_abs,1.889863415271975e-05,norway
NOR_1Y,5,Block_Hiking,Hiking,block_cv,nor_eurnok_level,shap_mean_abs,0.000988759915344417,norway
NOR_1Y,5,Block_Hiking,Hiking,block_cv,nor_eurnok_mom_1m,shap_mean_abs,8.409992005908862e-05,norway
NOR_1Y,5,Block_Hiking,Hiking,block_cv,nor_eurnok_mom_3m,shap_mean_abs,6.315469363471493e-05,norway
NOR_1Y,5,Block_Hiking,Hiking,block_cv,nor_eurnok_rvol_20d,shap_mean_abs,5.700525071006268e-05,norway
NOR_1Y,5,Block_Hiking,Hiking,block_cv,nor_govt_10y,shap_mean_abs,0.0,norway
NOR_1Y,5,Block_Hiking,Hiking,block_cv,nor_govt_3y,shap_mean_abs,0.001909495098516345,norway
NOR_1Y,5,Block_Hiking,Hiking,block_cv,nor_govt_5y,shap_mean_abs,0.0,norway
NOR_1Y,5,Block_Hiking,Hiking,block_cv,nor_i44_chg_1d,shap_mean_abs,0.0,norway
NOR_1Y,5,Block_Hiking,Hiking,block_cv,nor_i44_level,shap_mean_abs,3.836397809209302e-05,norway
NOR_1Y,5,Block_Hiking,Hiking,block_cv,nor_i44_mom_1m,shap_mean_abs,3.687199205160141e-05,norway
NOR_1Y,5,Block_Hiking,Hiking,block_cv,nor_i44_mom_3m,shap_mean_abs,0.0010495034512132406,norway
NOR_1Y,5,Block_Hiking,Hiking,block_cv,nor_i44_rvol_20d,shap_mean_abs,0.000815515115391463,norway
NOR_1Y,5,Block_Hiking,Hiking,block_cv,nor_kpi_yoy,shap_mean_abs,0.009445113129913807,norway
NOR_1Y,5,Block_Hiking,Hiking,block_cv,nor_kpijae_yoy,shap_mean_abs,0.0001920958748087287,norway
NOR_1Y,5,Block_Hiking,Hiking,block_cv,nor_nibor_nowa_spread,shap_mean_abs,0.0,norway
NOR_1Y,5,Block_Hiking,Hiking,block_cv,nor_nowa_level,shap_mean_abs,0.0002911534975282848,norway
NOR_1Y,5,Block_Hiking,Hiking,block_cv,nor_polrate_chg_1d,shap_mean_abs,0.0,norway
NOR_1Y,5,Block_Hiking,Hiking,block_cv,nor_polrate_days_since_chg,shap_mean_abs,3.198641934432089e-05,norway
NOR_1Y,5,Block_Hiking,Hiking,block_cv,nor_polrate_level,shap_mean_abs,0.0,norway
NOR_1Y,5,Block_Hiking,Hiking,block_cv,nor_rb_rate_chg,shap_mean_abs,0.0,norway
NOR_1Y,5,Block_Hiking,Hiking,block_cv,nor_rb_rate_level,shap_mean_abs,1.5382125639007427e-05,norway
NOR_1Y,5,Block_Hiking,Hiking,block_cv,nor_unemp,shap_mean_abs,0.0,norway
NOR_1Y,5,Block_Hiking,Hiking,block_cv,nor_usdnok_chg_1d,shap_mean_abs,7.538253703387454e-05,norway
NOR_1Y,5,Block_Hiking,Hiking,block_cv,nor_usdnok_level,shap_mean_abs,0.0014277108712121844,norway
NOR_1Y,5,Block_Hiking,Hiking,block_cv,nor_usdnok_mom_1m,shap_mean_abs,5.729940312448889e-05,norway
NOR_1Y,5,Block_Hiking,Hiking,block_cv,nor_usdnok_mom_3m,shap_mean_abs,0.00020549246983136982,norway
NOR_1Y,5,Block_Hiking,Hiking,block_cv,nor_usdnok_rvol_20d,shap_mean_abs,0.0002143743768101558,norway
NOR_1Y,5,Block_Hiking,Hiking,block_cv,swap_govt_spread,shap_mean_abs,0.0,norway
NOR_1Y,5,Block_Hiking,Hiking,block_cv,xmpca_01,shap_mean_abs,0.0015877917176112533,cross_market
NOR_1Y,5,Block_Hiking,Hiking,block_cv,xmpca_02,shap_mean_abs,0.0,cross_market
NOR_1Y,5,Block_Hiking,Hiking,block_cv,xmpca_03,shap_mean_abs,0.0003312818589620292,cross_market
NOR_1Y,5,Block_Hiking,Hiking,block_cv,xmpca_04,shap_mean_abs,0.002506444463506341,cross_market
NOR_1Y,5,Block_Hiking,Hiking,block_cv,xmpca_05,shap_mean_abs,0.00040434562833979726,cross_market
NOR_1Y,5,Block_Hiking,Hiking,block_cv,xmpca_06,shap_mean_abs,0.0,cross_market
NOR_1Y,5,Block_Hiking,Hiking,block_cv,xmpca_07,shap_mean_abs,0.000507409917190671,cross_market
NOR_1Y,5,Block_Hiking,Hiking,block_cv,xmpca_08,shap_mean_abs,0.0001165465873782523,cross_market
NOR_1Y,5,Block_Hiking,Hiking,block_cv,xmpca_09,shap_mean_abs,0.00012549213715828955,cross_market
NOR_1Y,5,Block_Hiking,Hiking,block_cv,xmpca_10,shap_mean_abs,0.0001247538602910936,cross_market
NOR_1Y,5,Block_Hiking,Hiking,block_cv,xmpca_11,shap_mean_abs,0.00024939407012425363,cross_market
NOR_1Y,5,Block_Hiking,Hiking,block_cv,xmpca_12,shap_mean_abs,0.00029377973987720907,cross_market
NOR_30Y,5,Block_GFC,GFC,block_cv,chg_lag1,gain,0.007435583975166082,momentum
NOR_30Y,5,Block_GFC,GFC,block_cv,chg_lag2,gain,0.00788663700222969,momentum
NOR_30Y,5,Block_GFC,GFC,block_cv,chg_lag3,gain,0.01206243596971035,momentum
NOR_30Y,5,Block_GFC,GFC,block_cv,chg_lag4,gain,0.0,momentum
NOR_30Y,5,Block_GFC,GFC,block_cv,chg_lag5,gain,0.008036699146032333,momentum
NOR_30Y,5,Block_GFC,GFC,block_cv,carry_roll,gain,0.012499649077653885,carry_roll
NOR_30Y,5,Block_GFC,GFC,block_cv,mom_63d,gain,0.011503954418003559,momentum
NOR_30Y,5,Block_GFC,GFC,block_cv,mom_1m,gain,0.029604217037558556,momentum
NOR_30Y,5,Block_GFC,GFC,block_cv,mom_3m,gain,0.035540785640478134,momentum
NOR_30Y,5,Block_GFC,GFC,block_cv,mom_6m,gain,0.02059794031083584,momentum
NOR_30Y,5,Block_GFC,GFC,block_cv,mom_12m,gain,0.021992050111293793,momentum
NOR_30Y,5,Block_GFC,GFC,block_cv,dev_ma_3m,gain,0.02222229540348053,curve
NOR_30Y,5,Block_GFC,GFC,block_cv,dev_ma_12m,gain,0.03720325976610184,curve
NOR_30Y,5,Block_GFC,GFC,block_cv,vol_20d,gain,0.024182118475437164,vol
NOR_30Y,5,Block_GFC,GFC,block_cv,vol_regime,gain,0.012193161994218826,vol
NOR_30Y,5,Block_GFC,GFC,block_cv,vol_zscore,gain,0.028554338961839676,vol
NOR_30Y,5,Block_GFC,GFC,block_cv,level_zscore,gain,0.019292520359158516,curve
NOR_30Y,5,Block_GFC,GFC,block_cv,slope_10_1,gain,0.03732628747820854,curve
NOR_30Y,5,Block_GFC,GFC,block_cv,slope_10_5,gain,0.03214951232075691,curve
NOR_30Y,5,Block_GFC,GFC,block_cv,slope_5_1,gain,0.04195629060268402,curve
NOR_30Y,5,Block_GFC,GFC,block_cv,sofr_mom_1m,gain,0.03414876013994217,macro
NOR_30Y,5,Block_GFC,GFC,block_cv,ibor_level,gain,0.04857475310564041,macro
NOR_30Y,5,Block_GFC,GFC,block_cv,ibor_chg_1d,gain,0.030988553538918495,macro
NOR_30Y,5,Block_GFC,GFC,block_cv,ibor_mom_1m,gain,0.03373587504029274,macro
NOR_30Y,5,Block_GFC,GFC,block_cv,ibor_term_slope,gain,0.02092222310602665,macro
NOR_30Y,5,Block_GFC,GFC,block_cv,swap_ibor_basis,gain,0.03221915662288666,curve
NOR_30Y,5,Block_GFC,GFC,block_cv,move_level,gain,0.034567322582006454,vol
NOR_30Y,5,Block_GFC,GFC,block_cv,move_zscore,gain,0.0453777052462101,vol
NOR_30Y,5,Block_GFC,GFC,block_cv,vix_level,gain,0.016529718413949013,vol
NOR_30Y,5,Block_GFC,GFC,block_cv,vix_zscore,gain,0.025256171822547913,vol
NOR_30Y,5,Block_GFC,GFC,block_cv,v2x_level,gain,0.041516873985528946,vol
NOR_30Y,5,Block_GFC,GFC,block_cv,vxn_level,gain,0.02270594611763954,vol
NOR_30Y,5,Block_GFC,GFC,block_cv,ovx_level,gain,0.020451661199331284,vol
NOR_30Y,5,Block_GFC,GFC,block_cv,gvz_level,gain,0.018086392432451248,vol
NOR_30Y,5,Block_GFC,GFC,block_cv,spx_mom_1m,gain,0.030549781396985054,macro
NOR_30Y,5,Block_GFC,GFC,block_cv,spx_mom_3m,gain,0.025791902095079422,macro
NOR_30Y,5,Block_GFC,GFC,block_cv,sx5e_mom_1m,gain,0.013348111882805824,macro
NOR_30Y,5,Block_GFC,GFC,block_cv,sx5e_mom_3m,gain,0.04101043567061424,macro
NOR_30Y,5,Block_GFC,GFC,block_cv,mxwo_mom_1m,gain,0.025225482881069183,macro
NOR_30Y,5,Block_GFC,GFC,block_cv,ndx_mom_1m,gain,0.03603292256593704,macro
NOR_30Y,5,Block_GFC,GFC,block_cv,oil_mom_1m,gain,0.04178197309374809,macro
NOR_30Y,5,Block_GFC,GFC,block_cv,oil_mom_3m,gain,0.01981467567384243,macro
NOR_30Y,5,Block_GFC,GFC,block_cv,copper_mom_1m,gain,0.029122162610292435,macro
NOR_30Y,5,Block_GFC,GFC,block_cv,opec_prod,gain,0.020197482779622078,macro
NOR_30Y,5,Block_GFC,GFC,block_cv,natgas_mom_1m,gain,0.037561818957328796,macro
NOR_30Y,5,Block_GFC,GFC,block_cv,be5y_level,gain,0.011156387627124786,macro
NOR_30Y,5,Block_GFC,GFC,block_cv,be10y_level,gain,0.03328380361199379,macro
NOR_30Y,5,Block_GFC,GFC,block_cv,be_slope,gain,0.04531843587756157,macro
NOR_30Y,5,Block_GFC,GFC,block_cv,be5y_chg_1m,gain,0.026773765683174133,macro
NOR_30Y,5,Block_GFC,GFC,block_cv,ig_spread,gain,0.0,credit
NOR_30Y,5,Block_GFC,GFC,block_cv,hy_spread,gain,0.022835075855255127,credit
NOR_30Y,5,Block_GFC,GFC,block_cv,ig_chg_1m,gain,0.0,credit
NOR_30Y,5,Block_GFC,GFC,block_cv,hy_chg_1m,gain,0.0,credit
NOR_30Y,5,Block_GFC,GFC,block_cv,cpi_yoy,gain,0.03701116144657135,macro
NOR_30Y,5,Block_GFC,GFC,block_cv,pce_core_chg,gain,0.03597324714064598,macro
NOR_30Y,5,Block_GFC,GFC,block_cv,nfp_change,gain,0.024368606507778168,macro
NOR_30Y,5,Block_GFC,GFC,block_cv,pmi_us,gain,0.0,macro
NOR_30Y,5,Block_GFC,GFC,block_cv,pmi_eur,gain,0.04827470704913139,macro
NOR_30Y,5,Block_GFC,GFC,block_cv,unemp_eur,gain,0.02306968718767166,macro
NOR_30Y,5,Block_GFC,GFC,block_cv,cpi_nsa_level,gain,0.0065819621086120605,macro
NOR_30Y,5,Block_GFC,GFC,block_cv,pce_core_level,gain,0.039294421672821045,macro
NOR_30Y,5,Block_GFC,GFC,block_cv,eur_3m,gain,0.06675881892442703,macro
NOR_30Y,5,Block_GFC,GFC,block_cv,eur_1w,gain,0.04237745702266693,macro
NOR_30Y,5,Block_GFC,GFC,block_cv,nor_ibor_1m,gain,0.008138492703437805,norway
NOR_30Y,5,Block_GFC,GFC,block_cv,nor_ibor_6m,gain,0.0,norway
NOR_30Y,5,Block_GFC,GFC,block_cv,nor_ecb_dfr_chg,gain,0.0,norway
NOR_30Y,5,Block_GFC,GFC,block_cv,nor_ecb_dfr_level,gain,0.0,norway
NOR_30Y,5,Block_GFC,GFC,block_cv,nor_eurnok_chg_1d,gain,0.026617851108312607,norway
NOR_30Y,5,Block_GFC,GFC,block_cv,nor_eurnok_level,gain,0.0,norway
NOR_30Y,5,Block_GFC,GFC,block_cv,nor_eurnok_mom_1m,gain,0.017918258905410767,norway
NOR_30Y,5,Block_GFC,GFC,block_cv,nor_eurnok_mom_3m,gain,0.04444660618901253,norway
NOR_30Y,5,Block_GFC,GFC,block_cv,nor_eurnok_rvol_20d,gain,0.033463481813669205,norway
NOR_30Y,5,Block_GFC,GFC,block_cv,nor_govt_10y,gain,0.046959660947322845,norway
NOR_30Y,5,Block_GFC,GFC,block_cv,nor_govt_3y,gain,0.04158534109592438,norway
NOR_30Y,5,Block_GFC,GFC,block_cv,nor_govt_5y,gain,0.02333536371588707,norway
NOR_30Y,5,Block_GFC,GFC,block_cv,nor_i44_chg_1d,gain,0.037292901426553726,norway
NOR_30Y,5,Block_GFC,GFC,block_cv,nor_i44_level,gain,0.05901278555393219,norway
NOR_30Y,5,Block_GFC,GFC,block_cv,nor_i44_mom_1m,gain,0.05035609006881714,norway
NOR_30Y,5,Block_GFC,GFC,block_cv,nor_i44_mom_3m,gain,0.029294753447175026,norway
NOR_30Y,5,Block_GFC,GFC,block_cv,nor_i44_rvol_20d,gain,0.030347049236297607,norway
NOR_30Y,5,Block_GFC,GFC,block_cv,nor_kpi_yoy,gain,0.06098092347383499,norway
NOR_30Y,5,Block_GFC,GFC,block_cv,nor_kpijae_yoy,gain,0.05471648648381233,norway
NOR_30Y,5,Block_GFC,GFC,block_cv,nor_nibor_nowa_spread,gain,0.032919857650995255,norway
NOR_30Y,5,Block_GFC,GFC,block_cv,nor_nowa_level,gain,0.03820851445198059,norway
NOR_30Y,5,Block_GFC,GFC,block_cv,nor_polrate_chg_1d,gain,0.0,norway
NOR_30Y,5,Block_GFC,GFC,block_cv,nor_polrate_days_since_chg,gain,0.04108836129307747,norway
NOR_30Y,5,Block_GFC,GFC,block_cv,nor_polrate_level,gain,0.0,norway
NOR_30Y,5,Block_GFC,GFC,block_cv,nor_rb_rate_chg,gain,0.0,norway
NOR_30Y,5,Block_GFC,GFC,block_cv,nor_rb_rate_level,gain,0.04401661455631256,norway
NOR_30Y,5,Block_GFC,GFC,block_cv,nor_unemp,gain,0.07041847705841064,norway
NOR_30Y,5,Block_GFC,GFC,block_cv,nor_usdnok_chg_1d,gain,0.021300069987773895,norway
NOR_30Y,5,Block_GFC,GFC,block_cv,nor_usdnok_level,gain,0.03341153636574745,norway
NOR_30Y,5,Block_GFC,GFC,block_cv,nor_usdnok_mom_1m,gain,0.036425549536943436,norway
NOR_30Y,5,Block_GFC,GFC,block_cv,nor_usdnok_mom_3m,gain,0.0466284416615963,norway
NOR_30Y,5,Block_GFC,GFC,block_cv,nor_usdnok_rvol_20d,gain,0.030151013284921646,norway
NOR_30Y,5,Block_GFC,GFC,block_cv,swap_govt_spread,gain,0.0,norway
NOR_30Y,5,Block_GFC,GFC,block_cv,xmpca_01,gain,0.05177571251988411,cross_market
NOR_30Y,5,Block_GFC,GFC,block_cv,xmpca_02,gain,0.038726408034563065,cross_market
NOR_30Y,5,Block_GFC,GFC,block_cv,xmpca_03,gain,0.020628446713089943,cross_market
NOR_30Y,5,Block_GFC,GFC,block_cv,xmpca_04,gain,0.030098190531134605,cross_market
NOR_30Y,5,Block_GFC,GFC,block_cv,xmpca_05,gain,0.021510053426027298,cross_market
NOR_30Y,5,Block_GFC,GFC,block_cv,xmpca_06,gain,0.022442787885665894,cross_market
NOR_30Y,5,Block_GFC,GFC,block_cv,xmpca_07,gain,0.019020991399884224,cross_market
NOR_30Y,5,Block_GFC,GFC,block_cv,xmpca_08,gain,0.01932983659207821,cross_market
NOR_30Y,5,Block_GFC,GFC,block_cv,xmpca_09,gain,0.030342107638716698,cross_market
NOR_30Y,5,Block_GFC,GFC,block_cv,xmpca_10,gain,0.029483767226338387,cross_market
NOR_30Y,5,Block_GFC,GFC,block_cv,xmpca_11,gain,0.055901963263750076,cross_market
NOR_30Y,5,Block_GFC,GFC,block_cv,xmpca_12,gain,0.03661129251122475,cross_market
NOR_30Y,5,Block_GFC,GFC,block_cv,chg_lag1,weight,39.0,momentum
NOR_30Y,5,Block_GFC,GFC,block_cv,chg_lag2,weight,29.0,momentum
NOR_30Y,5,Block_GFC,GFC,block_cv,chg_lag3,weight,7.0,momentum
NOR_30Y,5,Block_GFC,GFC,block_cv,chg_lag4,weight,0.0,momentum
NOR_30Y,5,Block_GFC,GFC,block_cv,chg_lag5,weight,9.0,momentum
NOR_30Y,5,Block_GFC,GFC,block_cv,carry_roll,weight,9.0,carry_roll
NOR_30Y,5,Block_GFC,GFC,block_cv,mom_63d,weight,9.0,momentum
NOR_30Y,5,Block_GFC,GFC,block_cv,mom_1m,weight,18.0,momentum
NOR_30Y,5,Block_GFC,GFC,block_cv,mom_3m,weight,3.0,momentum
NOR_30Y,5,Block_GFC,GFC,block_cv,mom_6m,weight,15.0,momentum
NOR_30Y,5,Block_GFC,GFC,block_cv,mom_12m,weight,4.0,momentum
NOR_30Y,5,Block_GFC,GFC,block_cv,dev_ma_3m,weight,14.0,curve
NOR_30Y,5,Block_GFC,GFC,block_cv,dev_ma_12m,weight,2.0,curve
NOR_30Y,5,Block_GFC,GFC,block_cv,vol_20d,weight,12.0,vol
NOR_30Y,5,Block_GFC,GFC,block_cv,vol_regime,weight,2.0,vol
NOR_30Y,5,Block_GFC,GFC,block_cv,vol_zscore,weight,5.0,vol
NOR_30Y,5,Block_GFC,GFC,block_cv,level_zscore,weight,6.0,curve
NOR_30Y,5,Block_GFC,GFC,block_cv,slope_10_1,weight,9.0,curve
NOR_30Y,5,Block_GFC,GFC,block_cv,slope_10_5,weight,11.0,curve
NOR_30Y,5,Block_GFC,GFC,block_cv,slope_5_1,weight,11.0,curve
NOR_30Y,5,Block_GFC,GFC,block_cv,sofr_mom_1m,weight,15.0,macro
NOR_30Y,5,Block_GFC,GFC,block_cv,ibor_level,weight,10.0,macro
NOR_30Y,5,Block_GFC,GFC,block_cv,ibor_chg_1d,weight,7.0,macro
NOR_30Y,5,Block_GFC,GFC,block_cv,ibor_mom_1m,weight,14.0,macro
NOR_30Y,5,Block_GFC,GFC,block_cv,ibor_term_slope,weight,8.0,macro
NOR_30Y,5,Block_GFC,GFC,block_cv,swap_ibor_basis,weight,5.0,curve
NOR_30Y,5,Block_GFC,GFC,block_cv,move_level,weight,7.0,vol
NOR_30Y,5,Block_GFC,GFC,block_cv,move_zscore,weight,11.0,vol
NOR_30Y,5,Block_GFC,GFC,block_cv,vix_level,weight,3.0,vol
NOR_30Y,5,Block_GFC,GFC,block_cv,vix_zscore,weight,4.0,vol
NOR_30Y,5,Block_GFC,GFC,block_cv,v2x_level,weight,8.0,vol
NOR_30Y,5,Block_GFC,GFC,block_cv,vxn_level,weight,4.0,vol
NOR_30Y,5,Block_GFC,GFC,block_cv,ovx_level,weight,8.0,vol
NOR_30Y,5,Block_GFC,GFC,block_cv,gvz_level,weight,2.0,vol
NOR_30Y,5,Block_GFC,GFC,block_cv,spx_mom_1m,weight,8.0,macro
NOR_30Y,5,Block_GFC,GFC,block_cv,spx_mom_3m,weight,7.0,macro
NOR_30Y,5,Block_GFC,GFC,block_cv,sx5e_mom_1m,weight,4.0,macro
NOR_30Y,5,Block_GFC,GFC,block_cv,sx5e_mom_3m,weight,7.0,macro
NOR_30Y,5,Block_GFC,GFC,block_cv,mxwo_mom_1m,weight,3.0,macro
NOR_30Y,5,Block_GFC,GFC,block_cv,ndx_mom_1m,weight,9.0,macro
NOR_30Y,5,Block_GFC,GFC,block_cv,oil_mom_1m,weight,10.0,macro
NOR_30Y,5,Block_GFC,GFC,block_cv,oil_mom_3m,weight,7.0,macro
NOR_30Y,5,Block_GFC,GFC,block_cv,copper_mom_1m,weight,11.0,macro
NOR_30Y,5,Block_GFC,GFC,block_cv,opec_prod,weight,2.0,macro
NOR_30Y,5,Block_GFC,GFC,block_cv,natgas_mom_1m,weight,4.0,macro
NOR_30Y,5,Block_GFC,GFC,block_cv,be5y_level,weight,1.0,macro
NOR_30Y,5,Block_GFC,GFC,block_cv,be10y_level,weight,3.0,macro
NOR_30Y,5,Block_GFC,GFC,block_cv,be_slope,weight,1.0,macro
NOR_30Y,5,Block_GFC,GFC,block_cv,be5y_chg_1m,weight,2.0,macro
NOR_30Y,5,Block_GFC,GFC,block_cv,ig_spread,weight,0.0,credit
NOR_30Y,5,Block_GFC,GFC,block_cv,hy_spread,weight,1.0,credit
NOR_30Y,5,Block_GFC,GFC,block_cv,ig_chg_1m,weight,0.0,credit
NOR_30Y,5,Block_GFC,GFC,block_cv,hy_chg_1m,weight,0.0,credit
NOR_30Y,5,Block_GFC,GFC,block_cv,cpi_yoy,weight,1.0,macro
NOR_30Y,5,Block_GFC,GFC,block_cv,pce_core_chg,weight,3.0,macro
NOR_30Y,5,Block_GFC,GFC,block_cv,nfp_change,weight,8.0,macro
NOR_30Y,5,Block_GFC,GFC,block_cv,pmi_us,weight,0.0,macro
NOR_30Y,5,Block_GFC,GFC,block_cv,pmi_eur,weight,3.0,macro
NOR_30Y,5,Block_GFC,GFC,block_cv,unemp_eur,weight,1.0,macro
NOR_30Y,5,Block_GFC,GFC,block_cv,cpi_nsa_level,weight,1.0,macro
NOR_30Y,5,Block_GFC,GFC,block_cv,pce_core_level,weight,3.0,macro
NOR_30Y,5,Block_GFC,GFC,block_cv,eur_3m,weight,2.0,macro
NOR_30Y,5,Block_GFC,GFC,block_cv,eur_1w,weight,2.0,macro
NOR_30Y,5,Block_GFC,GFC,block_cv,nor_ibor_1m,weight,2.0,norway
NOR_30Y,5,Block_GFC,GFC,block_cv,nor_ibor_6m,weight,0.0,norway
NOR_30Y,5,Block_GFC,GFC,block_cv,nor_ecb_dfr_chg,weight,0.0,norway
NOR_30Y,5,Block_GFC,GFC,block_cv,nor_ecb_dfr_level,weight,0.0,norway
NOR_30Y,5,Block_GFC,GFC,block_cv,nor_eurnok_chg_1d,weight,9.0,norway
NOR_30Y,5,Block_GFC,GFC,block_cv,nor_eurnok_level,weight,0.0,norway
NOR_30Y,5,Block_GFC,GFC,block_cv,nor_eurnok_mom_1m,weight,8.0,norway
NOR_30Y,5,Block_GFC,GFC,block_cv,nor_eurnok_mom_3m,weight,14.0,norway
NOR_30Y,5,Block_GFC,GFC,block_cv,nor_eurnok_rvol_20d,weight,9.0,norway
NOR_30Y,5,Block_GFC,GFC,block_cv,nor_govt_10y,weight,4.0,norway
NOR_30Y,5,Block_GFC,GFC,block_cv,nor_govt_3y,weight,2.0,norway
NOR_30Y,5,Block_GFC,GFC,block_cv,nor_govt_5y,weight,1.0,norway
NOR_30Y,5,Block_GFC,GFC,block_cv,nor_i44_chg_1d,weight,8.0,norway
NOR_30Y,5,Block_GFC,GFC,block_cv,nor_i44_level,weight,2.0,norway
NOR_30Y,5,Block_GFC,GFC,block_cv,nor_i44_mom_1m,weight,2.0,norway
NOR_30Y,5,Block_GFC,GFC,block_cv,nor_i44_mom_3m,weight,5.0,norway
NOR_30Y,5,Block_GFC,GFC,block_cv,nor_i44_rvol_20d,weight,9.0,norway
NOR_30Y,5,Block_GFC,GFC,block_cv,nor_kpi_yoy,weight,9.0,norway
NOR_30Y,5,Block_GFC,GFC,block_cv,nor_kpijae_yoy,weight,2.0,norway
NOR_30Y,5,Block_GFC,GFC,block_cv,nor_nibor_nowa_spread,weight,6.0,norway
NOR_30Y,5,Block_GFC,GFC,block_cv,nor_nowa_level,weight,5.0,norway
NOR_30Y,5,Block_GFC,GFC,block_cv,nor_polrate_chg_1d,weight,0.0,norway
NOR_30Y,5,Block_GFC,GFC,block_cv,nor_polrate_days_since_chg,weight,5.0,norway
NOR_30Y,5,Block_GFC,GFC,block_cv,nor_polrate_level,weight,0.0,norway
NOR_30Y,5,Block_GFC,GFC,block_cv,nor_rb_rate_chg,weight,0.0,norway
NOR_30Y,5,Block_GFC,GFC,block_cv,nor_rb_rate_level,weight,2.0,norway
NOR_30Y,5,Block_GFC,GFC,block_cv,nor_unemp,weight,2.0,norway
NOR_30Y,5,Block_GFC,GFC,block_cv,nor_usdnok_chg_1d,weight,6.0,norway
NOR_30Y,5,Block_GFC,GFC,block_cv,nor_usdnok_level,weight,4.0,norway
NOR_30Y,5,Block_GFC,GFC,block_cv,nor_usdnok_mom_1m,weight,14.0,norway
NOR_30Y,5,Block_GFC,GFC,block_cv,nor_usdnok_mom_3m,weight,13.0,norway
NOR_30Y,5,Block_GFC,GFC,block_cv,nor_usdnok_rvol_20d,weight,7.0,norway
NOR_30Y,5,Block_GFC,GFC,block_cv,swap_govt_spread,weight,0.0,norway
NOR_30Y,5,Block_GFC,GFC,block_cv,xmpca_01,weight,9.0,cross_market
NOR_30Y,5,Block_GFC,GFC,block_cv,xmpca_02,weight,5.0,cross_market
NOR_30Y,5,Block_GFC,GFC,block_cv,xmpca_03,weight,2.0,cross_market
NOR_30Y,5,Block_GFC,GFC,block_cv,xmpca_04,weight,9.0,cross_market
NOR_30Y,5,Block_GFC,GFC,block_cv,xmpca_05,weight,4.0,cross_market
NOR_30Y,5,Block_GFC,GFC,block_cv,xmpca_06,weight,12.0,cross_market
NOR_30Y,5,Block_GFC,GFC,block_cv,xmpca_07,weight,4.0,cross_market
NOR_30Y,5,Block_GFC,GFC,block_cv,xmpca_08,weight,5.0,cross_market
NOR_30Y,5,Block_GFC,GFC,block_cv,xmpca_09,weight,6.0,cross_market
NOR_30Y,5,Block_GFC,GFC,block_cv,xmpca_10,weight,8.0,cross_market
NOR_30Y,5,Block_GFC,GFC,block_cv,xmpca_11,weight,13.0,cross_market
NOR_30Y,5,Block_GFC,GFC,block_cv,xmpca_12,weight,7.0,cross_market
NOR_30Y,5,Block_GFC,GFC,block_cv,chg_lag1,cover,53.0512809753418,momentum
NOR_30Y,5,Block_GFC,GFC,block_cv,chg_lag2,cover,24.068965911865234,momentum
NOR_30Y,5,Block_GFC,GFC,block_cv,chg_lag3,cover,282.1428527832031,momentum
NOR_30Y,5,Block_GFC,GFC,block_cv,chg_lag4,cover,0.0,momentum
NOR_30Y,5,Block_GFC,GFC,block_cv,chg_lag5,cover,39.33333206176758,momentum
NOR_30Y,5,Block_GFC,GFC,block_cv,carry_roll,cover,214.11111450195312,carry_roll
NOR_30Y,5,Block_GFC,GFC,block_cv,mom_63d,cover,36.11111068725586,momentum
NOR_30Y,5,Block_GFC,GFC,block_cv,mom_1m,cover,389.72222900390625,momentum
NOR_30Y,5,Block_GFC,GFC,block_cv,mom_3m,cover,239.3333282470703,momentum
NOR_30Y,5,Block_GFC,GFC,block_cv,mom_6m,cover,264.20001220703125,momentum
NOR_30Y,5,Block_GFC,GFC,block_cv,mom_12m,cover,38.5,momentum
NOR_30Y,5,Block_GFC,GFC,block_cv,dev_ma_3m,cover,385.5714416503906,curve
NOR_30Y,5,Block_GFC,GFC,block_cv,dev_ma_12m,cover,147.0,curve
NOR_30Y,5,Block_GFC,GFC,block_cv,vol_20d,cover,249.5833282470703,vol
NOR_30Y,5,Block_GFC,GFC,block_cv,vol_regime,cover,29.0,vol
NOR_30Y,5,Block_GFC,GFC,block_cv,vol_zscore,cover,93.80000305175781,vol
NOR_30Y,5,Block_GFC,GFC,block_cv,level_zscore,cover,492.5,curve
NOR_30Y,5,Block_GFC,GFC,block_cv,slope_10_1,cover,375.4444580078125,curve
NOR_30Y,5,Block_GFC,GFC,block_cv,slope_10_5,cover,293.7272644042969,curve
NOR_30Y,5,Block_GFC,GFC,block_cv,slope_5_1,cover,833.727294921875,curve
NOR_30Y,5,Block_GFC,GFC,block_cv,sofr_mom_1m,cover,716.0,macro
NOR_30Y,5,Block_GFC,GFC,block_cv,ibor_level,cover,836.7000122070312,macro
NOR_30Y,5,Block_GFC,GFC,block_cv,ibor_chg_1d,cover,551.8571166992188,macro
NOR_30Y,5,Block_GFC,GFC,block_cv,ibor_mom_1m,cover,412.71429443359375,macro
NOR_30Y,5,Block_GFC,GFC,block_cv,ibor_term_slope,cover,285.375,macro
NOR_30Y,5,Block_GFC,GFC,block_cv,swap_ibor_basis,cover,87.0,curve
NOR_30Y,5,Block_GFC,GFC,block_cv,move_level,cover,207.85714721679688,vol
NOR_30Y,5,Block_GFC,GFC,block_cv,move_zscore,cover,143.72727966308594,vol
NOR_30Y,5,Block_GFC,GFC,block_cv,vix_level,cover,31.33333396911621,vol
NOR_30Y,5,Block_GFC,GFC,block_cv,vix_zscore,cover,456.75,vol
NOR_30Y,5,Block_GFC,GFC,block_cv,v2x_level,cover,309.125,vol
NOR_30Y,5,Block_GFC,GFC,block_cv,vxn_level,cover,45.5,vol
NOR_30Y,5,Block_GFC,GFC,block_cv,ovx_level,cover,66.125,vol
NOR_30Y,5,Block_GFC,GFC,block_cv,gvz_level,cover,40.0,vol
NOR_30Y,5,Block_GFC,GFC,block_cv,spx_mom_1m,cover,273.875,macro
NOR_30Y,5,Block_GFC,GFC,block_cv,spx_mom_3m,cover,217.57142639160156,macro
NOR_30Y,5,Block_GFC,GFC,block_cv,sx5e_mom_1m,cover,336.25,macro
NOR_30Y,5,Block_GFC,GFC,block_cv,sx5e_mom_3m,cover,349.1428527832031,macro
NOR_30Y,5,Block_GFC,GFC,block_cv,mxwo_mom_1m,cover,351.0,macro
NOR_30Y,5,Block_GFC,GFC,block_cv,ndx_mom_1m,cover,624.4444580078125,macro
NOR_30Y,5,Block_GFC,GFC,block_cv,oil_mom_1m,cover,782.0,macro
NOR_30Y,5,Block_GFC,GFC,block_cv,oil_mom_3m,cover,243.14285278320312,macro
NOR_30Y,5,Block_GFC,GFC,block_cv,copper_mom_1m,cover,127.54545593261719,macro
NOR_30Y,5,Block_GFC,GFC,block_cv,opec_prod,cover,83.5,macro
NOR_30Y,5,Block_GFC,GFC,block_cv,natgas_mom_1m,cover,221.75,macro
NOR_30Y,5,Block_GFC,GFC,block_cv,be5y_level,cover,24.0,macro
NOR_30Y,5,Block_GFC,GFC,block_cv,be10y_level,cover,550.6666870117188,macro
NOR_30Y,5,Block_GFC,GFC,block_cv,be_slope,cover,1458.0,macro
NOR_30Y,5,Block_GFC,GFC,block_cv,be5y_chg_1m,cover,1673.5,macro
NOR_30Y,5,Block_GFC,GFC,block_cv,ig_spread,cover,0.0,credit
NOR_30Y,5,Block_GFC,GFC,block_cv,hy_spread,cover,14.0,credit
NOR_30Y,5,Block_GFC,GFC,block_cv,ig_chg_1m,cover,0.0,credit
NOR_30Y,5,Block_GFC,GFC,block_cv,hy_chg_1m,cover,0.0,credit
NOR_30Y,5,Block_GFC,GFC,block_cv,cpi_yoy,cover,30.0,macro
NOR_30Y,5,Block_GFC,GFC,block_cv,pce_core_chg,cover,28.0,macro
NOR_30Y,5,Block_GFC,GFC,block_cv,nfp_change,cover,140.75,macro
NOR_30Y,5,Block_GFC,GFC,block_cv,pmi_us,cover,0.0,macro
NOR_30Y,5,Block_GFC,GFC,block_cv,pmi_eur,cover,698.6666870117188,macro
NOR_30Y,5,Block_GFC,GFC,block_cv,unemp_eur,cover,26.0,macro
NOR_30Y,5,Block_GFC,GFC,block_cv,cpi_nsa_level,cover,24.0,macro
NOR_30Y,5,Block_GFC,GFC,block_cv,pce_core_level,cover,1329.6666259765625,macro
NOR_30Y,5,Block_GFC,GFC,block_cv,eur_3m,cover,591.5,macro
NOR_30Y,5,Block_GFC,GFC,block_cv,eur_1w,cover,806.5,macro
NOR_30Y,5,Block_GFC,GFC,block_cv,nor_ibor_1m,cover,20.0,norway
NOR_30Y,5,Block_GFC,GFC,block_cv,nor_ibor_6m,cover,0.0,norway
NOR_30Y,5,Block_GFC,GFC,block_cv,nor_ecb_dfr_chg,cover,0.0,norway
NOR_30Y,5,Block_GFC,GFC,block_cv,nor_ecb_dfr_level,cover,0.0,norway
NOR_30Y,5,Block_GFC,GFC,block_cv,nor_eurnok_chg_1d,cover,49.33333206176758,norway
NOR_30Y,5,Block_GFC,GFC,block_cv,nor_eurnok_level,cover,0.0,norway
NOR_30Y,5,Block_GFC,GFC,block_cv,nor_eurnok_mom_1m,cover,217.625,norway
NOR_30Y,5,Block_GFC,GFC,block_cv,nor_eurnok_mom_3m,cover,726.6428833007812,norway
NOR_30Y,5,Block_GFC,GFC,block_cv,nor_eurnok_rvol_20d,cover,306.1111145019531,norway
NOR_30Y,5,Block_GFC,GFC,block_cv,nor_govt_10y,cover,119.75,norway
NOR_30Y,5,Block_GFC,GFC,block_cv,nor_govt_3y,cover,738.0,norway
NOR_30Y,5,Block_GFC,GFC,block_cv,nor_govt_5y,cover,100.0,norway
NOR_30Y,5,Block_GFC,GFC,block_cv,nor_i44_chg_1d,cover,54.625,norway
NOR_30Y,5,Block_GFC,GFC,block_cv,nor_i44_level,cover,608.0,norway
NOR_30Y,5,Block_GFC,GFC,block_cv,nor_i44_mom_1m,cover,142.5,norway
NOR_30Y,5,Block_GFC,GFC,block_cv,nor_i44_mom_3m,cover,71.0,norway
NOR_30Y,5,Block_GFC,GFC,block_cv,nor_i44_rvol_20d,cover,271.3333435058594,norway
NOR_30Y,5,Block_GFC,GFC,block_cv,nor_kpi_yoy,cover,917.4444580078125,norway
NOR_30Y,5,Block_GFC,GFC,block_cv,nor_kpijae_yoy,cover,199.0,norway
NOR_30Y,5,Block_GFC,GFC,block_cv,nor_nibor_nowa_spread,cover,374.5,norway
NOR_30Y,5,Block_GFC,GFC,block_cv,nor_nowa_level,cover,298.3999938964844,norway
NOR_30Y,5,Block_GFC,GFC,block_cv,nor_polrate_chg_1d,cover,0.0,norway
NOR_30Y,5,Block_GFC,GFC,block_cv,nor_polrate_days_since_chg,cover,611.2000122070312,norway
NOR_30Y,5,Block_GFC,GFC,block_cv,nor_polrate_level,cover,0.0,norway
NOR_30Y,5,Block_GFC,GFC,block_cv,nor_rb_rate_chg,cover,0.0,norway
NOR_30Y,5,Block_GFC,GFC,block_cv,nor_rb_rate_level,cover,722.0,norway
NOR_30Y,5,Block_GFC,GFC,block_cv,nor_unemp,cover,461.0,norway
NOR_30Y,5,Block_GFC,GFC,block_cv,nor_usdnok_chg_1d,cover,50.5,norway
NOR_30Y,5,Block_GFC,GFC,block_cv,nor_usdnok_level,cover,97.25,norway
NOR_30Y,5,Block_GFC,GFC,block_cv,nor_usdnok_mom_1m,cover,481.5,norway
NOR_30Y,5,Block_GFC,GFC,block_cv,nor_usdnok_mom_3m,cover,816.1538696289062,norway
NOR_30Y,5,Block_GFC,GFC,block_cv,nor_usdnok_rvol_20d,cover,92.0,norway
NOR_30Y,5,Block_GFC,GFC,block_cv,swap_govt_spread,cover,0.0,norway
NOR_30Y,5,Block_GFC,GFC,block_cv,xmpca_01,cover,685.6666870117188,cross_market
NOR_30Y,5,Block_GFC,GFC,block_cv,xmpca_02,cover,443.20001220703125,cross_market
NOR_30Y,5,Block_GFC,GFC,block_cv,xmpca_03,cover,34.0,cross_market
NOR_30Y,5,Block_GFC,GFC,block_cv,xmpca_04,cover,97.66666412353516,cross_market
NOR_30Y,5,Block_GFC,GFC,block_cv,xmpca_05,cover,19.75,cross_market
NOR_30Y,5,Block_GFC,GFC,block_cv,xmpca_06,cover,75.75,cross_market
NOR_30Y,5,Block_GFC,GFC,block_cv,xmpca_07,cover,449.25,cross_market
NOR_30Y,5,Block_GFC,GFC,block_cv,xmpca_08,cover,319.3999938964844,cross_market
NOR_30Y,5,Block_GFC,GFC,block_cv,xmpca_09,cover,69.66666412353516,cross_market
NOR_30Y,5,Block_GFC,GFC,block_cv,xmpca_10,cover,61.875,cross_market
NOR_30Y,5,Block_GFC,GFC,block_cv,xmpca_11,cover,858.6923217773438,cross_market
NOR_30Y,5,Block_GFC,GFC,block_cv,xmpca_12,cover,95.42857360839844,cross_market
NOR_30Y,5,Block_GFC,GFC,block_cv,chg_lag1,total_gain,0.2899877727031708,momentum
NOR_30Y,5,Block_GFC,GFC,block_cv,chg_lag2,total_gain,0.22871248424053192,momentum
NOR_30Y,5,Block_GFC,GFC,block_cv,chg_lag3,total_gain,0.0844370499253273,momentum
NOR_30Y,5,Block_GFC,GFC,block_cv,chg_lag4,total_gain,0.0,momentum
NOR_30Y,5,Block_GFC,GFC,block_cv,chg_lag5,total_gain,0.0723302960395813,momentum
NOR_30Y,5,Block_GFC,GFC,block_cv,carry_roll,total_gain,0.11249683797359467,carry_roll
NOR_30Y,5,Block_GFC,GFC,block_cv,mom_63d,total_gain,0.10353559255599976,momentum
NOR_30Y,5,Block_GFC,GFC,block_cv,mom_1m,total_gain,0.5328758955001831,momentum
NOR_30Y,5,Block_GFC,GFC,block_cv,mom_3m,total_gain,0.1066223531961441,momentum
NOR_30Y,5,Block_GFC,GFC,block_cv,mom_6m,total_gain,0.308969110250473,momentum
NOR_30Y,5,Block_GFC,GFC,block_cv,mom_12m,total_gain,0.08796820044517517,momentum
NOR_30Y,5,Block_GFC,GFC,block_cv,dev_ma_3m,total_gain,0.3111121356487274,curve
NOR_30Y,5,Block_GFC,GFC,block_cv,dev_ma_12m,total_gain,0.07440651953220367,curve
NOR_30Y,5,Block_GFC,GFC,block_cv,vol_20d,total_gain,0.29018542170524597,vol
NOR_30Y,5,Block_GFC,GFC,block_cv,vol_regime,total_gain,0.024386323988437653,vol
NOR_30Y,5,Block_GFC,GFC,block_cv,vol_zscore,total_gain,0.14277169108390808,vol
NOR_30Y,5,Block_GFC,GFC,block_cv,level_zscore,total_gain,0.1157551184296608,curve
NOR_30Y,5,Block_GFC,GFC,block_cv,slope_10_1,total_gain,0.335936576128006,curve
NOR_30Y,5,Block_GFC,GFC,block_cv,slope_10_5,total_gain,0.35364463925361633,curve
NOR_30Y,5,Block_GFC,GFC,block_cv,slope_5_1,total_gain,0.4615192115306854,curve
NOR_30Y,5,Block_GFC,GFC,block_cv,sofr_mom_1m,total_gain,0.5122314095497131,macro
NOR_30Y,5,Block_GFC,GFC,block_cv,ibor_level,total_gain,0.4857475161552429,macro
NOR_30Y,5,Block_GFC,GFC,block_cv,ibor_chg_1d,total_gain,0.21691986918449402,macro
NOR_30Y,5,Block_GFC,GFC,block_cv,ibor_mom_1m,total_gain,0.47230225801467896,macro
NOR_30Y,5,Block_GFC,GFC,block_cv,ibor_term_slope,total_gain,0.1673777848482132,macro
NOR_30Y,5,Block_GFC,GFC,block_cv,swap_ibor_basis,total_gain,0.1610957831144333,curve
NOR_30Y,5,Block_GFC,GFC,block_cv,move_level,total_gain,0.24197126924991608,vol
NOR_30Y,5,Block_GFC,GFC,block_cv,move_zscore,total_gain,0.4991547465324402,vol
NOR_30Y,5,Block_GFC,GFC,block_cv,vix_level,total_gain,0.04958915337920189,vol
NOR_30Y,5,Block_GFC,GFC,block_cv,vix_zscore,total_gain,0.10102468729019165,vol
NOR_30Y,5,Block_GFC,GFC,block_cv,v2x_level,total_gain,0.33213499188423157,vol
NOR_30Y,5,Block_GFC,GFC,block_cv,vxn_level,total_gain,0.09082378447055817,vol
NOR_30Y,5,Block_GFC,GFC,block_cv,ovx_level,total_gain,0.16361328959465027,vol
NOR_30Y,5,Block_GFC,GFC,block_cv,gvz_level,total_gain,0.036172784864902496,vol
NOR_30Y,5,Block_GFC,GFC,block_cv,spx_mom_1m,total_gain,0.24439825117588043,macro
NOR_30Y,5,Block_GFC,GFC,block_cv,spx_mom_3m,total_gain,0.18054331839084625,macro
NOR_30Y,5,Block_GFC,GFC,block_cv,sx5e_mom_1m,total_gain,0.0533924475312233,macro
NOR_30Y,5,Block_GFC,GFC,block_cv,sx5e_mom_3m,total_gain,0.2870730459690094,macro
NOR_30Y,5,Block_GFC,GFC,block_cv,mxwo_mom_1m,total_gain,0.07567644864320755,macro
NOR_30Y,5,Block_GFC,GFC,block_cv,ndx_mom_1m,total_gain,0.3242962956428528,macro
NOR_30Y,5,Block_GFC,GFC,block_cv,oil_mom_1m,total_gain,0.4178197383880615,macro
NOR_30Y,5,Block_GFC,GFC,block_cv,oil_mom_3m,total_gain,0.13870273530483246,macro
NOR_30Y,5,Block_GFC,GFC,block_cv,copper_mom_1m,total_gain,0.3203437924385071,macro
NOR_30Y,5,Block_GFC,GFC,block_cv,opec_prod,total_gain,0.040394965559244156,macro
NOR_30Y,5,Block_GFC,GFC,block_cv,natgas_mom_1m,total_gain,0.15024727582931519,macro
NOR_30Y,5,Block_GFC,GFC,block_cv,be5y_level,total_gain,0.011156387627124786,macro
NOR_30Y,5,Block_GFC,GFC,block_cv,be10y_level,total_gain,0.09985140711069107,macro
NOR_30Y,5,Block_GFC,GFC,block_cv,be_slope,total_gain,0.04531843587756157,macro
NOR_30Y,5,Block_GFC,GFC,block_cv,be5y_chg_1m,total_gain,0.05354753136634827,macro
NOR_30Y,5,Block_GFC,GFC,block_cv,ig_spread,total_gain,0.0,credit
NOR_30Y,5,Block_GFC,GFC,block_cv,hy_spread,total_gain,0.022835075855255127,credit
NOR_30Y,5,Block_GFC,GFC,block_cv,ig_chg_1m,total_gain,0.0,credit
NOR_30Y,5,Block_GFC,GFC,block_cv,hy_chg_1m,total_gain,0.0,credit
NOR_30Y,5,Block_GFC,GFC,block_cv,cpi_yoy,total_gain,0.03701116144657135,macro
NOR_30Y,5,Block_GFC,GFC,block_cv,pce_core_chg,total_gain,0.10791974514722824,macro
NOR_30Y,5,Block_GFC,GFC,block_cv,nfp_change,total_gain,0.19494885206222534,macro
NOR_30Y,5,Block_GFC,GFC,block_cv,pmi_us,total_gain,0.0,macro
NOR_30Y,5,Block_GFC,GFC,block_cv,pmi_eur,total_gain,0.14482411742210388,macro
NOR_30Y,5,Block_GFC,GFC,block_cv,unemp_eur,total_gain,0.02306968718767166,macro
NOR_30Y,5,Block_GFC,GFC,block_cv,cpi_nsa_level,total_gain,0.0065819621086120605,macro
NOR_30Y,5,Block_GFC,GFC,block_cv,pce_core_level,total_gain,0.11788326501846313,macro
NOR_30Y,5,Block_GFC,GFC,block_cv,eur_3m,total_gain,0.13351763784885406,macro
NOR_30Y,5,Block_GFC,GFC,block_cv,eur_1w,total_gain,0.08475491404533386,macro
NOR_30Y,5,Block_GFC,GFC,block_cv,nor_ibor_1m,total_gain,0.01627698540687561,norway
NOR_30Y,5,Block_GFC,GFC,block_cv,nor_ibor_6m,total_gain,0.0,norway
NOR_30Y,5,Block_GFC,GFC,block_cv,nor_ecb_dfr_chg,total_gain,0.0,norway
NOR_30Y,5,Block_GFC,GFC,block_cv,nor_ecb_dfr_level,total_gain,0.0,norway
NOR_30Y,5,Block_GFC,GFC,block_cv,nor_eurnok_chg_1d,total_gain,0.23956066370010376,norway
NOR_30Y,5,Block_GFC,GFC,block_cv,nor_eurnok_level,total_gain,0.0,norway
NOR_30Y,5,Block_GFC,GFC,block_cv,nor_eurnok_mom_1m,total_gain,0.14334607124328613,norway
NOR_30Y,5,Block_GFC,GFC,block_cv,nor_eurnok_mom_3m,total_gain,0.6222524642944336,norway
NOR_30Y,5,Block_GFC,GFC,block_cv,nor_eurnok_rvol_20d,total_gain,0.30117133259773254,norway
NOR_30Y,5,Block_GFC,GFC,block_cv,nor_govt_10y,total_gain,0.18783864378929138,norway
NOR_30Y,5,Block_GFC,GFC,block_cv,nor_govt_3y,total_gain,0.08317068219184875,norway
NOR_30Y,5,Block_GFC,GFC,block_cv,nor_govt_5y,total_gain,0.02333536371588707,norway
NOR_30Y,5,Block_GFC,GFC,block_cv,nor_i44_chg_1d,total_gain,0.2983432114124298,norway
NOR_30Y,5,Block_GFC,GFC,block_cv,nor_i44_level,total_gain,0.11802557110786438,norway
NOR_30Y,5,Block_GFC,GFC,block_cv,nor_i44_mom_1m,total_gain,0.10071218013763428,norway
NOR_30Y,5,Block_GFC,GFC,block_cv,nor_i44_mom_3m,total_gain,0.14647376537322998,norway
NOR_30Y,5,Block_GFC,GFC,block_cv,nor_i44_rvol_20d,total_gain,0.27312344312667847,norway
NOR_30Y,5,Block_GFC,GFC,block_cv,nor_kpi_yoy,total_gain,0.5488283038139343,norway
NOR_30Y,5,Block_GFC,GFC,block_cv,nor_kpijae_yoy,total_gain,0.10943297296762466,norway
NOR_30Y,5,Block_GFC,GFC,block_cv,nor_nibor_nowa_spread,total_gain,0.19751915335655212,norway
NOR_30Y,5,Block_GFC,GFC,block_cv,nor_nowa_level,total_gain,0.19104257225990295,norway
NOR_30Y,5,Block_GFC,GFC,block_cv,nor_polrate_chg_1d,total_gain,0.0,norway
NOR_30Y,5,Block_GFC,GFC,block_cv,nor_polrate_days_since_chg,total_gain,0.20544180274009705,norway
NOR_30Y,5,Block_GFC,GFC,block_cv,nor_polrate_level,total_gain,0.0,norway
NOR_30Y,5,Block_GFC,GFC,block_cv,nor_rb_rate_chg,total_gain,0.0,norway
NOR_30Y,5,Block_GFC,GFC,block_cv,nor_rb_rate_level,total_gain,0.08803322911262512,norway
NOR_30Y,5,Block_GFC,GFC,block_cv,nor_unemp,total_gain,0.1408369541168213,norway
NOR_30Y,5,Block_GFC,GFC,block_cv,nor_usdnok_chg_1d,total_gain,0.12780041992664337,norway
NOR_30Y,5,Block_GFC,GFC,block_cv,nor_usdnok_level,total_gain,0.1336461454629898,norway
NOR_30Y,5,Block_GFC,GFC,block_cv,nor_usdnok_mom_1m,total_gain,0.5099576711654663,norway
NOR_30Y,5,Block_GFC,GFC,block_cv,nor_usdnok_mom_3m,total_gain,0.6061697602272034,norway
NOR_30Y,5,Block_GFC,GFC,block_cv,nor_usdnok_rvol_20d,total_gain,0.21105709671974182,norway
NOR_30Y,5,Block_GFC,GFC,block_cv,swap_govt_spread,total_gain,0.0,norway
NOR_30Y,5,Block_GFC,GFC,block_cv,xmpca_01,total_gain,0.4659814238548279,cross_market
NOR_30Y,5,Block_GFC,GFC,block_cv,xmpca_02,total_gain,0.19363203644752502,cross_market
NOR_30Y,5,Block_GFC,GFC,block_cv,xmpca_03,total_gain,0.041256893426179886,cross_market
NOR_30Y,5,Block_GFC,GFC,block_cv,xmpca_04,total_gain,0.270883709192276,cross_market
NOR_30Y,5,Block_GFC,GFC,block_cv,xmpca_05,total_gain,0.08604021370410919,cross_market
NOR_30Y,5,Block_GFC,GFC,block_cv,xmpca_06,total_gain,0.2693134546279907,cross_market
NOR_30Y,5,Block_GFC,GFC,block_cv,xmpca_07,total_gain,0.0760839655995369,cross_market
NOR_30Y,5,Block_GFC,GFC,block_cv,xmpca_08,total_gain,0.0966491848230362,cross_market
NOR_30Y,5,Block_GFC,GFC,block_cv,xmpca_09,total_gain,0.1820526421070099,cross_market
NOR_30Y,5,Block_GFC,GFC,block_cv,xmpca_10,total_gain,0.2358701378107071,cross_market
NOR_30Y,5,Block_GFC,GFC,block_cv,xmpca_11,total_gain,0.7267255187034607,cross_market
NOR_30Y,5,Block_GFC,GFC,block_cv,xmpca_12,total_gain,0.2562790513038635,cross_market
NOR_30Y,5,Block_GFC,GFC,block_cv,chg_lag1,total_cover,2069.0,momentum
NOR_30Y,5,Block_GFC,GFC,block_cv,chg_lag2,total_cover,698.0,momentum
NOR_30Y,5,Block_GFC,GFC,block_cv,chg_lag3,total_cover,1975.0,momentum
NOR_30Y,5,Block_GFC,GFC,block_cv,chg_lag4,total_cover,0.0,momentum
NOR_30Y,5,Block_GFC,GFC,block_cv,chg_lag5,total_cover,354.0,momentum
NOR_30Y,5,Block_GFC,GFC,block_cv,carry_roll,total_cover,1927.0,carry_roll
NOR_30Y,5,Block_GFC,GFC,block_cv,mom_63d,total_cover,325.0,momentum
NOR_30Y,5,Block_GFC,GFC,block_cv,mom_1m,total_cover,7015.0,momentum
NOR_30Y,5,Block_GFC,GFC,block_cv,mom_3m,total_cover,718.0,momentum
NOR_30Y,5,Block_GFC,GFC,block_cv,mom_6m,total_cover,3963.0,momentum
NOR_30Y,5,Block_GFC,GFC,block_cv,mom_12m,total_cover,154.0,momentum
NOR_30Y,5,Block_GFC,GFC,block_cv,dev_ma_3m,total_cover,5398.0,curve
NOR_30Y,5,Block_GFC,GFC,block_cv,dev_ma_12m,total_cover,294.0,curve
NOR_30Y,5,Block_GFC,GFC,block_cv,vol_20d,total_cover,2995.0,vol
NOR_30Y,5,Block_GFC,GFC,block_cv,vol_regime,total_cover,58.0,vol
NOR_30Y,5,Block_GFC,GFC,block_cv,vol_zscore,total_cover,469.0,vol
NOR_30Y,5,Block_GFC,GFC,block_cv,level_zscore,total_cover,2955.0,curve
NOR_30Y,5,Block_GFC,GFC,block_cv,slope_10_1,total_cover,3379.0,curve
NOR_30Y,5,Block_GFC,GFC,block_cv,slope_10_5,total_cover,3231.0,curve
NOR_30Y,5,Block_GFC,GFC,block_cv,slope_5_1,total_cover,9171.0,curve
NOR_30Y,5,Block_GFC,GFC,block_cv,sofr_mom_1m,total_cover,10740.0,macro
NOR_30Y,5,Block_GFC,GFC,block_cv,ibor_level,total_cover,8367.0,macro
NOR_30Y,5,Block_GFC,GFC,block_cv,ibor_chg_1d,total_cover,3863.0,macro
NOR_30Y,5,Block_GFC,GFC,block_cv,ibor_mom_1m,total_cover,5778.0,macro
NOR_30Y,5,Block_GFC,GFC,block_cv,ibor_term_slope,total_cover,2283.0,macro
NOR_30Y,5,Block_GFC,GFC,block_cv,swap_ibor_basis,total_cover,435.0,curve
NOR_30Y,5,Block_GFC,GFC,block_cv,move_level,total_cover,1455.0,vol
NOR_30Y,5,Block_GFC,GFC,block_cv,move_zscore,total_cover,1581.0,vol
NOR_30Y,5,Block_GFC,GFC,block_cv,vix_level,total_cover,94.0,vol
NOR_30Y,5,Block_GFC,GFC,block_cv,vix_zscore,total_cover,1827.0,vol
NOR_30Y,5,Block_GFC,GFC,block_cv,v2x_level,total_cover,2473.0,vol
NOR_30Y,5,Block_GFC,GFC,block_cv,vxn_level,total_cover,182.0,vol
NOR_30Y,5,Block_GFC,GFC,block_cv,ovx_level,total_cover,529.0,vol
NOR_30Y,5,Block_GFC,GFC,block_cv,gvz_level,total_cover,80.0,vol
NOR_30Y,5,Block_GFC,GFC,block_cv,spx_mom_1m,total_cover,2191.0,macro
NOR_30Y,5,Block_GFC,GFC,block_cv,spx_mom_3m,total_cover,1523.0,macro
NOR_30Y,5,Block_GFC,GFC,block_cv,sx5e_mom_1m,total_cover,1345.0,macro
NOR_30Y,5,Block_GFC,GFC,block_cv,sx5e_mom_3m,total_cover,2444.0,macro
NOR_30Y,5,Block_GFC,GFC,block_cv,mxwo_mom_1m,total_cover,1053.0,macro
NOR_30Y,5,Block_GFC,GFC,block_cv,ndx_mom_1m,total_cover,5620.0,macro
NOR_30Y,5,Block_GFC,GFC,block_cv,oil_mom_1m,total_cover,7820.0,macro
NOR_30Y,5,Block_GFC,GFC,block_cv,oil_mom_3m,total_cover,1702.0,macro
NOR_30Y,5,Block_GFC,GFC,block_cv,copper_mom_1m,total_cover,1403.0,macro
NOR_30Y,5,Block_GFC,GFC,block_cv,opec_prod,total_cover,167.0,macro
NOR_30Y,5,Block_GFC,GFC,block_cv,natgas_mom_1m,total_cover,887.0,macro
NOR_30Y,5,Block_GFC,GFC,block_cv,be5y_level,total_cover,24.0,macro
NOR_30Y,5,Block_GFC,GFC,block_cv,be10y_level,total_cover,1652.0,macro
NOR_30Y,5,Block_GFC,GFC,block_cv,be_slope,total_cover,1458.0,macro
NOR_30Y,5,Block_GFC,GFC,block_cv,be5y_chg_1m,total_cover,3347.0,macro
NOR_30Y,5,Block_GFC,GFC,block_cv,ig_spread,total_cover,0.0,credit
NOR_30Y,5,Block_GFC,GFC,block_cv,hy_spread,total_cover,14.0,credit
NOR_30Y,5,Block_GFC,GFC,block_cv,ig_chg_1m,total_cover,0.0,credit
NOR_30Y,5,Block_GFC,GFC,block_cv,hy_chg_1m,total_cover,0.0,credit
NOR_30Y,5,Block_GFC,GFC,block_cv,cpi_yoy,total_cover,30.0,macro
NOR_30Y,5,Block_GFC,GFC,block_cv,pce_core_chg,total_cover,84.0,macro
NOR_30Y,5,Block_GFC,GFC,block_cv,nfp_change,total_cover,1126.0,macro
NOR_30Y,5,Block_GFC,GFC,block_cv,pmi_us,total_cover,0.0,macro
NOR_30Y,5,Block_GFC,GFC,block_cv,pmi_eur,total_cover,2096.0,macro
NOR_30Y,5,Block_GFC,GFC,block_cv,unemp_eur,total_cover,26.0,macro
NOR_30Y,5,Block_GFC,GFC,block_cv,cpi_nsa_level,total_cover,24.0,macro
NOR_30Y,5,Block_GFC,GFC,block_cv,pce_core_level,total_cover,3989.0,macro
NOR_30Y,5,Block_GFC,GFC,block_cv,eur_3m,total_cover,1183.0,macro
NOR_30Y,5,Block_GFC,GFC,block_cv,eur_1w,total_cover,1613.0,macro
NOR_30Y,5,Block_GFC,GFC,block_cv,nor_ibor_1m,total_cover,40.0,norway
NOR_30Y,5,Block_GFC,GFC,block_cv,nor_ibor_6m,total_cover,0.0,norway
NOR_30Y,5,Block_GFC,GFC,block_cv,nor_ecb_dfr_chg,total_cover,0.0,norway
NOR_30Y,5,Block_GFC,GFC,block_cv,nor_ecb_dfr_level,total_cover,0.0,norway
NOR_30Y,5,Block_GFC,GFC,block_cv,nor_eurnok_chg_1d,total_cover,444.0,norway
NOR_30Y,5,Block_GFC,GFC,block_cv,nor_eurnok_level,total_cover,0.0,norway
NOR_30Y,5,Block_GFC,GFC,block_cv,nor_eurnok_mom_1m,total_cover,1741.0,norway
NOR_30Y,5,Block_GFC,GFC,block_cv,nor_eurnok_mom_3m,total_cover,10173.0,norway
NOR_30Y,5,Block_GFC,GFC,block_cv,nor_eurnok_rvol_20d,total_cover,2755.0,norway
NOR_30Y,5,Block_GFC,GFC,block_cv,nor_govt_10y,total_cover,479.0,norway
NOR_30Y,5,Block_GFC,GFC,block_cv,nor_govt_3y,total_cover,1476.0,norway
NOR_30Y,5,Block_GFC,GFC,block_cv,nor_govt_5y,total_cover,100.0,norway
NOR_30Y,5,Block_GFC,GFC,block_cv,nor_i44_chg_1d,total_cover,437.0,norway
NOR_30Y,5,Block_GFC,GFC,block_cv,nor_i44_level,total_cover,1216.0,norway
NOR_30Y,5,Block_GFC,GFC,block_cv,nor_i44_mom_1m,total_cover,285.0,norway
NOR_30Y,5,Block_GFC,GFC,block_cv,nor_i44_mom_3m,total_cover,355.0,norway
NOR_30Y,5,Block_GFC,GFC,block_cv,nor_i44_rvol_20d,total_cover,2442.0,norway
NOR_30Y,5,Block_GFC,GFC,block_cv,nor_kpi_yoy,total_cover,8257.0,norway
NOR_30Y,5,Block_GFC,GFC,block_cv,nor_kpijae_yoy,total_cover,398.0,norway
NOR_30Y,5,Block_GFC,GFC,block_cv,nor_nibor_nowa_spread,total_cover,2247.0,norway
NOR_30Y,5,Block_GFC,GFC,block_cv,nor_nowa_level,total_cover,1492.0,norway
NOR_30Y,5,Block_GFC,GFC,block_cv,nor_polrate_chg_1d,total_cover,0.0,norway
NOR_30Y,5,Block_GFC,GFC,block_cv,nor_polrate_days_since_chg,total_cover,3056.0,norway
NOR_30Y,5,Block_GFC,GFC,block_cv,nor_polrate_level,total_cover,0.0,norway
NOR_30Y,5,Block_GFC,GFC,block_cv,nor_rb_rate_chg,total_cover,0.0,norway
NOR_30Y,5,Block_GFC,GFC,block_cv,nor_rb_rate_level,total_cover,1444.0,norway
NOR_30Y,5,Block_GFC,GFC,block_cv,nor_unemp,total_cover,922.0,norway
NOR_30Y,5,Block_GFC,GFC,block_cv,nor_usdnok_chg_1d,total_cover,303.0,norway
NOR_30Y,5,Block_GFC,GFC,block_cv,nor_usdnok_level,total_cover,389.0,norway
NOR_30Y,5,Block_GFC,GFC,block_cv,nor_usdnok_mom_1m,total_cover,6741.0,norway
NOR_30Y,5,Block_GFC,GFC,block_cv,nor_usdnok_mom_3m,total_cover,10610.0,norway
NOR_30Y,5,Block_GFC,GFC,block_cv,nor_usdnok_rvol_20d,total_cover,644.0,norway
NOR_30Y,5,Block_GFC,GFC,block_cv,swap_govt_spread,total_cover,0.0,norway
NOR_30Y,5,Block_GFC,GFC,block_cv,xmpca_01,total_cover,6171.0,cross_market
NOR_30Y,5,Block_GFC,GFC,block_cv,xmpca_02,total_cover,2216.0,cross_market
NOR_30Y,5,Block_GFC,GFC,block_cv,xmpca_03,total_cover,68.0,cross_market
NOR_30Y,5,Block_GFC,GFC,block_cv,xmpca_04,total_cover,879.0,cross_market
NOR_30Y,5,Block_GFC,GFC,block_cv,xmpca_05,total_cover,79.0,cross_market
NOR_30Y,5,Block_GFC,GFC,block_cv,xmpca_06,total_cover,909.0,cross_market
NOR_30Y,5,Block_GFC,GFC,block_cv,xmpca_07,total_cover,1797.0,cross_market
NOR_30Y,5,Block_GFC,GFC,block_cv,xmpca_08,total_cover,1597.0,cross_market
NOR_30Y,5,Block_GFC,GFC,block_cv,xmpca_09,total_cover,418.0,cross_market
NOR_30Y,5,Block_GFC,GFC,block_cv,xmpca_10,total_cover,495.0,cross_market
NOR_30Y,5,Block_GFC,GFC,block_cv,xmpca_11,total_cover,11163.0,cross_market
NOR_30Y,5,Block_GFC,GFC,block_cv,xmpca_12,total_cover,668.0,cross_market
NOR_30Y,5,Block_GFC,GFC,block_cv,chg_lag1,shap_mean_abs,0.000721186981536448,momentum
NOR_30Y,5,Block_GFC,GFC,block_cv,chg_lag2,shap_mean_abs,0.0003719385713338852,momentum
NOR_30Y,5,Block_GFC,GFC,block_cv,chg_lag3,shap_mean_abs,0.00020732592383865267,momentum
NOR_30Y,5,Block_GFC,GFC,block_cv,chg_lag4,shap_mean_abs,0.0,momentum
NOR_30Y,5,Block_GFC,GFC,block_cv,chg_lag5,shap_mean_abs,0.0001658149849390611,momentum
NOR_30Y,5,Block_GFC,GFC,block_cv,carry_roll,shap_mean_abs,0.0003069957601837814,carry_roll
NOR_30Y,5,Block_GFC,GFC,block_cv,mom_63d,shap_mean_abs,0.000631784088909626,momentum
NOR_30Y,5,Block_GFC,GFC,block_cv,mom_1m,shap_mean_abs,0.0017901369137689471,momentum
NOR_30Y,5,Block_GFC,GFC,block_cv,mom_3m,shap_mean_abs,0.00033565875492058694,momentum
NOR_30Y,5,Block_GFC,GFC,block_cv,mom_6m,shap_mean_abs,0.0006184481899254024,momentum
NOR_30Y,5,Block_GFC,GFC,block_cv,mom_12m,shap_mean_abs,0.00016302138101309538,momentum
NOR_30Y,5,Block_GFC,GFC,block_cv,dev_ma_3m,shap_mean_abs,0.0009485257905907929,curve
NOR_30Y,5,Block_GFC,GFC,block_cv,dev_ma_12m,shap_mean_abs,0.0001955282496055588,curve
NOR_30Y,5,Block_GFC,GFC,block_cv,vol_20d,shap_mean_abs,0.0007451779674738646,vol
NOR_30Y,5,Block_GFC,GFC,block_cv,vol_regime,shap_mean_abs,6.512452819151804e-05,vol
NOR_30Y,5,Block_GFC,GFC,block_cv,vol_zscore,shap_mean_abs,0.00016417891310993582,vol
NOR_30Y,5,Block_GFC,GFC,block_cv,level_zscore,shap_mean_abs,0.0002655956777743995,curve
NOR_30Y,5,Block_GFC,GFC,block_cv,slope_10_1,shap_mean_abs,0.0007798499427735806,curve
NOR_30Y,5,Block_GFC,GFC,block_cv,slope_10_5,shap_mean_abs,0.0010747830383479595,curve
NOR_30Y,5,Block_GFC,GFC,block_cv,slope_5_1,shap_mean_abs,0.0021219991613179445,curve
NOR_30Y,5,Block_GFC,GFC,block_cv,sofr_mom_1m,shap_mean_abs,0.003076075343415141,macro
NOR_30Y,5,Block_GFC,GFC,block_cv,ibor_level,shap_mean_abs,0.0037482206244021654,macro
NOR_30Y,5,Block_GFC,GFC,block_cv,ibor_chg_1d,shap_mean_abs,0.0010640181135386229,macro
NOR_30Y,5,Block_GFC,GFC,block_cv,ibor_mom_1m,shap_mean_abs,0.0015775308711454272,macro
NOR_30Y,5,Block_GFC,GFC,block_cv,ibor_term_slope,shap_mean_abs,0.0002442530822008848,macro
NOR_30Y,5,Block_GFC,GFC,block_cv,swap_ibor_basis,shap_mean_abs,0.0003801788261625916,curve
NOR_30Y,5,Block_GFC,GFC,block_cv,move_level,shap_mean_abs,0.0007753078825771809,vol
NOR_30Y,5,Block_GFC,GFC,block_cv,move_zscore,shap_mean_abs,0.0006621442153118551,vol
NOR_30Y,5,Block_GFC,GFC,block_cv,vix_level,shap_mean_abs,3.56593809556216e-05,vol
NOR_30Y,5,Block_GFC,GFC,block_cv,vix_zscore,shap_mean_abs,0.0003740723186638206,vol
NOR_30Y,5,Block_GFC,GFC,block_cv,v2x_level,shap_mean_abs,0.001413607387803495,vol
NOR_30Y,5,Block_GFC,GFC,block_cv,vxn_level,shap_mean_abs,0.000396554300095886,vol
NOR_30Y,5,Block_GFC,GFC,block_cv,ovx_level,shap_mean_abs,0.0004460435884539038,vol
NOR_30Y,5,Block_GFC,GFC,block_cv,gvz_level,shap_mean_abs,7.168009324232116e-05,vol
NOR_30Y,5,Block_GFC,GFC,block_cv,spx_mom_1m,shap_mean_abs,0.0003619670169427991,macro
NOR_30Y,5,Block_GFC,GFC,block_cv,spx_mom_3m,shap_mean_abs,0.0005030835163779557,macro
NOR_30Y,5,Block_GFC,GFC,block_cv,sx5e_mom_1m,shap_mean_abs,0.0003732134646270424,macro
NOR_30Y,5,Block_GFC,GFC,block_cv,sx5e_mom_3m,shap_mean_abs,0.0007920463103801012,macro
NOR_30Y,5,Block_GFC,GFC,block_cv,mxwo_mom_1m,shap_mean_abs,0.00025570724392309785,macro
NOR_30Y,5,Block_GFC,GFC,block_cv,ndx_mom_1m,shap_mean_abs,0.0009599712793715298,macro
NOR_30Y,5,Block_GFC,GFC,block_cv,oil_mom_1m,shap_mean_abs,0.0025745336897671223,macro
NOR_30Y,5,Block_GFC,GFC,block_cv,oil_mom_3m,shap_mean_abs,0.0003802647697739303,macro
NOR_30Y,5,Block_GFC,GFC,block_cv,copper_mom_1m,shap_mean_abs,0.000724624318536371,macro
NOR_30Y,5,Block_GFC,GFC,block_cv,opec_prod,shap_mean_abs,6.883026071591303e-05,macro
NOR_30Y,5,Block_GFC,GFC,block_cv,natgas_mom_1m,shap_mean_abs,0.0003910401719622314,macro
NOR_30Y,5,Block_GFC,GFC,block_cv,be5y_level,shap_mean_abs,2.6582940336083993e-05,macro
NOR_30Y,5,Block_GFC,GFC,block_cv,be10y_level,shap_mean_abs,6.387195026036352e-05,macro
NOR_30Y,5,Block_GFC,GFC,block_cv,be_slope,shap_mean_abs,0.00012101664469810203,macro
NOR_30Y,5,Block_GFC,GFC,block_cv,be5y_chg_1m,shap_mean_abs,0.00018888739577960223,macro
NOR_30Y,5,Block_GFC,GFC,block_cv,ig_spread,shap_mean_abs,0.0,credit
NOR_30Y,5,Block_GFC,GFC,block_cv,hy_spread,shap_mean_abs,0.00010296708205714822,credit
NOR_30Y,5,Block_GFC,GFC,block_cv,ig_chg_1m,shap_mean_abs,0.0,credit
NOR_30Y,5,Block_GFC,GFC,block_cv,hy_chg_1m,shap_mean_abs,0.0,credit
NOR_30Y,5,Block_GFC,GFC,block_cv,cpi_yoy,shap_mean_abs,3.0607738153776154e-05,macro
NOR_30Y,5,Block_GFC,GFC,block_cv,pce_core_chg,shap_mean_abs,0.0001845511724241078,macro
NOR_30Y,5,Block_GFC,GFC,block_cv,nfp_change,shap_mean_abs,0.00032625559833832085,macro
NOR_30Y,5,Block_GFC,GFC,block_cv,pmi_us,shap_mean_abs,0.0,macro
NOR_30Y,5,Block_GFC,GFC,block_cv,pmi_eur,shap_mean_abs,0.0004976882482878864,macro
NOR_30Y,5,Block_GFC,GFC,block_cv,unemp_eur,shap_mean_abs,2.1402629499789327e-05,macro
NOR_30Y,5,Block_GFC,GFC,block_cv,cpi_nsa_level,shap_mean_abs,3.889857453032164e-06,macro
NOR_30Y,5,Block_GFC,GFC,block_cv,pce_core_level,shap_mean_abs,0.00013621925609186292,macro
NOR_30Y,5,Block_GFC,GFC,block_cv,eur_3m,shap_mean_abs,0.000947694992646575,macro
NOR_30Y,5,Block_GFC,GFC,block_cv,eur_1w,shap_mean_abs,0.000715746427886188,macro
NOR_30Y,5,Block_GFC,GFC,block_cv,nor_ibor_1m,shap_mean_abs,2.6666393750929274e-05,norway
NOR_30Y,5,Block_GFC,GFC,block_cv,nor_ibor_6m,shap_mean_abs,0.0,norway
NOR_30Y,5,Block_GFC,GFC,block_cv,nor_ecb_dfr_chg,shap_mean_abs,0.0,norway
NOR_30Y,5,Block_GFC,GFC,block_cv,nor_ecb_dfr_level,shap_mean_abs,0.0,norway
NOR_30Y,5,Block_GFC,GFC,block_cv,nor_eurnok_chg_1d,shap_mean_abs,0.00030373918707482517,norway
NOR_30Y,5,Block_GFC,GFC,block_cv,nor_eurnok_level,shap_mean_abs,0.0,norway
NOR_30Y,5,Block_GFC,GFC,block_cv,nor_eurnok_mom_1m,shap_mean_abs,0.00042411929462105036,norway
NOR_30Y,5,Block_GFC,GFC,block_cv,nor_eurnok_mom_3m,shap_mean_abs,0.0019554970785975456,norway
NOR_30Y,5,Block_GFC,GFC,block_cv,nor_eurnok_rvol_20d,shap_mean_abs,0.0010379888117313385,norway
NOR_30Y,5,Block_GFC,GFC,block_cv,nor_govt_10y,shap_mean_abs,0.0002444282581564039,norway
NOR_30Y,5,Block_GFC,GFC,block_cv,nor_govt_3y,shap_mean_abs,0.00017737984308041632,norway
NOR_30Y,5,Block_GFC,GFC,block_cv,nor_govt_5y,shap_mean_abs,4.5588527427753434e-05,norway
NOR_30Y,5,Block_GFC,GFC,block_cv,nor_i44_chg_1d,shap_mean_abs,0.00031325852614827454,norway
NOR_30Y,5,Block_GFC,GFC,block_cv,nor_i44_level,shap_mean_abs,0.00027332297759130597,norway
NOR_30Y,5,Block_GFC,GFC,block_cv,nor_i44_mom_1m,shap_mean_abs,0.00025031427503563464,norway
NOR_30Y,5,Block_GFC,GFC,block_cv,nor_i44_mom_3m,shap_mean_abs,0.00024546959321014583,norway
NOR_30Y,5,Block_GFC,GFC,block_cv,nor_i44_rvol_20d,shap_mean_abs,0.0005213820841163397,norway
NOR_30Y,5,Block_GFC,GFC,block_cv,nor_kpi_yoy,shap_mean_abs,0.0005845506093464792,norway
NOR_30Y,5,Block_GFC,GFC,block_cv,nor_kpijae_yoy,shap_mean_abs,0.0005925519508309662,norway
NOR_30Y,5,Block_GFC,GFC,block_cv,nor_nibor_nowa_spread,shap_mean_abs,0.00037780345883220434,norway
NOR_30Y,5,Block_GFC,GFC,block_cv,nor_nowa_level,shap_mean_abs,0.0005513846990652382,norway
NOR_30Y,5,Block_GFC,GFC,block_cv,nor_polrate_chg_1d,shap_mean_abs,0.0,norway
NOR_30Y,5,Block_GFC,GFC,block_cv,nor_polrate_days_since_chg,shap_mean_abs,0.00044976870412938297,norway
NOR_30Y,5,Block_GFC,GFC,block_cv,nor_polrate_level,shap_mean_abs,0.0,norway
NOR_30Y,5,Block_GFC,GFC,block_cv,nor_rb_rate_chg,shap_mean_abs,0.0,norway
NOR_30Y,5,Block_GFC,GFC,block_cv,nor_rb_rate_level,shap_mean_abs,0.0005538593977689743,norway
NOR_30Y,5,Block_GFC,GFC,block_cv,nor_unemp,shap_mean_abs,0.0005047991871833801,norway
NOR_30Y,5,Block_GFC,GFC,block_cv,nor_usdnok_chg_1d,shap_mean_abs,0.00012419774429872632,norway
NOR_30Y,5,Block_GFC,GFC,block_cv,nor_usdnok_level,shap_mean_abs,0.000124102269182913,norway
NOR_30Y,5,Block_GFC,GFC,block_cv,nor_usdnok_mom_1m,shap_mean_abs,0.0009876383701339364,norway
NOR_30Y,5,Block_GFC,GFC,block_cv,nor_usdnok_mom_3m,shap_mean_abs,0.0014845257392153144,norway
NOR_30Y,5,Block_GFC,GFC,block_cv,nor_usdnok_rvol_20d,shap_mean_abs,0.0003408082702662796,norway
NOR_30Y,5,Block_GFC,GFC,block_cv,swap_govt_spread,shap_mean_abs,0.0,norway
NOR_30Y,5,Block_GFC,GFC,block_cv,xmpca_01,shap_mean_abs,0.002735784510150552,cross_market
NOR_30Y,5,Block_GFC,GFC,block_cv,xmpca_02,shap_mean_abs,0.0004357312573119998,cross_market
NOR_30Y,5,Block_GFC,GFC,block_cv,xmpca_03,shap_mean_abs,4.537968561635353e-05,cross_market
NOR_30Y,5,Block_GFC,GFC,block_cv,xmpca_04,shap_mean_abs,0.00026566494489088655,cross_market
NOR_30Y,5,Block_GFC,GFC,block_cv,xmpca_05,shap_mean_abs,0.00012950378004461527,cross_market
NOR_30Y,5,Block_GFC,GFC,block_cv,xmpca_06,shap_mean_abs,0.0004964765394106507,cross_market
NOR_30Y,5,Block_GFC,GFC,block_cv,xmpca_07,shap_mean_abs,0.0007605393184348941,cross_market
NOR_30Y,5,Block_GFC,GFC,block_cv,xmpca_08,shap_mean_abs,0.0002263709029648453,cross_market
NOR_30Y,5,Block_GFC,GFC,block_cv,xmpca_09,shap_mean_abs,0.0002776900655589998,cross_market
NOR_30Y,5,Block_GFC,GFC,block_cv,xmpca_10,shap_mean_abs,0.0002868219162337482,cross_market
NOR_30Y,5,Block_GFC,GFC,block_cv,xmpca_11,shap_mean_abs,0.0019546952098608017,cross_market
NOR_30Y,5,Block_GFC,GFC,block_cv,xmpca_12,shap_mean_abs,0.0004606170696206391,cross_market
NOR_30Y,5,Block_ZIRP,ZIRP,block_cv,chg_lag1,gain,0.023524262011051178,momentum
NOR_30Y,5,Block_ZIRP,ZIRP,block_cv,chg_lag2,gain,0.026392631232738495,momentum
NOR_30Y,5,Block_ZIRP,ZIRP,block_cv,chg_lag3,gain,0.0,momentum
NOR_30Y,5,Block_ZIRP,ZIRP,block_cv,chg_lag4,gain,0.0,momentum
NOR_30Y,5,Block_ZIRP,ZIRP,block_cv,chg_lag5,gain,0.005526319146156311,momentum
NOR_30Y,5,Block_ZIRP,ZIRP,block_cv,carry_roll,gain,0.04405510425567627,carry_roll
NOR_30Y,5,Block_ZIRP,ZIRP,block_cv,mom_63d,gain,0.009607603773474693,momentum
NOR_30Y,5,Block_ZIRP,ZIRP,block_cv,mom_1m,gain,0.10711447894573212,momentum
NOR_30Y,5,Block_ZIRP,ZIRP,block_cv,mom_3m,gain,0.03956085443496704,momentum
NOR_30Y,5,Block_ZIRP,ZIRP,block_cv,mom_6m,gain,0.0723903551697731,momentum
NOR_30Y,5,Block_ZIRP,ZIRP,block_cv,mom_12m,gain,0.03520667180418968,momentum
NOR_30Y,5,Block_ZIRP,ZIRP,block_cv,dev_ma_3m,gain,0.06775729358196259,curve
NOR_30Y,5,Block_ZIRP,ZIRP,block_cv,dev_ma_12m,gain,0.2651815712451935,curve
NOR_30Y,5,Block_ZIRP,ZIRP,block_cv,vol_20d,gain,0.06556344777345657,vol
NOR_30Y,5,Block_ZIRP,ZIRP,block_cv,vol_regime,gain,0.0,vol
NOR_30Y,5,Block_ZIRP,ZIRP,block_cv,vol_zscore,gain,0.08573633432388306,vol
NOR_30Y,5,Block_ZIRP,ZIRP,block_cv,level_zscore,gain,0.00859019160270691,curve
NOR_30Y,5,Block_ZIRP,ZIRP,block_cv,slope_10_1,gain,0.06727463006973267,curve
NOR_30Y,5,Block_ZIRP,ZIRP,block_cv,slope_10_5,gain,0.0,curve
NOR_30Y,5,Block_ZIRP,ZIRP,block_cv,slope_5_1,gain,0.017820237204432487,curve
NOR_30Y,5,Block_ZIRP,ZIRP,block_cv,sofr_mom_1m,gain,0.08681797236204147,macro
NOR_30Y,5,Block_ZIRP,ZIRP,block_cv,ibor_level,gain,0.0,macro
NOR_30Y,5,Block_ZIRP,ZIRP,block_cv,ibor_chg_1d,gain,0.11467690020799637,macro
NOR_30Y,5,Block_ZIRP,ZIRP,block_cv,ibor_mom_1m,gain,0.12095651030540466,macro
NOR_30Y,5,Block_ZIRP,ZIRP,block_cv,ibor_term_slope,gain,0.08752816170454025,macro
NOR_30Y,5,Block_ZIRP,ZIRP,block_cv,swap_ibor_basis,gain,0.03495218604803085,curve
NOR_30Y,5,Block_ZIRP,ZIRP,block_cv,move_level,gain,0.0,vol
NOR_30Y,5,Block_ZIRP,ZIRP,block_cv,move_zscore,gain,0.1324055790901184,vol
NOR_30Y,5,Block_ZIRP,ZIRP,block_cv,vix_level,gain,0.0,vol
NOR_30Y,5,Block_ZIRP,ZIRP,block_cv,vix_zscore,gain,0.0,vol
NOR_30Y,5,Block_ZIRP,ZIRP,block_cv,v2x_level,gain,0.08137521147727966,vol
NOR_30Y,5,Block_ZIRP,ZIRP,block_cv,vxn_level,gain,0.03005095012485981,vol
NOR_30Y,5,Block_ZIRP,ZIRP,block_cv,ovx_level,gain,0.11583453416824341,vol
NOR_30Y,5,Block_ZIRP,ZIRP,block_cv,gvz_level,gain,0.0555921234190464,vol
NOR_30Y,5,Block_ZIRP,ZIRP,block_cv,spx_mom_1m,gain,0.05571160465478897,macro
NOR_30Y,5,Block_ZIRP,ZIRP,block_cv,spx_mom_3m,gain,0.0881986916065216,macro
NOR_30Y,5,Block_ZIRP,ZIRP,block_cv,sx5e_mom_1m,gain,0.03800928220152855,macro
NOR_30Y,5,Block_ZIRP,ZIRP,block_cv,sx5e_mom_3m,gain,0.013410324230790138,macro
NOR_30Y,5,Block_ZIRP,ZIRP,block_cv,mxwo_mom_1m,gain,0.019218474626541138,macro
NOR_30Y,5,Block_ZIRP,ZIRP,block_cv,ndx_mom_1m,gain,0.07414553314447403,macro
NOR_30Y,5,Block_ZIRP,ZIRP,block_cv,oil_mom_1m,gain,0.08628378063440323,macro
NOR_30Y,5,Block_ZIRP,ZIRP,block_cv,oil_mom_3m,gain,0.053645409643650055,macro
NOR_30Y,5,Block_ZIRP,ZIRP,block_cv,copper_mom_1m,gain,0.06968467682600021,macro
NOR_30Y,5,Block_ZIRP,ZIRP,block_cv,opec_prod,gain,0.06713805347681046,macro
NOR_30Y,5,Block_ZIRP,ZIRP,block_cv,natgas_mom_1m,gain,0.0,macro
NOR_30Y,5,Block_ZIRP,ZIRP,block_cv,be5y_level,gain,0.06727053225040436,macro
NOR_30Y,5,Block_ZIRP,ZIRP,block_cv,be10y_level,gain,0.0,macro
NOR_30Y,5,Block_ZIRP,ZIRP,block_cv,be_slope,gain,0.0,macro
NOR_30Y,5,Block_ZIRP,ZIRP,block_cv,be5y_chg_1m,gain,0.0,macro
NOR_30Y,5,Block_ZIRP,ZIRP,block_cv,ig_spread,gain,0.0,credit
NOR_30Y,5,Block_ZIRP,ZIRP,block_cv,hy_spread,gain,0.0,credit
NOR_30Y,5,Block_ZIRP,ZIRP,block_cv,ig_chg_1m,gain,0.0,credit
NOR_30Y,5,Block_ZIRP,ZIRP,block_cv,hy_chg_1m,gain,0.0,credit
NOR_30Y,5,Block_ZIRP,ZIRP,block_cv,cpi_yoy,gain,0.0,macro
NOR_30Y,5,Block_ZIRP,ZIRP,block_cv,pce_core_chg,gain,0.0708719938993454,macro
NOR_30Y,5,Block_ZIRP,ZIRP,block_cv,nfp_change,gain,0.0,macro
NOR_30Y,5,Block_ZIRP,ZIRP,block_cv,pmi_us,gain,0.0,macro
NOR_30Y,5,Block_ZIRP,ZIRP,block_cv,pmi_eur,gain,0.05404999479651451,macro
NOR_30Y,5,Block_ZIRP,ZIRP,block_cv,unemp_eur,gain,0.0,macro
NOR_30Y,5,Block_ZIRP,ZIRP,block_cv,cpi_nsa_level,gain,0.0,macro
NOR_30Y,5,Block_ZIRP,ZIRP,block_cv,pce_core_level,gain,0.0,macro
NOR_30Y,5,Block_ZIRP,ZIRP,block_cv,eur_3m,gain,0.0,macro
NOR_30Y,5,Block_ZIRP,ZIRP,block_cv,eur_1w,gain,0.0,macro
NOR_30Y,5,Block_ZIRP,ZIRP,block_cv,nor_ibor_1m,gain,0.13205532729625702,norway
NOR_30Y,5,Block_ZIRP,ZIRP,block_cv,nor_ibor_6m,gain,0.09272181987762451,norway
NOR_30Y,5,Block_ZIRP,ZIRP,block_cv,nor_ecb_dfr_chg,gain,0.0,norway
NOR_30Y,5,Block_ZIRP,ZIRP,block_cv,nor_ecb_dfr_level,gain,0.0,norway
NOR_30Y,5,Block_ZIRP,ZIRP,block_cv,nor_eurnok_chg_1d,gain,0.05137445032596588,norway
NOR_30Y,5,Block_ZIRP,ZIRP,block_cv,nor_eurnok_level,gain,0.10241571068763733,norway
NOR_30Y,5,Block_ZIRP,ZIRP,block_cv,nor_eurnok_mom_1m,gain,0.08404891192913055,norway
NOR_30Y,5,Block_ZIRP,ZIRP,block_cv,nor_eurnok_mom_3m,gain,0.06816846132278442,norway
NOR_30Y,5,Block_ZIRP,ZIRP,block_cv,nor_eurnok_rvol_20d,gain,0.07116413861513138,norway
NOR_30Y,5,Block_ZIRP,ZIRP,block_cv,nor_govt_10y,gain,0.043788667768239975,norway
NOR_30Y,5,Block_ZIRP,ZIRP,block_cv,nor_govt_3y,gain,0.0,norway
NOR_30Y,5,Block_ZIRP,ZIRP,block_cv,nor_govt_5y,gain,0.0,norway
NOR_30Y,5,Block_ZIRP,ZIRP,block_cv,nor_i44_chg_1d,gain,0.0,norway
NOR_30Y,5,Block_ZIRP,ZIRP,block_cv,nor_i44_level,gain,0.09150896966457367,norway
NOR_30Y,5,Block_ZIRP,ZIRP,block_cv,nor_i44_mom_1m,gain,0.12995554506778717,norway
NOR_30Y,5,Block_ZIRP,ZIRP,block_cv,nor_i44_mom_3m,gain,0.0,norway
NOR_30Y,5,Block_ZIRP,ZIRP,block_cv,nor_i44_rvol_20d,gain,0.06856701523065567,norway
NOR_30Y,5,Block_ZIRP,ZIRP,block_cv,nor_kpi_yoy,gain,0.10812671482563019,norway
NOR_30Y,5,Block_ZIRP,ZIRP,block_cv,nor_kpijae_yoy,gain,0.0,norway
NOR_30Y,5,Block_ZIRP,ZIRP,block_cv,nor_nibor_nowa_spread,gain,0.0,norway
NOR_30Y,5,Block_ZIRP,ZIRP,block_cv,nor_nowa_level,gain,0.09837910532951355,norway
NOR_30Y,5,Block_ZIRP,ZIRP,block_cv,nor_polrate_chg_1d,gain,0.0,norway
NOR_30Y,5,Block_ZIRP,ZIRP,block_cv,nor_polrate_days_since_chg,gain,0.03944012522697449,norway
NOR_30Y,5,Block_ZIRP,ZIRP,block_cv,nor_polrate_level,gain,0.0,norway
NOR_30Y,5,Block_ZIRP,ZIRP,block_cv,nor_rb_rate_chg,gain,0.0,norway
NOR_30Y,5,Block_ZIRP,ZIRP,block_cv,nor_rb_rate_level,gain,0.0,norway
NOR_30Y,5,Block_ZIRP,ZIRP,block_cv,nor_unemp,gain,0.0,norway
NOR_30Y,5,Block_ZIRP,ZIRP,block_cv,nor_usdnok_chg_1d,gain,0.009703557938337326,norway
NOR_30Y,5,Block_ZIRP,ZIRP,block_cv,nor_usdnok_level,gain,0.10190390050411224,norway
NOR_30Y,5,Block_ZIRP,ZIRP,block_cv,nor_usdnok_mom_1m,gain,0.10232394188642502,norway
NOR_30Y,5,Block_ZIRP,ZIRP,block_cv,nor_usdnok_mom_3m,gain,0.07444508373737335,norway
NOR_30Y,5,Block_ZIRP,ZIRP,block_cv,nor_usdnok_rvol_20d,gain,0.031169405207037926,norway
NOR_30Y,5,Block_ZIRP,ZIRP,block_cv,swap_govt_spread,gain,0.0,norway
NOR_30Y,5,Block_ZIRP,ZIRP,block_cv,xmpca_01,gain,0.0,cross_market
NOR_30Y,5,Block_ZIRP,ZIRP,block_cv,xmpca_02,gain,0.02977001667022705,cross_market
NOR_30Y,5,Block_ZIRP,ZIRP,block_cv,xmpca_03,gain,0.0947699099779129,cross_market
NOR_30Y,5,Block_ZIRP,ZIRP,block_cv,xmpca_04,gain,0.030173860490322113,cross_market
NOR_30Y,5,Block_ZIRP,ZIRP,block_cv,xmpca_05,gain,0.0,cross_market
NOR_30Y,5,Block_ZIRP,ZIRP,block_cv,xmpca_06,gain,0.08435606211423874,cross_market
NOR_30Y,5,Block_ZIRP,ZIRP,block_cv,xmpca_07,gain,0.0,cross_market
NOR_30Y,5,Block_ZIRP,ZIRP,block_cv,xmpca_08,gain,0.05068961903452873,cross_market
NOR_30Y,5,Block_ZIRP,ZIRP,block_cv,xmpca_09,gain,0.05223941057920456,cross_market
NOR_30Y,5,Block_ZIRP,ZIRP,block_cv,xmpca_10,gain,0.05740784853696823,cross_market
NOR_30Y,5,Block_ZIRP,ZIRP,block_cv,xmpca_11,gain,0.0035509876906871796,cross_market
NOR_30Y,5,Block_ZIRP,ZIRP,block_cv,xmpca_12,gain,0.00824398547410965,cross_market
NOR_30Y,5,Block_ZIRP,ZIRP,block_cv,chg_lag1,weight,18.0,momentum
NOR_30Y,5,Block_ZIRP,ZIRP,block_cv,chg_lag2,weight,8.0,momentum
NOR_30Y,5,Block_ZIRP,ZIRP,block_cv,chg_lag3,weight,0.0,momentum
NOR_30Y,5,Block_ZIRP,ZIRP,block_cv,chg_lag4,weight,0.0,momentum
NOR_30Y,5,Block_ZIRP,ZIRP,block_cv,chg_lag5,weight,1.0,momentum
NOR_30Y,5,Block_ZIRP,ZIRP,block_cv,carry_roll,weight,3.0,carry_roll
NOR_30Y,5,Block_ZIRP,ZIRP,block_cv,mom_63d,weight,2.0,momentum
NOR_30Y,5,Block_ZIRP,ZIRP,block_cv,mom_1m,weight,1.0,momentum
NOR_30Y,5,Block_ZIRP,ZIRP,block_cv,mom_3m,weight,2.0,momentum
NOR_30Y,5,Block_ZIRP,ZIRP,block_cv,mom_6m,weight,2.0,momentum
NOR_30Y,5,Block_ZIRP,ZIRP,block_cv,mom_12m,weight,2.0,momentum
NOR_30Y,5,Block_ZIRP,ZIRP,block_cv,dev_ma_3m,weight,5.0,curve
NOR_30Y,5,Block_ZIRP,ZIRP,block_cv,dev_ma_12m,weight,2.0,curve
NOR_30Y,5,Block_ZIRP,ZIRP,block_cv,vol_20d,weight,6.0,vol
NOR_30Y,5,Block_ZIRP,ZIRP,block_cv,vol_regime,weight,0.0,vol
NOR_30Y,5,Block_ZIRP,ZIRP,block_cv,vol_zscore,weight,3.0,vol
NOR_30Y,5,Block_ZIRP,ZIRP,block_cv,level_zscore,weight,1.0,curve
NOR_30Y,5,Block_ZIRP,ZIRP,block_cv,slope_10_1,weight,6.0,curve
NOR_30Y,5,Block_ZIRP,ZIRP,block_cv,slope_10_5,weight,0.0,curve
NOR_30Y,5,Block_ZIRP,ZIRP,block_cv,slope_5_1,weight,1.0,curve
NOR_30Y,5,Block_ZIRP,ZIRP,block_cv,sofr_mom_1m,weight,10.0,macro
NOR_30Y,5,Block_ZIRP,ZIRP,block_cv,ibor_level,weight,0.0,macro
NOR_30Y,5,Block_ZIRP,ZIRP,block_cv,ibor_chg_1d,weight,3.0,macro
NOR_30Y,5,Block_ZIRP,ZIRP,block_cv,ibor_mom_1m,weight,9.0,macro
NOR_30Y,5,Block_ZIRP,ZIRP,block_cv,ibor_term_slope,weight,3.0,macro
NOR_30Y,5,Block_ZIRP,ZIRP,block_cv,swap_ibor_basis,weight,4.0,curve
NOR_30Y,5,Block_ZIRP,ZIRP,block_cv,move_level,weight,0.0,vol
NOR_30Y,5,Block_ZIRP,ZIRP,block_cv,move_zscore,weight,1.0,vol
NOR_30Y,5,Block_ZIRP,ZIRP,block_cv,vix_level,weight,0.0,vol
NOR_30Y,5,Block_ZIRP,ZIRP,block_cv,vix_zscore,weight,0.0,vol
NOR_30Y,5,Block_ZIRP,ZIRP,block_cv,v2x_level,weight,1.0,vol
NOR_30Y,5,Block_ZIRP,ZIRP,block_cv,vxn_level,weight,1.0,vol
NOR_30Y,5,Block_ZIRP,ZIRP,block_cv,ovx_level,weight,1.0,vol
NOR_30Y,5,Block_ZIRP,ZIRP,block_cv,gvz_level,weight,3.0,vol
NOR_30Y,5,Block_ZIRP,ZIRP,block_cv,spx_mom_1m,weight,1.0,macro
NOR_30Y,5,Block_ZIRP,ZIRP,block_cv,spx_mom_3m,weight,1.0,macro
NOR_30Y,5,Block_ZIRP,ZIRP,block_cv,sx5e_mom_1m,weight,2.0,macro
NOR_30Y,5,Block_ZIRP,ZIRP,block_cv,sx5e_mom_3m,weight,2.0,macro
NOR_30Y,5,Block_ZIRP,ZIRP,block_cv,mxwo_mom_1m,weight,1.0,macro
NOR_30Y,5,Block_ZIRP,ZIRP,block_cv,ndx_mom_1m,weight,2.0,macro
NOR_30Y,5,Block_ZIRP,ZIRP,block_cv,oil_mom_1m,weight,3.0,macro
NOR_30Y,5,Block_ZIRP,ZIRP,block_cv,oil_mom_3m,weight,1.0,macro
NOR_30Y,5,Block_ZIRP,ZIRP,block_cv,copper_mom_1m,weight,2.0,macro
NOR_30Y,5,Block_ZIRP,ZIRP,block_cv,opec_prod,weight,1.0,macro
NOR_30Y,5,Block_ZIRP,ZIRP,block_cv,natgas_mom_1m,weight,0.0,macro
NOR_30Y,5,Block_ZIRP,ZIRP,block_cv,be5y_level,weight,2.0,macro
NOR_30Y,5,Block_ZIRP,ZIRP,block_cv,be10y_level,weight,0.0,macro
NOR_30Y,5,Block_ZIRP,ZIRP,block_cv,be_slope,weight,0.0,macro
NOR_30Y,5,Block_ZIRP,ZIRP,block_cv,be5y_chg_1m,weight,0.0,macro
NOR_30Y,5,Block_ZIRP,ZIRP,block_cv,ig_spread,weight,0.0,credit
NOR_30Y,5,Block_ZIRP,ZIRP,block_cv,hy_spread,weight,0.0,credit
NOR_30Y,5,Block_ZIRP,ZIRP,block_cv,ig_chg_1m,weight,0.0,credit
NOR_30Y,5,Block_ZIRP,ZIRP,block_cv,hy_chg_1m,weight,0.0,credit
NOR_30Y,5,Block_ZIRP,ZIRP,block_cv,cpi_yoy,weight,0.0,macro
NOR_30Y,5,Block_ZIRP,ZIRP,block_cv,pce_core_chg,weight,2.0,macro
NOR_30Y,5,Block_ZIRP,ZIRP,block_cv,nfp_change,weight,0.0,macro
NOR_30Y,5,Block_ZIRP,ZIRP,block_cv,pmi_us,weight,0.0,macro
NOR_30Y,5,Block_ZIRP,ZIRP,block_cv,pmi_eur,weight,2.0,macro
NOR_30Y,5,Block_ZIRP,ZIRP,block_cv,unemp_eur,weight,0.0,macro
NOR_30Y,5,Block_ZIRP,ZIRP,block_cv,cpi_nsa_level,weight,0.0,macro
NOR_30Y,5,Block_ZIRP,ZIRP,block_cv,pce_core_level,weight,0.0,macro
NOR_30Y,5,Block_ZIRP,ZIRP,block_cv,eur_3m,weight,0.0,macro
NOR_30Y,5,Block_ZIRP,ZIRP,block_cv,eur_1w,weight,0.0,macro
NOR_30Y,5,Block_ZIRP,ZIRP,block_cv,nor_ibor_1m,weight,1.0,norway
NOR_30Y,5,Block_ZIRP,ZIRP,block_cv,nor_ibor_6m,weight,2.0,norway
NOR_30Y,5,Block_ZIRP,ZIRP,block_cv,nor_ecb_dfr_chg,weight,0.0,norway
NOR_30Y,5,Block_ZIRP,ZIRP,block_cv,nor_ecb_dfr_level,weight,0.0,norway
NOR_30Y,5,Block_ZIRP,ZIRP,block_cv,nor_eurnok_chg_1d,weight,3.0,norway
NOR_30Y,5,Block_ZIRP,ZIRP,block_cv,nor_eurnok_level,weight,1.0,norway
NOR_30Y,5,Block_ZIRP,ZIRP,block_cv,nor_eurnok_mom_1m,weight,2.0,norway
NOR_30Y,5,Block_ZIRP,ZIRP,block_cv,nor_eurnok_mom_3m,weight,2.0,norway
NOR_30Y,5,Block_ZIRP,ZIRP,block_cv,nor_eurnok_rvol_20d,weight,4.0,norway
NOR_30Y,5,Block_ZIRP,ZIRP,block_cv,nor_govt_10y,weight,2.0,norway
NOR_30Y,5,Block_ZIRP,ZIRP,block_cv,nor_govt_3y,weight,0.0,norway
NOR_30Y,5,Block_ZIRP,ZIRP,block_cv,nor_govt_5y,weight,0.0,norway
NOR_30Y,5,Block_ZIRP,ZIRP,block_cv,nor_i44_chg_1d,weight,0.0,norway
NOR_30Y,5,Block_ZIRP,ZIRP,block_cv,nor_i44_level,weight,1.0,norway
NOR_30Y,5,Block_ZIRP,ZIRP,block_cv,nor_i44_mom_1m,weight,1.0,norway
NOR_30Y,5,Block_ZIRP,ZIRP,block_cv,nor_i44_mom_3m,weight,0.0,norway
NOR_30Y,5,Block_ZIRP,ZIRP,block_cv,nor_i44_rvol_20d,weight,1.0,norway
NOR_30Y,5,Block_ZIRP,ZIRP,block_cv,nor_kpi_yoy,weight,4.0,norway
NOR_30Y,5,Block_ZIRP,ZIRP,block_cv,nor_kpijae_yoy,weight,0.0,norway
NOR_30Y,5,Block_ZIRP,ZIRP,block_cv,nor_nibor_nowa_spread,weight,0.0,norway
NOR_30Y,5,Block_ZIRP,ZIRP,block_cv,nor_nowa_level,weight,1.0,norway
NOR_30Y,5,Block_ZIRP,ZIRP,block_cv,nor_polrate_chg_1d,weight,0.0,norway
NOR_30Y,5,Block_ZIRP,ZIRP,block_cv,nor_polrate_days_since_chg,weight,2.0,norway
NOR_30Y,5,Block_ZIRP,ZIRP,block_cv,nor_polrate_level,weight,0.0,norway
NOR_30Y,5,Block_ZIRP,ZIRP,block_cv,nor_rb_rate_chg,weight,0.0,norway
NOR_30Y,5,Block_ZIRP,ZIRP,block_cv,nor_rb_rate_level,weight,0.0,norway
NOR_30Y,5,Block_ZIRP,ZIRP,block_cv,nor_unemp,weight,0.0,norway
NOR_30Y,5,Block_ZIRP,ZIRP,block_cv,nor_usdnok_chg_1d,weight,2.0,norway
NOR_30Y,5,Block_ZIRP,ZIRP,block_cv,nor_usdnok_level,weight,2.0,norway
NOR_30Y,5,Block_ZIRP,ZIRP,block_cv,nor_usdnok_mom_1m,weight,1.0,norway
NOR_30Y,5,Block_ZIRP,ZIRP,block_cv,nor_usdnok_mom_3m,weight,1.0,norway
NOR_30Y,5,Block_ZIRP,ZIRP,block_cv,nor_usdnok_rvol_20d,weight,1.0,norway
NOR_30Y,5,Block_ZIRP,ZIRP,block_cv,swap_govt_spread,weight,0.0,norway
NOR_30Y,5,Block_ZIRP,ZIRP,block_cv,xmpca_01,weight,0.0,cross_market
NOR_30Y,5,Block_ZIRP,ZIRP,block_cv,xmpca_02,weight,2.0,cross_market
NOR_30Y,5,Block_ZIRP,ZIRP,block_cv,xmpca_03,weight,1.0,cross_market
NOR_30Y,5,Block_ZIRP,ZIRP,block_cv,xmpca_04,weight,2.0,cross_market
NOR_30Y,5,Block_ZIRP,ZIRP,block_cv,xmpca_05,weight,0.0,cross_market
NOR_30Y,5,Block_ZIRP,ZIRP,block_cv,xmpca_06,weight,1.0,cross_market
NOR_30Y,5,Block_ZIRP,ZIRP,block_cv,xmpca_07,weight,0.0,cross_market
NOR_30Y,5,Block_ZIRP,ZIRP,block_cv,xmpca_08,weight,3.0,cross_market
NOR_30Y,5,Block_ZIRP,ZIRP,block_cv,xmpca_09,weight,4.0,cross_market
NOR_30Y,5,Block_ZIRP,ZIRP,block_cv,xmpca_10,weight,2.0,cross_market
NOR_30Y,5,Block_ZIRP,ZIRP,block_cv,xmpca_11,weight,1.0,cross_market
NOR_30Y,5,Block_ZIRP,ZIRP,block_cv,xmpca_12,weight,1.0,cross_market
NOR_30Y,5,Block_ZIRP,ZIRP,block_cv,chg_lag1,cover,13.11111068725586,momentum
NOR_30Y,5,Block_ZIRP,ZIRP,block_cv,chg_lag2,cover,8.125,momentum
NOR_30Y,5,Block_ZIRP,ZIRP,block_cv,chg_lag3,cover,0.0,momentum
NOR_30Y,5,Block_ZIRP,ZIRP,block_cv,chg_lag4,cover,0.0,momentum
NOR_30Y,5,Block_ZIRP,ZIRP,block_cv,chg_lag5,cover,4.0,momentum
NOR_30Y,5,Block_ZIRP,ZIRP,block_cv,carry_roll,cover,77.0,carry_roll
NOR_30Y,5,Block_ZIRP,ZIRP,block_cv,mom_63d,cover,7.5,momentum
NOR_30Y,5,Block_ZIRP,ZIRP,block_cv,mom_1m,cover,38.0,momentum
NOR_30Y,5,Block_ZIRP,ZIRP,block_cv,mom_3m,cover,37.5,momentum
NOR_30Y,5,Block_ZIRP,ZIRP,block_cv,mom_6m,cover,53.5,momentum
NOR_30Y,5,Block_ZIRP,ZIRP,block_cv,mom_12m,cover,100.5,momentum
NOR_30Y,5,Block_ZIRP,ZIRP,block_cv,dev_ma_3m,cover,689.0,curve
NOR_30Y,5,Block_ZIRP,ZIRP,block_cv,dev_ma_12m,cover,1562.5,curve
NOR_30Y,5,Block_ZIRP,ZIRP,block_cv,vol_20d,cover,585.6666870117188,vol
NOR_30Y,5,Block_ZIRP,ZIRP,block_cv,vol_regime,cover,0.0,vol
NOR_30Y,5,Block_ZIRP,ZIRP,block_cv,vol_zscore,cover,20.33333396911621,vol
NOR_30Y,5,Block_ZIRP,ZIRP,block_cv,level_zscore,cover,7.0,curve
NOR_30Y,5,Block_ZIRP,ZIRP,block_cv,slope_10_1,cover,357.0,curve
NOR_30Y,5,Block_ZIRP,ZIRP,block_cv,slope_10_5,cover,0.0,curve
NOR_30Y,5,Block_ZIRP,ZIRP,block_cv,slope_5_1,cover,14.0,curve
NOR_30Y,5,Block_ZIRP,ZIRP,block_cv,sofr_mom_1m,cover,1068.5,macro
NOR_30Y,5,Block_ZIRP,ZIRP,block_cv,ibor_level,cover,0.0,macro
NOR_30Y,5,Block_ZIRP,ZIRP,block_cv,ibor_chg_1d,cover,1041.0,macro
NOR_30Y,5,Block_ZIRP,ZIRP,block_cv,ibor_mom_1m,cover,1145.5555419921875,macro
NOR_30Y,5,Block_ZIRP,ZIRP,block_cv,ibor_term_slope,cover,889.6666870117188,macro
NOR_30Y,5,Block_ZIRP,ZIRP,block_cv,swap_ibor_basis,cover,43.75,curve
NOR_30Y,5,Block_ZIRP,ZIRP,block_cv,move_level,cover,0.0,vol
NOR_30Y,5,Block_ZIRP,ZIRP,block_cv,move_zscore,cover,230.0,vol
NOR_30Y,5,Block_ZIRP,ZIRP,block_cv,vix_level,cover,0.0,vol
NOR_30Y,5,Block_ZIRP,ZIRP,block_cv,vix_zscore,cover,0.0,vol
NOR_30Y,5,Block_ZIRP,ZIRP,block_cv,v2x_level,cover,100.0,vol
NOR_30Y,5,Block_ZIRP,ZIRP,block_cv,vxn_level,cover,27.0,vol
NOR_30Y,5,Block_ZIRP,ZIRP,block_cv,ovx_level,cover,10.0,vol
NOR_30Y,5,Block_ZIRP,ZIRP,block_cv,gvz_level,cover,527.3333129882812,vol
NOR_30Y,5,Block_ZIRP,ZIRP,block_cv,spx_mom_1m,cover,154.0,macro
NOR_30Y,5,Block_ZIRP,ZIRP,block_cv,spx_mom_3m,cover,167.0,macro
NOR_30Y,5,Block_ZIRP,ZIRP,block_cv,sx5e_mom_1m,cover,85.0,macro
NOR_30Y,5,Block_ZIRP,ZIRP,block_cv,sx5e_mom_3m,cover,9.0,macro
NOR_30Y,5,Block_ZIRP,ZIRP,block_cv,mxwo_mom_1m,cover,10.0,macro
NOR_30Y,5,Block_ZIRP,ZIRP,block_cv,ndx_mom_1m,cover,808.0,macro
NOR_30Y,5,Block_ZIRP,ZIRP,block_cv,oil_mom_1m,cover,582.0,macro
NOR_30Y,5,Block_ZIRP,ZIRP,block_cv,oil_mom_3m,cover,21.0,macro
NOR_30Y,5,Block_ZIRP,ZIRP,block_cv,copper_mom_1m,cover,51.5,macro
NOR_30Y,5,Block_ZIRP,ZIRP,block_cv,opec_prod,cover,1182.0,macro
NOR_30Y,5,Block_ZIRP,ZIRP,block_cv,natgas_mom_1m,cover,0.0,macro
NOR_30Y,5,Block_ZIRP,ZIRP,block_cv,be5y_level,cover,669.0,macro
NOR_30Y,5,Block_ZIRP,ZIRP,block_cv,be10y_level,cover,0.0,macro
NOR_30Y,5,Block_ZIRP,ZIRP,block_cv,be_slope,cover,0.0,macro
NOR_30Y,5,Block_ZIRP,ZIRP,block_cv,be5y_chg_1m,cover,0.0,macro
NOR_30Y,5,Block_ZIRP,ZIRP,block_cv,ig_spread,cover,0.0,credit
NOR_30Y,5,Block_ZIRP,ZIRP,block_cv,hy_spread,cover,0.0,credit
NOR_30Y,5,Block_ZIRP,ZIRP,block_cv,ig_chg_1m,cover,0.0,credit
NOR_30Y,5,Block_ZIRP,ZIRP,block_cv,hy_chg_1m,cover,0.0,credit
NOR_30Y,5,Block_ZIRP,ZIRP,block_cv,cpi_yoy,cover,0.0,macro
NOR_30Y,5,Block_ZIRP,ZIRP,block_cv,pce_core_chg,cover,885.5,macro
NOR_30Y,5,Block_ZIRP,ZIRP,block_cv,nfp_change,cover,0.0,macro
NOR_30Y,5,Block_ZIRP,ZIRP,block_cv,pmi_us,cover,0.0,macro
NOR_30Y,5,Block_ZIRP,ZIRP,block_cv,pmi_eur,cover,651.5,macro
NOR_30Y,5,Block_ZIRP,ZIRP,block_cv,unemp_eur,cover,0.0,macro
NOR_30Y,5,Block_ZIRP,ZIRP,block_cv,cpi_nsa_level,cover,0.0,macro
NOR_30Y,5,Block_ZIRP,ZIRP,block_cv,pce_core_level,cover,0.0,macro
NOR_30Y,5,Block_ZIRP,ZIRP,block_cv,eur_3m,cover,0.0,macro
NOR_30Y,5,Block_ZIRP,ZIRP,block_cv,eur_1w,cover,0.0,macro
NOR_30Y,5,Block_ZIRP,ZIRP,block_cv,nor_ibor_1m,cover,1535.0,norway
NOR_30Y,5,Block_ZIRP,ZIRP,block_cv,nor_ibor_6m,cover,462.0,norway
NOR_30Y,5,Block_ZIRP,ZIRP,block_cv,nor_ecb_dfr_chg,cover,0.0,norway
NOR_30Y,5,Block_ZIRP,ZIRP,block_cv,nor_ecb_dfr_level,cover,0.0,norway
NOR_30Y,5,Block_ZIRP,ZIRP,block_cv,nor_eurnok_chg_1d,cover,77.0,norway
NOR_30Y,5,Block_ZIRP,ZIRP,block_cv,nor_eurnok_level,cover,201.0,norway
NOR_30Y,5,Block_ZIRP,ZIRP,block_cv,nor_eurnok_mom_1m,cover,207.5,norway
NOR_30Y,5,Block_ZIRP,ZIRP,block_cv,nor_eurnok_mom_3m,cover,776.0,norway
NOR_30Y,5,Block_ZIRP,ZIRP,block_cv,nor_eurnok_rvol_20d,cover,724.75,norway
NOR_30Y,5,Block_ZIRP,ZIRP,block_cv,nor_govt_10y,cover,35.5,norway
NOR_30Y,5,Block_ZIRP,ZIRP,block_cv,nor_govt_3y,cover,0.0,norway
NOR_30Y,5,Block_ZIRP,ZIRP,block_cv,nor_govt_5y,cover,0.0,norway
NOR_30Y,5,Block_ZIRP,ZIRP,block_cv,nor_i44_chg_1d,cover,0.0,norway
NOR_30Y,5,Block_ZIRP,ZIRP,block_cv,nor_i44_level,cover,1499.0,norway
NOR_30Y,5,Block_ZIRP,ZIRP,block_cv,nor_i44_mom_1m,cover,1258.0,norway
NOR_30Y,5,Block_ZIRP,ZIRP,block_cv,nor_i44_mom_3m,cover,0.0,norway
NOR_30Y,5,Block_ZIRP,ZIRP,block_cv,nor_i44_rvol_20d,cover,1534.0,norway
NOR_30Y,5,Block_ZIRP,ZIRP,block_cv,nor_kpi_yoy,cover,1237.0,norway
NOR_30Y,5,Block_ZIRP,ZIRP,block_cv,nor_kpijae_yoy,cover,0.0,norway
NOR_30Y,5,Block_ZIRP,ZIRP,block_cv,nor_nibor_nowa_spread,cover,0.0,norway
NOR_30Y,5,Block_ZIRP,ZIRP,block_cv,nor_nowa_level,cover,296.0,norway
NOR_30Y,5,Block_ZIRP,ZIRP,block_cv,nor_polrate_chg_1d,cover,0.0,norway
NOR_30Y,5,Block_ZIRP,ZIRP,block_cv,nor_polrate_days_since_chg,cover,80.0,norway
NOR_30Y,5,Block_ZIRP,ZIRP,block_cv,nor_polrate_level,cover,0.0,norway
NOR_30Y,5,Block_ZIRP,ZIRP,block_cv,nor_rb_rate_chg,cover,0.0,norway
NOR_30Y,5,Block_ZIRP,ZIRP,block_cv,nor_rb_rate_level,cover,0.0,norway
NOR_30Y,5,Block_ZIRP,ZIRP,block_cv,nor_unemp,cover,0.0,norway
NOR_30Y,5,Block_ZIRP,ZIRP,block_cv,nor_usdnok_chg_1d,cover,8.0,norway
NOR_30Y,5,Block_ZIRP,ZIRP,block_cv,nor_usdnok_level,cover,1474.0,norway
NOR_30Y,5,Block_ZIRP,ZIRP,block_cv,nor_usdnok_mom_1m,cover,1577.0,norway
NOR_30Y,5,Block_ZIRP,ZIRP,block_cv,nor_usdnok_mom_3m,cover,25.0,norway
NOR_30Y,5,Block_ZIRP,ZIRP,block_cv,nor_usdnok_rvol_20d,cover,39.0,norway
NOR_30Y,5,Block_ZIRP,ZIRP,block_cv,swap_govt_spread,cover,0.0,norway
NOR_30Y,5,Block_ZIRP,ZIRP,block_cv,xmpca_01,cover,0.0,cross_market
NOR_30Y,5,Block_ZIRP,ZIRP,block_cv,xmpca_02,cover,17.5,cross_market
NOR_30Y,5,Block_ZIRP,ZIRP,block_cv,xmpca_03,cover,1503.0,cross_market
NOR_30Y,5,Block_ZIRP,ZIRP,block_cv,xmpca_04,cover,19.0,cross_market
NOR_30Y,5,Block_ZIRP,ZIRP,block_cv,xmpca_05,cover,0.0,cross_market
NOR_30Y,5,Block_ZIRP,ZIRP,block_cv,xmpca_06,cover,544.0,cross_market
NOR_30Y,5,Block_ZIRP,ZIRP,block_cv,xmpca_07,cover,0.0,cross_market
NOR_30Y,5,Block_ZIRP,ZIRP,block_cv,xmpca_08,cover,44.33333206176758,cross_market
NOR_30Y,5,Block_ZIRP,ZIRP,block_cv,xmpca_09,cover,40.5,cross_market
NOR_30Y,5,Block_ZIRP,ZIRP,block_cv,xmpca_10,cover,661.0,cross_market
NOR_30Y,5,Block_ZIRP,ZIRP,block_cv,xmpca_11,cover,7.0,cross_market
NOR_30Y,5,Block_ZIRP,ZIRP,block_cv,xmpca_12,cover,11.0,cross_market
NOR_30Y,5,Block_ZIRP,ZIRP,block_cv,chg_lag1,total_gain,0.42343670129776,momentum
NOR_30Y,5,Block_ZIRP,ZIRP,block_cv,chg_lag2,total_gain,0.21114104986190796,momentum
NOR_30Y,5,Block_ZIRP,ZIRP,block_cv,chg_lag3,total_gain,0.0,momentum
NOR_30Y,5,Block_ZIRP,ZIRP,block_cv,chg_lag4,total_gain,0.0,momentum
NOR_30Y,5,Block_ZIRP,ZIRP,block_cv,chg_lag5,total_gain,0.005526319146156311,momentum
NOR_30Y,5,Block_ZIRP,ZIRP,block_cv,carry_roll,total_gain,0.1321653127670288,carry_roll
NOR_30Y,5,Block_ZIRP,ZIRP,block_cv,mom_63d,total_gain,0.019215207546949387,momentum
NOR_30Y,5,Block_ZIRP,ZIRP,block_cv,mom_1m,total_gain,0.10711447894573212,momentum
NOR_30Y,5,Block_ZIRP,ZIRP,block_cv,mom_3m,total_gain,0.07912170886993408,momentum
NOR_30Y,5,Block_ZIRP,ZIRP,block_cv,mom_6m,total_gain,0.1447807103395462,momentum
NOR_30Y,5,Block_ZIRP,ZIRP,block_cv,mom_12m,total_gain,0.07041334360837936,momentum
NOR_30Y,5,Block_ZIRP,ZIRP,block_cv,dev_ma_3m,total_gain,0.3387864828109741,curve
NOR_30Y,5,Block_ZIRP,ZIRP,block_cv,dev_ma_12m,total_gain,0.530363142490387,curve
NOR_30Y,5,Block_ZIRP,ZIRP,block_cv,vol_20d,total_gain,0.39338070154190063,vol
NOR_30Y,5,Block_ZIRP,ZIRP,block_cv,vol_regime,total_gain,0.0,vol
NOR_30Y,5,Block_ZIRP,ZIRP,block_cv,vol_zscore,total_gain,0.25720900297164917,vol
NOR_30Y,5,Block_ZIRP,ZIRP,block_cv,level_zscore,total_gain,0.00859019160270691,curve
NOR_30Y,5,Block_ZIRP,ZIRP,block_cv,slope_10_1,total_gain,0.403647780418396,curve
NOR_30Y,5,Block_ZIRP,ZIRP,block_cv,slope_10_5,total_gain,0.0,curve
NOR_30Y,5,Block_ZIRP,ZIRP,block_cv,slope_5_1,total_gain,0.017820237204432487,curve
NOR_30Y,5,Block_ZIRP,ZIRP,block_cv,sofr_mom_1m,total_gain,0.8681797385215759,macro
NOR_30Y,5,Block_ZIRP,ZIRP,block_cv,ibor_level,total_gain,0.0,macro
NOR_30Y,5,Block_ZIRP,ZIRP,block_cv,ibor_chg_1d,total_gain,0.3440307080745697,macro
NOR_30Y,5,Block_ZIRP,ZIRP,block_cv,ibor_mom_1m,total_gain,1.0886086225509644,macro
NOR_30Y,5,Block_ZIRP,ZIRP,block_cv,ibor_term_slope,total_gain,0.26258447766304016,macro
NOR_30Y,5,Block_ZIRP,ZIRP,block_cv,swap_ibor_basis,total_gain,0.1398087441921234,curve
NOR_30Y,5,Block_ZIRP,ZIRP,block_cv,move_level,total_gain,0.0,vol
NOR_30Y,5,Block_ZIRP,ZIRP,block_cv,move_zscore,total_gain,0.1324055790901184,vol
NOR_30Y,5,Block_ZIRP,ZIRP,block_cv,vix_level,total_gain,0.0,vol
NOR_30Y,5,Block_ZIRP,ZIRP,block_cv,vix_zscore,total_gain,0.0,vol
NOR_30Y,5,Block_ZIRP,ZIRP,block_cv,v2x_level,total_gain,0.08137521147727966,vol
NOR_30Y,5,Block_ZIRP,ZIRP,block_cv,vxn_level,total_gain,0.03005095012485981,vol
NOR_30Y,5,Block_ZIRP,ZIRP,block_cv,ovx_level,total_gain,0.11583453416824341,vol
NOR_30Y,5,Block_ZIRP,ZIRP,block_cv,gvz_level,total_gain,0.1667763739824295,vol
NOR_30Y,5,Block_ZIRP,ZIRP,block_cv,spx_mom_1m,total_gain,0.05571160465478897,macro
NOR_30Y,5,Block_ZIRP,ZIRP,block_cv,spx_mom_3m,total_gain,0.0881986916065216,macro
NOR_30Y,5,Block_ZIRP,ZIRP,block_cv,sx5e_mom_1m,total_gain,0.0760185644030571,macro
NOR_30Y,5,Block_ZIRP,ZIRP,block_cv,sx5e_mom_3m,total_gain,0.026820648461580276,macro
NOR_30Y,5,Block_ZIRP,ZIRP,block_cv,mxwo_mom_1m,total_gain,0.019218474626541138,macro
NOR_30Y,5,Block_ZIRP,ZIRP,block_cv,ndx_mom_1m,total_gain,0.14829106628894806,macro
NOR_30Y,5,Block_ZIRP,ZIRP,block_cv,oil_mom_1m,total_gain,0.2588513493537903,macro
NOR_30Y,5,Block_ZIRP,ZIRP,block_cv,oil_mom_3m,total_gain,0.053645409643650055,macro
NOR_30Y,5,Block_ZIRP,ZIRP,block_cv,copper_mom_1m,total_gain,0.13936935365200043,macro
NOR_30Y,5,Block_ZIRP,ZIRP,block_cv,opec_prod,total_gain,0.06713805347681046,macro
NOR_30Y,5,Block_ZIRP,ZIRP,block_cv,natgas_mom_1m,total_gain,0.0,macro
NOR_30Y,5,Block_ZIRP,ZIRP,block_cv,be5y_level,total_gain,0.13454106450080872,macro
NOR_30Y,5,Block_ZIRP,ZIRP,block_cv,be10y_level,total_gain,0.0,macro
NOR_30Y,5,Block_ZIRP,ZIRP,block_cv,be_slope,total_gain,0.0,macro
NOR_30Y,5,Block_ZIRP,ZIRP,block_cv,be5y_chg_1m,total_gain,0.0,macro
NOR_30Y,5,Block_ZIRP,ZIRP,block_cv,ig_spread,total_gain,0.0,credit
NOR_30Y,5,Block_ZIRP,ZIRP,block_cv,hy_spread,total_gain,0.0,credit
NOR_30Y,5,Block_ZIRP,ZIRP,block_cv,ig_chg_1m,total_gain,0.0,credit
NOR_30Y,5,Block_ZIRP,ZIRP,block_cv,hy_chg_1m,total_gain,0.0,credit
NOR_30Y,5,Block_ZIRP,ZIRP,block_cv,cpi_yoy,total_gain,0.0,macro
NOR_30Y,5,Block_ZIRP,ZIRP,block_cv,pce_core_chg,total_gain,0.1417439877986908,macro
NOR_30Y,5,Block_ZIRP,ZIRP,block_cv,nfp_change,total_gain,0.0,macro
NOR_30Y,5,Block_ZIRP,ZIRP,block_cv,pmi_us,total_gain,0.0,macro
NOR_30Y,5,Block_ZIRP,ZIRP,block_cv,pmi_eur,total_gain,0.10809998959302902,macro
NOR_30Y,5,Block_ZIRP,ZIRP,block_cv,unemp_eur,total_gain,0.0,macro
NOR_30Y,5,Block_ZIRP,ZIRP,block_cv,cpi_nsa_level,total_gain,0.0,macro
NOR_30Y,5,Block_ZIRP,ZIRP,block_cv,pce_core_level,total_gain,0.0,macro
NOR_30Y,5,Block_ZIRP,ZIRP,block_cv,eur_3m,total_gain,0.0,macro
NOR_30Y,5,Block_ZIRP,ZIRP,block_cv,eur_1w,total_gain,0.0,macro
NOR_30Y,5,Block_ZIRP,ZIRP,block_cv,nor_ibor_1m,total_gain,0.13205532729625702,norway
NOR_30Y,5,Block_ZIRP,ZIRP,block_cv,nor_ibor_6m,total_gain,0.18544363975524902,norway
NOR_30Y,5,Block_ZIRP,ZIRP,block_cv,nor_ecb_dfr_chg,total_gain,0.0,norway
NOR_30Y,5,Block_ZIRP,ZIRP,block_cv,nor_ecb_dfr_level,total_gain,0.0,norway
NOR_30Y,5,Block_ZIRP,ZIRP,block_cv,nor_eurnok_chg_1d,total_gain,0.15412335097789764,norway
NOR_30Y,5,Block_ZIRP,ZIRP,block_cv,nor_eurnok_level,total_gain,0.10241571068763733,norway
NOR_30Y,5,Block_ZIRP,ZIRP,block_cv,nor_eurnok_mom_1m,total_gain,0.1680978238582611,norway
NOR_30Y,5,Block_ZIRP,ZIRP,block_cv,nor_eurnok_mom_3m,total_gain,0.13633692264556885,norway
NOR_30Y,5,Block_ZIRP,ZIRP,block_cv,nor_eurnok_rvol_20d,total_gain,0.2846565544605255,norway
NOR_30Y,5,Block_ZIRP,ZIRP,block_cv,nor_govt_10y,total_gain,0.08757733553647995,norway
NOR_30Y,5,Block_ZIRP,ZIRP,block_cv,nor_govt_3y,total_gain,0.0,norway
NOR_30Y,5,Block_ZIRP,ZIRP,block_cv,nor_govt_5y,total_gain,0.0,norway
NOR_30Y,5,Block_ZIRP,ZIRP,block_cv,nor_i44_chg_1d,total_gain,0.0,norway
NOR_30Y,5,Block_ZIRP,ZIRP,block_cv,nor_i44_level,total_gain,0.09150896966457367,norway
NOR_30Y,5,Block_ZIRP,ZIRP,block_cv,nor_i44_mom_1m,total_gain,0.12995554506778717,norway
NOR_30Y,5,Block_ZIRP,ZIRP,block_cv,nor_i44_mom_3m,total_gain,0.0,norway
NOR_30Y,5,Block_ZIRP,ZIRP,block_cv,nor_i44_rvol_20d,total_gain,0.06856701523065567,norway
NOR_30Y,5,Block_ZIRP,ZIRP,block_cv,nor_kpi_yoy,total_gain,0.43250685930252075,norway
NOR_30Y,5,Block_ZIRP,ZIRP,block_cv,nor_kpijae_yoy,total_gain,0.0,norway
NOR_30Y,5,Block_ZIRP,ZIRP,block_cv,nor_nibor_nowa_spread,total_gain,0.0,norway
NOR_30Y,5,Block_ZIRP,ZIRP,block_cv,nor_nowa_level,total_gain,0.09837910532951355,norway
NOR_30Y,5,Block_ZIRP,ZIRP,block_cv,nor_polrate_chg_1d,total_gain,0.0,norway
NOR_30Y,5,Block_ZIRP,ZIRP,block_cv,nor_polrate_days_since_chg,total_gain,0.07888025045394897,norway
NOR_30Y,5,Block_ZIRP,ZIRP,block_cv,nor_polrate_level,total_gain,0.0,norway
NOR_30Y,5,Block_ZIRP,ZIRP,block_cv,nor_rb_rate_chg,total_gain,0.0,norway
NOR_30Y,5,Block_ZIRP,ZIRP,block_cv,nor_rb_rate_level,total_gain,0.0,norway
NOR_30Y,5,Block_ZIRP,ZIRP,block_cv,nor_unemp,total_gain,0.0,norway
NOR_30Y,5,Block_ZIRP,ZIRP,block_cv,nor_usdnok_chg_1d,total_gain,0.019407115876674652,norway
NOR_30Y,5,Block_ZIRP,ZIRP,block_cv,nor_usdnok_level,total_gain,0.2038078010082245,norway
NOR_30Y,5,Block_ZIRP,ZIRP,block_cv,nor_usdnok_mom_1m,total_gain,0.10232394188642502,norway
NOR_30Y,5,Block_ZIRP,ZIRP,block_cv,nor_usdnok_mom_3m,total_gain,0.07444508373737335,norway
NOR_30Y,5,Block_ZIRP,ZIRP,block_cv,nor_usdnok_rvol_20d,total_gain,0.031169405207037926,norway
NOR_30Y,5,Block_ZIRP,ZIRP,block_cv,swap_govt_spread,total_gain,0.0,norway
NOR_30Y,5,Block_ZIRP,ZIRP,block_cv,xmpca_01,total_gain,0.0,cross_market
NOR_30Y,5,Block_ZIRP,ZIRP,block_cv,xmpca_02,total_gain,0.0595400333404541,cross_market
NOR_30Y,5,Block_ZIRP,ZIRP,block_cv,xmpca_03,total_gain,0.0947699099779129,cross_market
NOR_30Y,5,Block_ZIRP,ZIRP,block_cv,xmpca_04,total_gain,0.060347720980644226,cross_market
NOR_30Y,5,Block_ZIRP,ZIRP,block_cv,xmpca_05,total_gain,0.0,cross_market
NOR_30Y,5,Block_ZIRP,ZIRP,block_cv,xmpca_06,total_gain,0.08435606211423874,cross_market
NOR_30Y,5,Block_ZIRP,ZIRP,block_cv,xmpca_07,total_gain,0.0,cross_market
NOR_30Y,5,Block_ZIRP,ZIRP,block_cv,xmpca_08,total_gain,0.1520688533782959,cross_market
NOR_30Y,5,Block_ZIRP,ZIRP,block_cv,xmpca_09,total_gain,0.20895764231681824,cross_market
NOR_30Y,5,Block_ZIRP,ZIRP,block_cv,xmpca_10,total_gain,0.11481569707393646,cross_market
NOR_30Y,5,Block_ZIRP,ZIRP,block_cv,xmpca_11,total_gain,0.0035509876906871796,cross_market
NOR_30Y,5,Block_ZIRP,ZIRP,block_cv,xmpca_12,total_gain,0.00824398547410965,cross_market
NOR_30Y,5,Block_ZIRP,ZIRP,block_cv,chg_lag1,total_cover,236.0,momentum
NOR_30Y,5,Block_ZIRP,ZIRP,block_cv,chg_lag2,total_cover,65.0,momentum
NOR_30Y,5,Block_ZIRP,ZIRP,block_cv,chg_lag3,total_cover,0.0,momentum
NOR_30Y,5,Block_ZIRP,ZIRP,block_cv,chg_lag4,total_cover,0.0,momentum
NOR_30Y,5,Block_ZIRP,ZIRP,block_cv,chg_lag5,total_cover,4.0,momentum
NOR_30Y,5,Block_ZIRP,ZIRP,block_cv,carry_roll,total_cover,231.0,carry_roll
NOR_30Y,5,Block_ZIRP,ZIRP,block_cv,mom_63d,total_cover,15.0,momentum
NOR_30Y,5,Block_ZIRP,ZIRP,block_cv,mom_1m,total_cover,38.0,momentum
NOR_30Y,5,Block_ZIRP,ZIRP,block_cv,mom_3m,total_cover,75.0,momentum
NOR_30Y,5,Block_ZIRP,ZIRP,block_cv,mom_6m,total_cover,107.0,momentum
NOR_30Y,5,Block_ZIRP,ZIRP,block_cv,mom_12m,total_cover,201.0,momentum
NOR_30Y,5,Block_ZIRP,ZIRP,block_cv,dev_ma_3m,total_cover,3445.0,curve
NOR_30Y,5,Block_ZIRP,ZIRP,block_cv,dev_ma_12m,total_cover,3125.0,curve
NOR_30Y,5,Block_ZIRP,ZIRP,block_cv,vol_20d,total_cover,3514.0,vol
NOR_30Y,5,Block_ZIRP,ZIRP,block_cv,vol_regime,total_cover,0.0,vol
NOR_30Y,5,Block_ZIRP,ZIRP,block_cv,vol_zscore,total_cover,61.0,vol
NOR_30Y,5,Block_ZIRP,ZIRP,block_cv,level_zscore,total_cover,7.0,curve
NOR_30Y,5,Block_ZIRP,ZIRP,block_cv,slope_10_1,total_cover,2142.0,curve
NOR_30Y,5,Block_ZIRP,ZIRP,block_cv,slope_10_5,total_cover,0.0,curve
NOR_30Y,5,Block_ZIRP,ZIRP,block_cv,slope_5_1,total_cover,14.0,curve
NOR_30Y,5,Block_ZIRP,ZIRP,block_cv,sofr_mom_1m,total_cover,10685.0,macro
NOR_30Y,5,Block_ZIRP,ZIRP,block_cv,ibor_level,total_cover,0.0,macro
NOR_30Y,5,Block_ZIRP,ZIRP,block_cv,ibor_chg_1d,total_cover,3123.0,macro
NOR_30Y,5,Block_ZIRP,ZIRP,block_cv,ibor_mom_1m,total_cover,10310.0,macro
NOR_30Y,5,Block_ZIRP,ZIRP,block_cv,ibor_term_slope,total_cover,2669.0,macro
NOR_30Y,5,Block_ZIRP,ZIRP,block_cv,swap_ibor_basis,total_cover,175.0,curve
NOR_30Y,5,Block_ZIRP,ZIRP,block_cv,move_level,total_cover,0.0,vol
NOR_30Y,5,Block_ZIRP,ZIRP,block_cv,move_zscore,total_cover,230.0,vol
NOR_30Y,5,Block_ZIRP,ZIRP,block_cv,vix_level,total_cover,0.0,vol
NOR_30Y,5,Block_ZIRP,ZIRP,block_cv,vix_zscore,total_cover,0.0,vol
NOR_30Y,5,Block_ZIRP,ZIRP,block_cv,v2x_level,total_cover,100.0,vol
NOR_30Y,5,Block_ZIRP,ZIRP,block_cv,vxn_level,total_cover,27.0,vol
NOR_30Y,5,Block_ZIRP,ZIRP,block_cv,ovx_level,total_cover,10.0,vol
NOR_30Y,5,Block_ZIRP,ZIRP,block_cv,gvz_level,total_cover,1582.0,vol
NOR_30Y,5,Block_ZIRP,ZIRP,block_cv,spx_mom_1m,total_cover,154.0,macro
NOR_30Y,5,Block_ZIRP,ZIRP,block_cv,spx_mom_3m,total_cover,167.0,macro
NOR_30Y,5,Block_ZIRP,ZIRP,block_cv,sx5e_mom_1m,total_cover,170.0,macro
NOR_30Y,5,Block_ZIRP,ZIRP,block_cv,sx5e_mom_3m,total_cover,18.0,macro
NOR_30Y,5,Block_ZIRP,ZIRP,block_cv,mxwo_mom_1m,total_cover,10.0,macro
NOR_30Y,5,Block_ZIRP,ZIRP,block_cv,ndx_mom_1m,total_cover,1616.0,macro
NOR_30Y,5,Block_ZIRP,ZIRP,block_cv,oil_mom_1m,total_cover,1746.0,macro
NOR_30Y,5,Block_ZIRP,ZIRP,block_cv,oil_mom_3m,total_cover,21.0,macro
NOR_30Y,5,Block_ZIRP,ZIRP,block_cv,copper_mom_1m,total_cover,103.0,macro
NOR_30Y,5,Block_ZIRP,ZIRP,block_cv,opec_prod,total_cover,1182.0,macro
NOR_30Y,5,Block_ZIRP,ZIRP,block_cv,natgas_mom_1m,total_cover,0.0,macro
NOR_30Y,5,Block_ZIRP,ZIRP,block_cv,be5y_level,total_cover,1338.0,macro
NOR_30Y,5,Block_ZIRP,ZIRP,block_cv,be10y_level,total_cover,0.0,macro
NOR_30Y,5,Block_ZIRP,ZIRP,block_cv,be_slope,total_cover,0.0,macro
NOR_30Y,5,Block_ZIRP,ZIRP,block_cv,be5y_chg_1m,total_cover,0.0,macro
NOR_30Y,5,Block_ZIRP,ZIRP,block_cv,ig_spread,total_cover,0.0,credit
NOR_30Y,5,Block_ZIRP,ZIRP,block_cv,hy_spread,total_cover,0.0,credit
NOR_30Y,5,Block_ZIRP,ZIRP,block_cv,ig_chg_1m,total_cover,0.0,credit
NOR_30Y,5,Block_ZIRP,ZIRP,block_cv,hy_chg_1m,total_cover,0.0,credit
NOR_30Y,5,Block_ZIRP,ZIRP,block_cv,cpi_yoy,total_cover,0.0,macro
NOR_30Y,5,Block_ZIRP,ZIRP,block_cv,pce_core_chg,total_cover,1771.0,macro
NOR_30Y,5,Block_ZIRP,ZIRP,block_cv,nfp_change,total_cover,0.0,macro
NOR_30Y,5,Block_ZIRP,ZIRP,block_cv,pmi_us,total_cover,0.0,macro
NOR_30Y,5,Block_ZIRP,ZIRP,block_cv,pmi_eur,total_cover,1303.0,macro
NOR_30Y,5,Block_ZIRP,ZIRP,block_cv,unemp_eur,total_cover,0.0,macro
NOR_30Y,5,Block_ZIRP,ZIRP,block_cv,cpi_nsa_level,total_cover,0.0,macro
NOR_30Y,5,Block_ZIRP,ZIRP,block_cv,pce_core_level,total_cover,0.0,macro
NOR_30Y,5,Block_ZIRP,ZIRP,block_cv,eur_3m,total_cover,0.0,macro
NOR_30Y,5,Block_ZIRP,ZIRP,block_cv,eur_1w,total_cover,0.0,macro
NOR_30Y,5,Block_ZIRP,ZIRP,block_cv,nor_ibor_1m,total_cover,1535.0,norway
NOR_30Y,5,Block_ZIRP,ZIRP,block_cv,nor_ibor_6m,total_cover,924.0,norway
NOR_30Y,5,Block_ZIRP,ZIRP,block_cv,nor_ecb_dfr_chg,total_cover,0.0,norway
NOR_30Y,5,Block_ZIRP,ZIRP,block_cv,nor_ecb_dfr_level,total_cover,0.0,norway
NOR_30Y,5,Block_ZIRP,ZIRP,block_cv,nor_eurnok_chg_1d,total_cover,231.0,norway
NOR_30Y,5,Block_ZIRP,ZIRP,block_cv,nor_eurnok_level,total_cover,201.0,norway
NOR_30Y,5,Block_ZIRP,ZIRP,block_cv,nor_eurnok_mom_1m,total_cover,415.0,norway
NOR_30Y,5,Block_ZIRP,ZIRP,block_cv,nor_eurnok_mom_3m,total_cover,1552.0,norway
NOR_30Y,5,Block_ZIRP,ZIRP,block_cv,nor_eurnok_rvol_20d,total_cover,2899.0,norway
NOR_30Y,5,Block_ZIRP,ZIRP,block_cv,nor_govt_10y,total_cover,71.0,norway
NOR_30Y,5,Block_ZIRP,ZIRP,block_cv,nor_govt_3y,total_cover,0.0,norway
NOR_30Y,5,Block_ZIRP,ZIRP,block_cv,nor_govt_5y,total_cover,0.0,norway
NOR_30Y,5,Block_ZIRP,ZIRP,block_cv,nor_i44_chg_1d,total_cover,0.0,norway
NOR_30Y,5,Block_ZIRP,ZIRP,block_cv,nor_i44_level,total_cover,1499.0,norway
NOR_30Y,5,Block_ZIRP,ZIRP,block_cv,nor_i44_mom_1m,total_cover,1258.0,norway
NOR_30Y,5,Block_ZIRP,ZIRP,block_cv,nor_i44_mom_3m,total_cover,0.0,norway
NOR_30Y,5,Block_ZIRP,ZIRP,block_cv,nor_i44_rvol_20d,total_cover,1534.0,norway
NOR_30Y,5,Block_ZIRP,ZIRP,block_cv,nor_kpi_yoy,total_cover,4948.0,norway
NOR_30Y,5,Block_ZIRP,ZIRP,block_cv,nor_kpijae_yoy,total_cover,0.0,norway
NOR_30Y,5,Block_ZIRP,ZIRP,block_cv,nor_nibor_nowa_spread,total_cover,0.0,norway
NOR_30Y,5,Block_ZIRP,ZIRP,block_cv,nor_nowa_level,total_cover,296.0,norway
NOR_30Y,5,Block_ZIRP,ZIRP,block_cv,nor_polrate_chg_1d,total_cover,0.0,norway
NOR_30Y,5,Block_ZIRP,ZIRP,block_cv,nor_polrate_days_since_chg,total_cover,160.0,norway
NOR_30Y,5,Block_ZIRP,ZIRP,block_cv,nor_polrate_level,total_cover,0.0,norway
NOR_30Y,5,Block_ZIRP,ZIRP,block_cv,nor_rb_rate_chg,total_cover,0.0,norway
NOR_30Y,5,Block_ZIRP,ZIRP,block_cv,nor_rb_rate_level,total_cover,0.0,norway
NOR_30Y,5,Block_ZIRP,ZIRP,block_cv,nor_unemp,total_cover,0.0,norway
NOR_30Y,5,Block_ZIRP,ZIRP,block_cv,nor_usdnok_chg_1d,total_cover,16.0,norway
NOR_30Y,5,Block_ZIRP,ZIRP,block_cv,nor_usdnok_level,total_cover,2948.0,norway
NOR_30Y,5,Block_ZIRP,ZIRP,block_cv,nor_usdnok_mom_1m,total_cover,1577.0,norway
NOR_30Y,5,Block_ZIRP,ZIRP,block_cv,nor_usdnok_mom_3m,total_cover,25.0,norway
NOR_30Y,5,Block_ZIRP,ZIRP,block_cv,nor_usdnok_rvol_20d,total_cover,39.0,norway
NOR_30Y,5,Block_ZIRP,ZIRP,block_cv,swap_govt_spread,total_cover,0.0,norway
NOR_30Y,5,Block_ZIRP,ZIRP,block_cv,xmpca_01,total_cover,0.0,cross_market
NOR_30Y,5,Block_ZIRP,ZIRP,block_cv,xmpca_02,total_cover,35.0,cross_market
NOR_30Y,5,Block_ZIRP,ZIRP,block_cv,xmpca_03,total_cover,1503.0,cross_market
NOR_30Y,5,Block_ZIRP,ZIRP,block_cv,xmpca_04,total_cover,38.0,cross_market
NOR_30Y,5,Block_ZIRP,ZIRP,block_cv,xmpca_05,total_cover,0.0,cross_market
NOR_30Y,5,Block_ZIRP,ZIRP,block_cv,xmpca_06,total_cover,544.0,cross_market
NOR_30Y,5,Block_ZIRP,ZIRP,block_cv,xmpca_07,total_cover,0.0,cross_market
NOR_30Y,5,Block_ZIRP,ZIRP,block_cv,xmpca_08,total_cover,133.0,cross_market
NOR_30Y,5,Block_ZIRP,ZIRP,block_cv,xmpca_09,total_cover,162.0,cross_market
NOR_30Y,5,Block_ZIRP,ZIRP,block_cv,xmpca_10,total_cover,1322.0,cross_market
NOR_30Y,5,Block_ZIRP,ZIRP,block_cv,xmpca_11,total_cover,7.0,cross_market
NOR_30Y,5,Block_ZIRP,ZIRP,block_cv,xmpca_12,total_cover,11.0,cross_market
NOR_30Y,5,Block_ZIRP,ZIRP,block_cv,chg_lag1,shap_mean_abs,0.00011582867591641843,momentum
NOR_30Y,5,Block_ZIRP,ZIRP,block_cv,chg_lag2,shap_mean_abs,6.54958130326122e-05,momentum
NOR_30Y,5,Block_ZIRP,ZIRP,block_cv,chg_lag3,shap_mean_abs,0.0,momentum
NOR_30Y,5,Block_ZIRP,ZIRP,block_cv,chg_lag4,shap_mean_abs,0.0,momentum
NOR_30Y,5,Block_ZIRP,ZIRP,block_cv,chg_lag5,shap_mean_abs,2.4730873064982006e-06,momentum
NOR_30Y,5,Block_ZIRP,ZIRP,block_cv,carry_roll,shap_mean_abs,0.00039471464697271585,carry_roll
NOR_30Y,5,Block_ZIRP,ZIRP,block_cv,mom_63d,shap_mean_abs,3.683781324070878e-05,momentum
NOR_30Y,5,Block_ZIRP,ZIRP,block_cv,mom_1m,shap_mean_abs,0.00019409663218539208,momentum
NOR_30Y,5,Block_ZIRP,ZIRP,block_cv,mom_3m,shap_mean_abs,4.1743682231754065e-05,momentum
NOR_30Y,5,Block_ZIRP,ZIRP,block_cv,mom_6m,shap_mean_abs,0.0001293871900998056,momentum
NOR_30Y,5,Block_ZIRP,ZIRP,block_cv,mom_12m,shap_mean_abs,2.2249278117669746e-05,momentum
NOR_30Y,5,Block_ZIRP,ZIRP,block_cv,dev_ma_3m,shap_mean_abs,0.0006109100067988038,curve
NOR_30Y,5,Block_ZIRP,ZIRP,block_cv,dev_ma_12m,shap_mean_abs,0.0002784878306556493,curve
NOR_30Y,5,Block_ZIRP,ZIRP,block_cv,vol_20d,shap_mean_abs,0.0006035445840097964,vol
NOR_30Y,5,Block_ZIRP,ZIRP,block_cv,vol_regime,shap_mean_abs,0.0,vol
NOR_30Y,5,Block_ZIRP,ZIRP,block_cv,vol_zscore,shap_mean_abs,0.00013995989866089076,vol
NOR_30Y,5,Block_ZIRP,ZIRP,block_cv,level_zscore,shap_mean_abs,1.0062656656373292e-05,curve
NOR_30Y,5,Block_ZIRP,ZIRP,block_cv,slope_10_1,shap_mean_abs,0.00047975993948057294,curve
NOR_30Y,5,Block_ZIRP,ZIRP,block_cv,slope_10_5,shap_mean_abs,0.0,curve
NOR_30Y,5,Block_ZIRP,ZIRP,block_cv,slope_5_1,shap_mean_abs,2.3875421902630478e-05,curve
NOR_30Y,5,Block_ZIRP,ZIRP,block_cv,sofr_mom_1m,shap_mean_abs,0.0018966523930430412,macro
NOR_30Y,5,Block_ZIRP,ZIRP,block_cv,ibor_level,shap_mean_abs,0.0,macro
NOR_30Y,5,Block_ZIRP,ZIRP,block_cv,ibor_chg_1d,shap_mean_abs,0.00015578503371216357,macro
NOR_30Y,5,Block_ZIRP,ZIRP,block_cv,ibor_mom_1m,shap_mean_abs,0.0010193599155172706,macro
NOR_30Y,5,Block_ZIRP,ZIRP,block_cv,ibor_term_slope,shap_mean_abs,0.00010049740376416594,macro
NOR_30Y,5,Block_ZIRP,ZIRP,block_cv,swap_ibor_basis,shap_mean_abs,0.00017074274364858866,curve
NOR_30Y,5,Block_ZIRP,ZIRP,block_cv,move_level,shap_mean_abs,0.0,vol
NOR_30Y,5,Block_ZIRP,ZIRP,block_cv,move_zscore,shap_mean_abs,0.00010621382534736767,vol
NOR_30Y,5,Block_ZIRP,ZIRP,block_cv,vix_level,shap_mean_abs,0.0,vol
NOR_30Y,5,Block_ZIRP,ZIRP,block_cv,vix_zscore,shap_mean_abs,0.0,vol
NOR_30Y,5,Block_ZIRP,ZIRP,block_cv,v2x_level,shap_mean_abs,0.00037786501343362033,vol
NOR_30Y,5,Block_ZIRP,ZIRP,block_cv,vxn_level,shap_mean_abs,1.8540898963692598e-05,vol
NOR_30Y,5,Block_ZIRP,ZIRP,block_cv,ovx_level,shap_mean_abs,1.792271177691873e-05,vol
NOR_30Y,5,Block_ZIRP,ZIRP,block_cv,gvz_level,shap_mean_abs,0.00027118370053358376,vol
NOR_30Y,5,Block_ZIRP,ZIRP,block_cv,spx_mom_1m,shap_mean_abs,5.1079441618639976e-05,macro
NOR_30Y,5,Block_ZIRP,ZIRP,block_cv,spx_mom_3m,shap_mean_abs,4.904783781967126e-05,macro
NOR_30Y,5,Block_ZIRP,ZIRP,block_cv,sx5e_mom_1m,shap_mean_abs,0.00016421523469034582,macro
NOR_30Y,5,Block_ZIRP,ZIRP,block_cv,sx5e_mom_3m,shap_mean_abs,1.0820032002811786e-05,macro
NOR_30Y,5,Block_ZIRP,ZIRP,block_cv,mxwo_mom_1m,shap_mean_abs,1.8528437067288905e-05,macro
NOR_30Y,5,Block_ZIRP,ZIRP,block_cv,ndx_mom_1m,shap_mean_abs,0.00018287182319909334,macro
NOR_30Y,5,Block_ZIRP,ZIRP,block_cv,oil_mom_1m,shap_mean_abs,0.00019723661534953862,macro
NOR_30Y,5,Block_ZIRP,ZIRP,block_cv,oil_mom_3m,shap_mean_abs,6.868745549581945e-05,macro
NOR_30Y,5,Block_ZIRP,ZIRP,block_cv,copper_mom_1m,shap_mean_abs,0.00019942325889132917,macro
NOR_30Y,5,Block_ZIRP,ZIRP,block_cv,opec_prod,shap_mean_abs,0.0006578926695510745,macro
NOR_30Y,5,Block_ZIRP,ZIRP,block_cv,natgas_mom_1m,shap_mean_abs,0.0,macro
NOR_30Y,5,Block_ZIRP,ZIRP,block_cv,be5y_level,shap_mean_abs,0.00022197706857696176,macro
NOR_30Y,5,Block_ZIRP,ZIRP,block_cv,be10y_level,shap_mean_abs,0.0,macro
NOR_30Y,5,Block_ZIRP,ZIRP,block_cv,be_slope,shap_mean_abs,0.0,macro
NOR_30Y,5,Block_ZIRP,ZIRP,block_cv,be5y_chg_1m,shap_mean_abs,0.0,macro
NOR_30Y,5,Block_ZIRP,ZIRP,block_cv,ig_spread,shap_mean_abs,0.0,credit
NOR_30Y,5,Block_ZIRP,ZIRP,block_cv,hy_spread,shap_mean_abs,0.0,credit
NOR_30Y,5,Block_ZIRP,ZIRP,block_cv,ig_chg_1m,shap_mean_abs,0.0,credit
NOR_30Y,5,Block_ZIRP,ZIRP,block_cv,hy_chg_1m,shap_mean_abs,0.0,credit
NOR_30Y,5,Block_ZIRP,ZIRP,block_cv,cpi_yoy,shap_mean_abs,0.0,macro
NOR_30Y,5,Block_ZIRP,ZIRP,block_cv,pce_core_chg,shap_mean_abs,0.00045243219938129187,macro
NOR_30Y,5,Block_ZIRP,ZIRP,block_cv,nfp_change,shap_mean_abs,0.0,macro
NOR_30Y,5,Block_ZIRP,ZIRP,block_cv,pmi_us,shap_mean_abs,0.0,macro
NOR_30Y,5,Block_ZIRP,ZIRP,block_cv,pmi_eur,shap_mean_abs,0.0002582103479653597,macro
NOR_30Y,5,Block_ZIRP,ZIRP,block_cv,unemp_eur,shap_mean_abs,0.0,macro
NOR_30Y,5,Block_ZIRP,ZIRP,block_cv,cpi_nsa_level,shap_mean_abs,0.0,macro
NOR_30Y,5,Block_ZIRP,ZIRP,block_cv,pce_core_level,shap_mean_abs,0.0,macro
NOR_30Y,5,Block_ZIRP,ZIRP,block_cv,eur_3m,shap_mean_abs,0.0,macro
NOR_30Y,5,Block_ZIRP,ZIRP,block_cv,eur_1w,shap_mean_abs,0.0,macro
NOR_30Y,5,Block_ZIRP,ZIRP,block_cv,nor_ibor_1m,shap_mean_abs,6.250749720493332e-05,norway
NOR_30Y,5,Block_ZIRP,ZIRP,block_cv,nor_ibor_6m,shap_mean_abs,0.00022135415929369628,norway
NOR_30Y,5,Block_ZIRP,ZIRP,block_cv,nor_ecb_dfr_chg,shap_mean_abs,0.0,norway
NOR_30Y,5,Block_ZIRP,ZIRP,block_cv,nor_ecb_dfr_level,shap_mean_abs,0.0,norway
NOR_30Y,5,Block_ZIRP,ZIRP,block_cv,nor_eurnok_chg_1d,shap_mean_abs,0.00015010831702966243,norway
NOR_30Y,5,Block_ZIRP,ZIRP,block_cv,nor_eurnok_level,shap_mean_abs,0.0003562602505553514,norway
NOR_30Y,5,Block_ZIRP,ZIRP,block_cv,nor_eurnok_mom_1m,shap_mean_abs,0.00048121390864253044,norway
NOR_30Y,5,Block_ZIRP,ZIRP,block_cv,nor_eurnok_mom_3m,shap_mean_abs,0.00046030033263377845,norway
NOR_30Y,5,Block_ZIRP,ZIRP,block_cv,nor_eurnok_rvol_20d,shap_mean_abs,0.0008612113888375461,norway
NOR_30Y,5,Block_ZIRP,ZIRP,block_cv,nor_govt_10y,shap_mean_abs,5.3442017815541476e-05,norway
NOR_30Y,5,Block_ZIRP,ZIRP,block_cv,nor_govt_3y,shap_mean_abs,0.0,norway
NOR_30Y,5,Block_ZIRP,ZIRP,block_cv,nor_govt_5y,shap_mean_abs,0.0,norway
NOR_30Y,5,Block_ZIRP,ZIRP,block_cv,nor_i44_chg_1d,shap_mean_abs,0.0,norway
NOR_30Y,5,Block_ZIRP,ZIRP,block_cv,nor_i44_level,shap_mean_abs,0.0005322545184753835,norway
NOR_30Y,5,Block_ZIRP,ZIRP,block_cv,nor_i44_mom_1m,shap_mean_abs,8.89608490979299e-05,norway
NOR_30Y,5,Block_ZIRP,ZIRP,block_cv,nor_i44_mom_3m,shap_mean_abs,0.0,norway
NOR_30Y,5,Block_ZIRP,ZIRP,block_cv,nor_i44_rvol_20d,shap_mean_abs,0.0007872888236306608,norway
NOR_30Y,5,Block_ZIRP,ZIRP,block_cv,nor_kpi_yoy,shap_mean_abs,0.0007995518390089273,norway
NOR_30Y,5,Block_ZIRP,ZIRP,block_cv,nor_kpijae_yoy,shap_mean_abs,0.0,norway
NOR_30Y,5,Block_ZIRP,ZIRP,block_cv,nor_nibor_nowa_spread,shap_mean_abs,0.0,norway
NOR_30Y,5,Block_ZIRP,ZIRP,block_cv,nor_nowa_level,shap_mean_abs,2.7429663532529958e-05,norway
NOR_30Y,5,Block_ZIRP,ZIRP,block_cv,nor_polrate_chg_1d,shap_mean_abs,0.0,norway
NOR_30Y,5,Block_ZIRP,ZIRP,block_cv,nor_polrate_days_since_chg,shap_mean_abs,0.00041874582529999316,norway
NOR_30Y,5,Block_ZIRP,ZIRP,block_cv,nor_polrate_level,shap_mean_abs,0.0,norway
NOR_30Y,5,Block_ZIRP,ZIRP,block_cv,nor_rb_rate_chg,shap_mean_abs,0.0,norway
NOR_30Y,5,Block_ZIRP,ZIRP,block_cv,nor_rb_rate_level,shap_mean_abs,0.0,norway
NOR_30Y,5,Block_ZIRP,ZIRP,block_cv,nor_unemp,shap_mean_abs,0.0,norway
NOR_30Y,5,Block_ZIRP,ZIRP,block_cv,nor_usdnok_chg_1d,shap_mean_abs,5.376225544750923e-06,norway
NOR_30Y,5,Block_ZIRP,ZIRP,block_cv,nor_usdnok_level,shap_mean_abs,0.0006311137694865465,norway
NOR_30Y,5,Block_ZIRP,ZIRP,block_cv,nor_usdnok_mom_1m,shap_mean_abs,0.00019473631982691586,norway
NOR_30Y,5,Block_ZIRP,ZIRP,block_cv,nor_usdnok_mom_3m,shap_mean_abs,7.416793960146606e-05,norway
NOR_30Y,5,Block_ZIRP,ZIRP,block_cv,nor_usdnok_rvol_20d,shap_mean_abs,9.897956624627113e-05,norway
NOR_30Y,5,Block_ZIRP,ZIRP,block_cv,swap_govt_spread,shap_mean_abs,0.0,norway
NOR_30Y,5,Block_ZIRP,ZIRP,block_cv,xmpca_01,shap_mean_abs,0.0,cross_market
NOR_30Y,5,Block_ZIRP,ZIRP,block_cv,xmpca_02,shap_mean_abs,2.7712652808986604e-05,cross_market
NOR_30Y,5,Block_ZIRP,ZIRP,block_cv,xmpca_03,shap_mean_abs,0.0005503539578057826,cross_market
NOR_30Y,5,Block_ZIRP,ZIRP,block_cv,xmpca_04,shap_mean_abs,2.3200078430818394e-05,cross_market
NOR_30Y,5,Block_ZIRP,ZIRP,block_cv,xmpca_05,shap_mean_abs,0.0,cross_market
NOR_30Y,5,Block_ZIRP,ZIRP,block_cv,xmpca_06,shap_mean_abs,0.00031657019280828536,cross_market
NOR_30Y,5,Block_ZIRP,ZIRP,block_cv,xmpca_07,shap_mean_abs,0.0,cross_market
NOR_30Y,5,Block_ZIRP,ZIRP,block_cv,xmpca_08,shap_mean_abs,7.633956556674093e-05,cross_market
NOR_30Y,5,Block_ZIRP,ZIRP,block_cv,xmpca_09,shap_mean_abs,0.000184640332008712,cross_market
NOR_30Y,5,Block_ZIRP,ZIRP,block_cv,xmpca_10,shap_mean_abs,0.00021177214512135834,cross_market
NOR_30Y,5,Block_ZIRP,ZIRP,block_cv,xmpca_11,shap_mean_abs,5.16836553288158e-06,cross_market
NOR_30Y,5,Block_ZIRP,ZIRP,block_cv,xmpca_12,shap_mean_abs,9.916112503560726e-06,cross_market
NOR_30Y,5,Block_COVID,COVID,block_cv,chg_lag1,gain,0.016397511586546898,momentum
NOR_30Y,5,Block_COVID,COVID,block_cv,chg_lag2,gain,0.013503828085958958,momentum
NOR_30Y,5,Block_COVID,COVID,block_cv,chg_lag3,gain,0.026012808084487915,momentum
NOR_30Y,5,Block_COVID,COVID,block_cv,chg_lag4,gain,0.0,momentum
NOR_30Y,5,Block_COVID,COVID,block_cv,chg_lag5,gain,0.0006660097278654575,momentum
NOR_30Y,5,Block_COVID,COVID,block_cv,carry_roll,gain,0.061600930988788605,carry_roll
NOR_30Y,5,Block_COVID,COVID,block_cv,mom_63d,gain,0.03674587234854698,momentum
NOR_30Y,5,Block_COVID,COVID,block_cv,mom_1m,gain,0.0760510116815567,momentum
NOR_30Y,5,Block_COVID,COVID,block_cv,mom_3m,gain,0.05385567620396614,momentum
NOR_30Y,5,Block_COVID,COVID,block_cv,mom_6m,gain,0.08165587484836578,momentum
NOR_30Y,5,Block_COVID,COVID,block_cv,mom_12m,gain,0.20590543746948242,momentum
NOR_30Y,5,Block_COVID,COVID,block_cv,dev_ma_3m,gain,0.07117610424757004,curve
NOR_30Y,5,Block_COVID,COVID,block_cv,dev_ma_12m,gain,0.08327136188745499,curve
NOR_30Y,5,Block_COVID,COVID,block_cv,vol_20d,gain,0.10422050952911377,vol
NOR_30Y,5,Block_COVID,COVID,block_cv,vol_regime,gain,0.0,vol
NOR_30Y,5,Block_COVID,COVID,block_cv,vol_zscore,gain,0.005948567762970924,vol
NOR_30Y,5,Block_COVID,COVID,block_cv,level_zscore,gain,0.0,curve
NOR_30Y,5,Block_COVID,COVID,block_cv,slope_10_1,gain,0.05827881768345833,curve
NOR_30Y,5,Block_COVID,COVID,block_cv,slope_10_5,gain,0.1295357644557953,curve
NOR_30Y,5,Block_COVID,COVID,block_cv,slope_5_1,gain,0.057933416217565536,curve
NOR_30Y,5,Block_COVID,COVID,block_cv,sofr_mom_1m,gain,0.06597359478473663,macro
NOR_30Y,5,Block_COVID,COVID,block_cv,ibor_level,gain,0.08604803681373596,macro
NOR_30Y,5,Block_COVID,COVID,block_cv,ibor_chg_1d,gain,0.03940322995185852,macro
NOR_30Y,5,Block_COVID,COVID,block_cv,ibor_mom_1m,gain,0.12280379980802536,macro
NOR_30Y,5,Block_COVID,COVID,block_cv,ibor_term_slope,gain,0.0,macro
NOR_30Y,5,Block_COVID,COVID,block_cv,swap_ibor_basis,gain,0.08846713602542877,curve
NOR_30Y,5,Block_COVID,COVID,block_cv,move_level,gain,0.03912751004099846,vol
NOR_30Y,5,Block_COVID,COVID,block_cv,move_zscore,gain,0.019142644479870796,vol
NOR_30Y,5,Block_COVID,COVID,block_cv,vix_level,gain,0.0,vol
NOR_30Y,5,Block_COVID,COVID,block_cv,vix_zscore,gain,0.045251064002513885,vol
NOR_30Y,5,Block_COVID,COVID,block_cv,v2x_level,gain,0.0675606057047844,vol
NOR_30Y,5,Block_COVID,COVID,block_cv,vxn_level,gain,0.0,vol
NOR_30Y,5,Block_COVID,COVID,block_cv,ovx_level,gain,0.08173801749944687,vol
NOR_30Y,5,Block_COVID,COVID,block_cv,gvz_level,gain,0.04907052591443062,vol
NOR_30Y,5,Block_COVID,COVID,block_cv,spx_mom_1m,gain,0.10262032598257065,macro
NOR_30Y,5,Block_COVID,COVID,block_cv,spx_mom_3m,gain,0.10080954432487488,macro
NOR_30Y,5,Block_COVID,COVID,block_cv,sx5e_mom_1m,gain,0.04174625128507614,macro
NOR_30Y,5,Block_COVID,COVID,block_cv,sx5e_mom_3m,gain,0.07589886337518692,macro
NOR_30Y,5,Block_COVID,COVID,block_cv,mxwo_mom_1m,gain,0.12452723830938339,macro
NOR_30Y,5,Block_COVID,COVID,block_cv,ndx_mom_1m,gain,0.04988952353596687,macro
NOR_30Y,5,Block_COVID,COVID,block_cv,oil_mom_1m,gain,0.06738509982824326,macro
NOR_30Y,5,Block_COVID,COVID,block_cv,oil_mom_3m,gain,0.05549648404121399,macro
NOR_30Y,5,Block_COVID,COVID,block_cv,copper_mom_1m,gain,0.0,macro
NOR_30Y,5,Block_COVID,COVID,block_cv,opec_prod,gain,0.07757321745157242,macro
NOR_30Y,5,Block_COVID,COVID,block_cv,natgas_mom_1m,gain,0.09161287546157837,macro
NOR_30Y,5,Block_COVID,COVID,block_cv,be5y_level,gain,0.0,macro
NOR_30Y,5,Block_COVID,COVID,block_cv,be10y_level,gain,0.0,macro
NOR_30Y,5,Block_COVID,COVID,block_cv,be_slope,gain,0.0,macro
NOR_30Y,5,Block_COVID,COVID,block_cv,be5y_chg_1m,gain,0.07658763974905014,macro
NOR_30Y,5,Block_COVID,COVID,block_cv,ig_spread,gain,0.0,credit
NOR_30Y,5,Block_COVID,COVID,block_cv,hy_spread,gain,0.0,credit
NOR_30Y,5,Block_COVID,COVID,block_cv,ig_chg_1m,gain,0.0,credit
NOR_30Y,5,Block_COVID,COVID,block_cv,hy_chg_1m,gain,0.0,credit
NOR_30Y,5,Block_COVID,COVID,block_cv,cpi_yoy,gain,0.052955374121665955,macro
NOR_30Y,5,Block_COVID,COVID,block_cv,pce_core_chg,gain,0.1261434257030487,macro
NOR_30Y,5,Block_COVID,COVID,block_cv,nfp_change,gain,0.09320742636919022,macro
NOR_30Y,5,Block_COVID,COVID,block_cv,pmi_us,gain,0.10014978051185608,macro
NOR_30Y,5,Block_COVID,COVID,block_cv,pmi_eur,gain,0.0,macro
NOR_30Y,5,Block_COVID,COVID,block_cv,unemp_eur,gain,0.09217271208763123,macro
NOR_30Y,5,Block_COVID,COVID,block_cv,cpi_nsa_level,gain,0.0,macro
NOR_30Y,5,Block_COVID,COVID,block_cv,pce_core_level,gain,0.0,macro
NOR_30Y,5,Block_COVID,COVID,block_cv,eur_3m,gain,0.05986105650663376,macro
NOR_30Y,5,Block_COVID,COVID,block_cv,eur_1w,gain,0.0,macro
NOR_30Y,5,Block_COVID,COVID,block_cv,nor_ibor_1m,gain,0.11090454459190369,norway
NOR_30Y,5,Block_COVID,COVID,block_cv,nor_ibor_6m,gain,0.0,norway
NOR_30Y,5,Block_COVID,COVID,block_cv,nor_ecb_dfr_chg,gain,0.0,norway
NOR_30Y,5,Block_COVID,COVID,block_cv,nor_ecb_dfr_level,gain,0.0,norway
NOR_30Y,5,Block_COVID,COVID,block_cv,nor_eurnok_chg_1d,gain,0.046283792704343796,norway
NOR_30Y,5,Block_COVID,COVID,block_cv,nor_eurnok_level,gain,0.0,norway
NOR_30Y,5,Block_COVID,COVID,block_cv,nor_eurnok_mom_1m,gain,0.06963896751403809,norway
NOR_30Y,5,Block_COVID,COVID,block_cv,nor_eurnok_mom_3m,gain,0.04058906435966492,norway
NOR_30Y,5,Block_COVID,COVID,block_cv,nor_eurnok_rvol_20d,gain,0.05677184835076332,norway
NOR_30Y,5,Block_COVID,COVID,block_cv,nor_govt_10y,gain,0.06678565591573715,norway
NOR_30Y,5,Block_COVID,COVID,block_cv,nor_govt_3y,gain,0.0,norway
NOR_30Y,5,Block_COVID,COVID,block_cv,nor_govt_5y,gain,0.0,norway
NOR_30Y,5,Block_COVID,COVID,block_cv,nor_i44_chg_1d,gain,0.0,norway
NOR_30Y,5,Block_COVID,COVID,block_cv,nor_i44_level,gain,0.008924044668674469,norway
NOR_30Y,5,Block_COVID,COVID,block_cv,nor_i44_mom_1m,gain,0.07122975587844849,norway
NOR_30Y,5,Block_COVID,COVID,block_cv,nor_i44_mom_3m,gain,0.08316706866025925,norway
NOR_30Y,5,Block_COVID,COVID,block_cv,nor_i44_rvol_20d,gain,0.0,norway
NOR_30Y,5,Block_COVID,COVID,block_cv,nor_kpi_yoy,gain,0.09113467484712601,norway
NOR_30Y,5,Block_COVID,COVID,block_cv,nor_kpijae_yoy,gain,0.0454014390707016,norway
NOR_30Y,5,Block_COVID,COVID,block_cv,nor_nibor_nowa_spread,gain,0.0,norway
NOR_30Y,5,Block_COVID,COVID,block_cv,nor_nowa_level,gain,0.0,norway
NOR_30Y,5,Block_COVID,COVID,block_cv,nor_polrate_chg_1d,gain,0.0,norway
NOR_30Y,5,Block_COVID,COVID,block_cv,nor_polrate_days_since_chg,gain,0.0,norway
NOR_30Y,5,Block_COVID,COVID,block_cv,nor_polrate_level,gain,0.0,norway
NOR_30Y,5,Block_COVID,COVID,block_cv,nor_rb_rate_chg,gain,0.0,norway
NOR_30Y,5,Block_COVID,COVID,block_cv,nor_rb_rate_level,gain,0.0,norway
NOR_30Y,5,Block_COVID,COVID,block_cv,nor_unemp,gain,0.054702699184417725,norway
NOR_30Y,5,Block_COVID,COVID,block_cv,nor_usdnok_chg_1d,gain,0.10777297616004944,norway
NOR_30Y,5,Block_COVID,COVID,block_cv,nor_usdnok_level,gain,0.08517239987850189,norway
NOR_30Y,5,Block_COVID,COVID,block_cv,nor_usdnok_mom_1m,gain,0.0,norway
NOR_30Y,5,Block_COVID,COVID,block_cv,nor_usdnok_mom_3m,gain,0.08688031882047653,norway
NOR_30Y,5,Block_COVID,COVID,block_cv,nor_usdnok_rvol_20d,gain,0.0,norway
NOR_30Y,5,Block_COVID,COVID,block_cv,swap_govt_spread,gain,0.0,norway
NOR_30Y,5,Block_COVID,COVID,block_cv,xmpca_01,gain,0.10170416533946991,cross_market
NOR_30Y,5,Block_COVID,COVID,block_cv,xmpca_02,gain,0.05247648432850838,cross_market
NOR_30Y,5,Block_COVID,COVID,block_cv,xmpca_03,gain,0.0,cross_market
NOR_30Y,5,Block_COVID,COVID,block_cv,xmpca_04,gain,0.12226860225200653,cross_market
NOR_30Y,5,Block_COVID,COVID,block_cv,xmpca_05,gain,0.018339235335588455,cross_market
NOR_30Y,5,Block_COVID,COVID,block_cv,xmpca_06,gain,0.032299116253852844,cross_market
NOR_30Y,5,Block_COVID,COVID,block_cv,xmpca_07,gain,0.06809218972921371,cross_market
NOR_30Y,5,Block_COVID,COVID,block_cv,xmpca_08,gain,0.022703101858496666,cross_market
NOR_30Y,5,Block_COVID,COVID,block_cv,xmpca_09,gain,0.09324458241462708,cross_market
NOR_30Y,5,Block_COVID,COVID,block_cv,xmpca_10,gain,0.008739590644836426,cross_market
NOR_30Y,5,Block_COVID,COVID,block_cv,xmpca_11,gain,0.0,cross_market
NOR_30Y,5,Block_COVID,COVID,block_cv,xmpca_12,gain,0.06085433065891266,cross_market
NOR_30Y,5,Block_COVID,COVID,block_cv,chg_lag1,weight,14.0,momentum
NOR_30Y,5,Block_COVID,COVID,block_cv,chg_lag2,weight,12.0,momentum
NOR_30Y,5,Block_COVID,COVID,block_cv,chg_lag3,weight,4.0,momentum
NOR_30Y,5,Block_COVID,COVID,block_cv,chg_lag4,weight,0.0,momentum
NOR_30Y,5,Block_COVID,COVID,block_cv,chg_lag5,weight,1.0,momentum
NOR_30Y,5,Block_COVID,COVID,block_cv,carry_roll,weight,7.0,carry_roll
NOR_30Y,5,Block_COVID,COVID,block_cv,mom_63d,weight,7.0,momentum
NOR_30Y,5,Block_COVID,COVID,block_cv,mom_1m,weight,4.0,momentum
NOR_30Y,5,Block_COVID,COVID,block_cv,mom_3m,weight,2.0,momentum
NOR_30Y,5,Block_COVID,COVID,block_cv,mom_6m,weight,5.0,momentum
NOR_30Y,5,Block_COVID,COVID,block_cv,mom_12m,weight,1.0,momentum
NOR_30Y,5,Block_COVID,COVID,block_cv,dev_ma_3m,weight,8.0,curve
NOR_30Y,5,Block_COVID,COVID,block_cv,dev_ma_12m,weight,3.0,curve
NOR_30Y,5,Block_COVID,COVID,block_cv,vol_20d,weight,4.0,vol
NOR_30Y,5,Block_COVID,COVID,block_cv,vol_regime,weight,0.0,vol
NOR_30Y,5,Block_COVID,COVID,block_cv,vol_zscore,weight,1.0,vol
NOR_30Y,5,Block_COVID,COVID,block_cv,level_zscore,weight,0.0,curve
NOR_30Y,5,Block_COVID,COVID,block_cv,slope_10_1,weight,4.0,curve
NOR_30Y,5,Block_COVID,COVID,block_cv,slope_10_5,weight,1.0,curve
NOR_30Y,5,Block_COVID,COVID,block_cv,slope_5_1,weight,2.0,curve
NOR_30Y,5,Block_COVID,COVID,block_cv,sofr_mom_1m,weight,7.0,macro
NOR_30Y,5,Block_COVID,COVID,block_cv,ibor_level,weight,1.0,macro
NOR_30Y,5,Block_COVID,COVID,block_cv,ibor_chg_1d,weight,5.0,macro
NOR_30Y,5,Block_COVID,COVID,block_cv,ibor_mom_1m,weight,7.0,macro
NOR_30Y,5,Block_COVID,COVID,block_cv,ibor_term_slope,weight,0.0,macro
NOR_30Y,5,Block_COVID,COVID,block_cv,swap_ibor_basis,weight,2.0,curve
NOR_30Y,5,Block_COVID,COVID,block_cv,move_level,weight,2.0,vol
NOR_30Y,5,Block_COVID,COVID,block_cv,move_zscore,weight,2.0,vol
NOR_30Y,5,Block_COVID,COVID,block_cv,vix_level,weight,0.0,vol
NOR_30Y,5,Block_COVID,COVID,block_cv,vix_zscore,weight,2.0,vol
NOR_30Y,5,Block_COVID,COVID,block_cv,v2x_level,weight,4.0,vol
NOR_30Y,5,Block_COVID,COVID,block_cv,vxn_level,weight,0.0,vol
NOR_30Y,5,Block_COVID,COVID,block_cv,ovx_level,weight,3.0,vol
NOR_30Y,5,Block_COVID,COVID,block_cv,gvz_level,weight,2.0,vol
NOR_30Y,5,Block_COVID,COVID,block_cv,spx_mom_1m,weight,1.0,macro
NOR_30Y,5,Block_COVID,COVID,block_cv,spx_mom_3m,weight,2.0,macro
NOR_30Y,5,Block_COVID,COVID,block_cv,sx5e_mom_1m,weight,2.0,macro
NOR_30Y,5,Block_COVID,COVID,block_cv,sx5e_mom_3m,weight,3.0,macro
NOR_30Y,5,Block_COVID,COVID,block_cv,mxwo_mom_1m,weight,3.0,macro
NOR_30Y,5,Block_COVID,COVID,block_cv,ndx_mom_1m,weight,2.0,macro
NOR_30Y,5,Block_COVID,COVID,block_cv,oil_mom_1m,weight,3.0,macro
NOR_30Y,5,Block_COVID,COVID,block_cv,oil_mom_3m,weight,3.0,macro
NOR_30Y,5,Block_COVID,COVID,block_cv,copper_mom_1m,weight,0.0,macro
NOR_30Y,5,Block_COVID,COVID,block_cv,opec_prod,weight,1.0,macro
NOR_30Y,5,Block_COVID,COVID,block_cv,natgas_mom_1m,weight,2.0,macro
NOR_30Y,5,Block_COVID,COVID,block_cv,be5y_level,weight,0.0,macro
NOR_30Y,5,Block_COVID,COVID,block_cv,be10y_level,weight,0.0,macro
NOR_30Y,5,Block_COVID,COVID,block_cv,be_slope,weight,0.0,macro
NOR_30Y,5,Block_COVID,COVID,block_cv,be5y_chg_1m,weight,1.0,macro
NOR_30Y,5,Block_COVID,COVID,block_cv,ig_spread,weight,0.0,credit
NOR_30Y,5,Block_COVID,COVID,block_cv,hy_spread,weight,0.0,credit
NOR_30Y,5,Block_COVID,COVID,block_cv,ig_chg_1m,weight,0.0,credit
NOR_30Y,5,Block_COVID,COVID,block_cv,hy_chg_1m,weight,0.0,credit
NOR_30Y,5,Block_COVID,COVID,block_cv,cpi_yoy,weight,1.0,macro
NOR_30Y,5,Block_COVID,COVID,block_cv,pce_core_chg,weight,2.0,macro
NOR_30Y,5,Block_COVID,COVID,block_cv,nfp_change,weight,7.0,macro
NOR_30Y,5,Block_COVID,COVID,block_cv,pmi_us,weight,1.0,macro
NOR_30Y,5,Block_COVID,COVID,block_cv,pmi_eur,weight,0.0,macro
NOR_30Y,5,Block_COVID,COVID,block_cv,unemp_eur,weight,1.0,macro
NOR_30Y,5,Block_COVID,COVID,block_cv,cpi_nsa_level,weight,0.0,macro
NOR_30Y,5,Block_COVID,COVID,block_cv,pce_core_level,weight,0.0,macro
NOR_30Y,5,Block_COVID,COVID,block_cv,eur_3m,weight,1.0,macro
NOR_30Y,5,Block_COVID,COVID,block_cv,eur_1w,weight,0.0,macro
NOR_30Y,5,Block_COVID,COVID,block_cv,nor_ibor_1m,weight,1.0,norway
NOR_30Y,5,Block_COVID,COVID,block_cv,nor_ibor_6m,weight,0.0,norway
NOR_30Y,5,Block_COVID,COVID,block_cv,nor_ecb_dfr_chg,weight,0.0,norway
NOR_30Y,5,Block_COVID,COVID,block_cv,nor_ecb_dfr_level,weight,0.0,norway
NOR_30Y,5,Block_COVID,COVID,block_cv,nor_eurnok_chg_1d,weight,5.0,norway
NOR_30Y,5,Block_COVID,COVID,block_cv,nor_eurnok_level,weight,0.0,norway
NOR_30Y,5,Block_COVID,COVID,block_cv,nor_eurnok_mom_1m,weight,4.0,norway
NOR_30Y,5,Block_COVID,COVID,block_cv,nor_eurnok_mom_3m,weight,1.0,norway
NOR_30Y,5,Block_COVID,COVID,block_cv,nor_eurnok_rvol_20d,weight,4.0,norway
NOR_30Y,5,Block_COVID,COVID,block_cv,nor_govt_10y,weight,3.0,norway
NOR_30Y,5,Block_COVID,COVID,block_cv,nor_govt_3y,weight,0.0,norway
NOR_30Y,5,Block_COVID,COVID,block_cv,nor_govt_5y,weight,0.0,norway
NOR_30Y,5,Block_COVID,COVID,block_cv,nor_i44_chg_1d,weight,0.0,norway
NOR_30Y,5,Block_COVID,COVID,block_cv,nor_i44_level,weight,1.0,norway
NOR_30Y,5,Block_COVID,COVID,block_cv,nor_i44_mom_1m,weight,3.0,norway
NOR_30Y,5,Block_COVID,COVID,block_cv,nor_i44_mom_3m,weight,4.0,norway
NOR_30Y,5,Block_COVID,COVID,block_cv,nor_i44_rvol_20d,weight,0.0,norway
NOR_30Y,5,Block_COVID,COVID,block_cv,nor_kpi_yoy,weight,3.0,norway
NOR_30Y,5,Block_COVID,COVID,block_cv,nor_kpijae_yoy,weight,1.0,norway
NOR_30Y,5,Block_COVID,COVID,block_cv,nor_nibor_nowa_spread,weight,0.0,norway
NOR_30Y,5,Block_COVID,COVID,block_cv,nor_nowa_level,weight,0.0,norway
NOR_30Y,5,Block_COVID,COVID,block_cv,nor_polrate_chg_1d,weight,0.0,norway
NOR_30Y,5,Block_COVID,COVID,block_cv,nor_polrate_days_since_chg,weight,0.0,norway
NOR_30Y,5,Block_COVID,COVID,block_cv,nor_polrate_level,weight,0.0,norway
NOR_30Y,5,Block_COVID,COVID,block_cv,nor_rb_rate_chg,weight,0.0,norway
NOR_30Y,5,Block_COVID,COVID,block_cv,nor_rb_rate_level,weight,0.0,norway
NOR_30Y,5,Block_COVID,COVID,block_cv,nor_unemp,weight,1.0,norway
NOR_30Y,5,Block_COVID,COVID,block_cv,nor_usdnok_chg_1d,weight,1.0,norway
NOR_30Y,5,Block_COVID,COVID,block_cv,nor_usdnok_level,weight,2.0,norway
NOR_30Y,5,Block_COVID,COVID,block_cv,nor_usdnok_mom_1m,weight,0.0,norway
NOR_30Y,5,Block_COVID,COVID,block_cv,nor_usdnok_mom_3m,weight,2.0,norway
NOR_30Y,5,Block_COVID,COVID,block_cv,nor_usdnok_rvol_20d,weight,0.0,norway
NOR_30Y,5,Block_COVID,COVID,block_cv,swap_govt_spread,weight,0.0,norway
NOR_30Y,5,Block_COVID,COVID,block_cv,xmpca_01,weight,2.0,cross_market
NOR_30Y,5,Block_COVID,COVID,block_cv,xmpca_02,weight,3.0,cross_market
NOR_30Y,5,Block_COVID,COVID,block_cv,xmpca_03,weight,0.0,cross_market
NOR_30Y,5,Block_COVID,COVID,block_cv,xmpca_04,weight,1.0,cross_market
NOR_30Y,5,Block_COVID,COVID,block_cv,xmpca_05,weight,1.0,cross_market
NOR_30Y,5,Block_COVID,COVID,block_cv,xmpca_06,weight,2.0,cross_market
NOR_30Y,5,Block_COVID,COVID,block_cv,xmpca_07,weight,1.0,cross_market
NOR_30Y,5,Block_COVID,COVID,block_cv,xmpca_08,weight,2.0,cross_market
NOR_30Y,5,Block_COVID,COVID,block_cv,xmpca_09,weight,4.0,cross_market
NOR_30Y,5,Block_COVID,COVID,block_cv,xmpca_10,weight,1.0,cross_market
NOR_30Y,5,Block_COVID,COVID,block_cv,xmpca_11,weight,0.0,cross_market
NOR_30Y,5,Block_COVID,COVID,block_cv,xmpca_12,weight,1.0,cross_market
NOR_30Y,5,Block_COVID,COVID,block_cv,chg_lag1,cover,10.0,momentum
NOR_30Y,5,Block_COVID,COVID,block_cv,chg_lag2,cover,6.666666507720947,momentum
NOR_30Y,5,Block_COVID,COVID,block_cv,chg_lag3,cover,16.75,momentum
NOR_30Y,5,Block_COVID,COVID,block_cv,chg_lag4,cover,0.0,momentum
NOR_30Y,5,Block_COVID,COVID,block_cv,chg_lag5,cover,3.0,momentum
NOR_30Y,5,Block_COVID,COVID,block_cv,carry_roll,cover,769.2857055664062,carry_roll
NOR_30Y,5,Block_COVID,COVID,block_cv,mom_63d,cover,131.57142639160156,momentum
NOR_30Y,5,Block_COVID,COVID,block_cv,mom_1m,cover,541.75,momentum
NOR_30Y,5,Block_COVID,COVID,block_cv,mom_3m,cover,64.5,momentum
NOR_30Y,5,Block_COVID,COVID,block_cv,mom_6m,cover,927.0,momentum
NOR_30Y,5,Block_COVID,COVID,block_cv,mom_12m,cover,8.0,momentum
NOR_30Y,5,Block_COVID,COVID,block_cv,dev_ma_3m,cover,512.875,curve
NOR_30Y,5,Block_COVID,COVID,block_cv,dev_ma_12m,cover,733.0,curve
NOR_30Y,5,Block_COVID,COVID,block_cv,vol_20d,cover,474.5,vol
NOR_30Y,5,Block_COVID,COVID,block_cv,vol_regime,cover,0.0,vol
NOR_30Y,5,Block_COVID,COVID,block_cv,vol_zscore,cover,7.0,vol
NOR_30Y,5,Block_COVID,COVID,block_cv,level_zscore,cover,0.0,curve
NOR_30Y,5,Block_COVID,COVID,block_cv,slope_10_1,cover,48.5,curve
NOR_30Y,5,Block_COVID,COVID,block_cv,slope_10_5,cover,32.0,curve
NOR_30Y,5,Block_COVID,COVID,block_cv,slope_5_1,cover,1104.5,curve
NOR_30Y,5,Block_COVID,COVID,block_cv,sofr_mom_1m,cover,805.5714111328125,macro
NOR_30Y,5,Block_COVID,COVID,block_cv,ibor_level,cover,85.0,macro
NOR_30Y,5,Block_COVID,COVID,block_cv,ibor_chg_1d,cover,450.3999938964844,macro
NOR_30Y,5,Block_COVID,COVID,block_cv,ibor_mom_1m,cover,1759.5714111328125,macro
NOR_30Y,5,Block_COVID,COVID,block_cv,ibor_term_slope,cover,0.0,macro
NOR_30Y,5,Block_COVID,COVID,block_cv,swap_ibor_basis,cover,1009.5,curve
NOR_30Y,5,Block_COVID,COVID,block_cv,move_level,cover,61.0,vol
NOR_30Y,5,Block_COVID,COVID,block_cv,move_zscore,cover,12.0,vol
NOR_30Y,5,Block_COVID,COVID,block_cv,vix_level,cover,0.0,vol
NOR_30Y,5,Block_COVID,COVID,block_cv,vix_zscore,cover,23.5,vol
NOR_30Y,5,Block_COVID,COVID,block_cv,v2x_level,cover,1107.75,vol
NOR_30Y,5,Block_COVID,COVID,block_cv,vxn_level,cover,0.0,vol
NOR_30Y,5,Block_COVID,COVID,block_cv,ovx_level,cover,110.66666412353516,vol
NOR_30Y,5,Block_COVID,COVID,block_cv,gvz_level,cover,81.0,vol
NOR_30Y,5,Block_COVID,COVID,block_cv,spx_mom_1m,cover,85.0,macro
NOR_30Y,5,Block_COVID,COVID,block_cv,spx_mom_3m,cover,1376.5,macro
NOR_30Y,5,Block_COVID,COVID,block_cv,sx5e_mom_1m,cover,13.5,macro
NOR_30Y,5,Block_COVID,COVID,block_cv,sx5e_mom_3m,cover,37.66666793823242,macro
NOR_30Y,5,Block_COVID,COVID,block_cv,mxwo_mom_1m,cover,1367.3333740234375,macro
NOR_30Y,5,Block_COVID,COVID,block_cv,ndx_mom_1m,cover,45.0,macro
NOR_30Y,5,Block_COVID,COVID,block_cv,oil_mom_1m,cover,114.33333587646484,macro
NOR_30Y,5,Block_COVID,COVID,block_cv,oil_mom_3m,cover,744.3333129882812,macro
NOR_30Y,5,Block_COVID,COVID,block_cv,copper_mom_1m,cover,0.0,macro
NOR_30Y,5,Block_COVID,COVID,block_cv,opec_prod,cover,1185.0,macro
NOR_30Y,5,Block_COVID,COVID,block_cv,natgas_mom_1m,cover,1118.5,macro
NOR_30Y,5,Block_COVID,COVID,block_cv,be5y_level,cover,0.0,macro
NOR_30Y,5,Block_COVID,COVID,block_cv,be10y_level,cover,0.0,macro
NOR_30Y,5,Block_COVID,COVID,block_cv,be_slope,cover,0.0,macro
NOR_30Y,5,Block_COVID,COVID,block_cv,be5y_chg_1m,cover,1481.0,macro
NOR_30Y,5,Block_COVID,COVID,block_cv,ig_spread,cover,0.0,credit
NOR_30Y,5,Block_COVID,COVID,block_cv,hy_spread,cover,0.0,credit
NOR_30Y,5,Block_COVID,COVID,block_cv,ig_chg_1m,cover,0.0,credit
NOR_30Y,5,Block_COVID,COVID,block_cv,hy_chg_1m,cover,0.0,credit
NOR_30Y,5,Block_COVID,COVID,block_cv,cpi_yoy,cover,28.0,macro
NOR_30Y,5,Block_COVID,COVID,block_cv,pce_core_chg,cover,2145.5,macro
NOR_30Y,5,Block_COVID,COVID,block_cv,nfp_change,cover,1342.7142333984375,macro
NOR_30Y,5,Block_COVID,COVID,block_cv,pmi_us,cover,277.0,macro
NOR_30Y,5,Block_COVID,COVID,block_cv,pmi_eur,cover,0.0,macro
NOR_30Y,5,Block_COVID,COVID,block_cv,unemp_eur,cover,2144.0,macro
NOR_30Y,5,Block_COVID,COVID,block_cv,cpi_nsa_level,cover,0.0,macro
NOR_30Y,5,Block_COVID,COVID,block_cv,pce_core_level,cover,0.0,macro
NOR_30Y,5,Block_COVID,COVID,block_cv,eur_3m,cover,329.0,macro
NOR_30Y,5,Block_COVID,COVID,block_cv,eur_1w,cover,0.0,macro
NOR_30Y,5,Block_COVID,COVID,block_cv,nor_ibor_1m,cover,2140.0,norway
NOR_30Y,5,Block_COVID,COVID,block_cv,nor_ibor_6m,cover,0.0,norway
NOR_30Y,5,Block_COVID,COVID,block_cv,nor_ecb_dfr_chg,cover,0.0,norway
NOR_30Y,5,Block_COVID,COVID,block_cv,nor_ecb_dfr_level,cover,0.0,norway
NOR_30Y,5,Block_COVID,COVID,block_cv,nor_eurnok_chg_1d,cover,112.80000305175781,norway
NOR_30Y,5,Block_COVID,COVID,block_cv,nor_eurnok_level,cover,0.0,norway
NOR_30Y,5,Block_COVID,COVID,block_cv,nor_eurnok_mom_1m,cover,499.5,norway
NOR_30Y,5,Block_COVID,COVID,block_cv,nor_eurnok_mom_3m,cover,13.0,norway
NOR_30Y,5,Block_COVID,COVID,block_cv,nor_eurnok_rvol_20d,cover,500.25,norway
NOR_30Y,5,Block_COVID,COVID,block_cv,nor_govt_10y,cover,114.0,norway
NOR_30Y,5,Block_COVID,COVID,block_cv,nor_govt_3y,cover,0.0,norway
NOR_30Y,5,Block_COVID,COVID,block_cv,nor_govt_5y,cover,0.0,norway
NOR_30Y,5,Block_COVID,COVID,block_cv,nor_i44_chg_1d,cover,0.0,norway
NOR_30Y,5,Block_COVID,COVID,block_cv,nor_i44_level,cover,19.0,norway
NOR_30Y,5,Block_COVID,COVID,block_cv,nor_i44_mom_1m,cover,94.66666412353516,norway
NOR_30Y,5,Block_COVID,COVID,block_cv,nor_i44_mom_3m,cover,1545.5,norway
NOR_30Y,5,Block_COVID,COVID,block_cv,nor_i44_rvol_20d,cover,0.0,norway
NOR_30Y,5,Block_COVID,COVID,block_cv,nor_kpi_yoy,cover,890.3333129882812,norway
NOR_30Y,5,Block_COVID,COVID,block_cv,nor_kpijae_yoy,cover,56.0,norway
NOR_30Y,5,Block_COVID,COVID,block_cv,nor_nibor_nowa_spread,cover,0.0,norway
NOR_30Y,5,Block_COVID,COVID,block_cv,nor_nowa_level,cover,0.0,norway
NOR_30Y,5,Block_COVID,COVID,block_cv,nor_polrate_chg_1d,cover,0.0,norway
NOR_30Y,5,Block_COVID,COVID,block_cv,nor_polrate_days_since_chg,cover,0.0,norway
NOR_30Y,5,Block_COVID,COVID,block_cv,nor_polrate_level,cover,0.0,norway
NOR_30Y,5,Block_COVID,COVID,block_cv,nor_rb_rate_chg,cover,0.0,norway
NOR_30Y,5,Block_COVID,COVID,block_cv,nor_rb_rate_level,cover,0.0,norway
NOR_30Y,5,Block_COVID,COVID,block_cv,nor_unemp,cover,1543.0,norway
NOR_30Y,5,Block_COVID,COVID,block_cv,nor_usdnok_chg_1d,cover,24.0,norway
NOR_30Y,5,Block_COVID,COVID,block_cv,nor_usdnok_level,cover,718.5,norway
NOR_30Y,5,Block_COVID,COVID,block_cv,nor_usdnok_mom_1m,cover,0.0,norway
NOR_30Y,5,Block_COVID,COVID,block_cv,nor_usdnok_mom_3m,cover,1749.5,norway
NOR_30Y,5,Block_COVID,COVID,block_cv,nor_usdnok_rvol_20d,cover,0.0,norway
NOR_30Y,5,Block_COVID,COVID,block_cv,swap_govt_spread,cover,0.0,norway
NOR_30Y,5,Block_COVID,COVID,block_cv,xmpca_01,cover,329.5,cross_market
NOR_30Y,5,Block_COVID,COVID,block_cv,xmpca_02,cover,1018.3333129882812,cross_market
NOR_30Y,5,Block_COVID,COVID,block_cv,xmpca_03,cover,0.0,cross_market
NOR_30Y,5,Block_COVID,COVID,block_cv,xmpca_04,cover,16.0,cross_market
NOR_30Y,5,Block_COVID,COVID,block_cv,xmpca_05,cover,5.0,cross_market
NOR_30Y,5,Block_COVID,COVID,block_cv,xmpca_06,cover,16.5,cross_market
NOR_30Y,5,Block_COVID,COVID,block_cv,xmpca_07,cover,2152.0,cross_market
NOR_30Y,5,Block_COVID,COVID,block_cv,xmpca_08,cover,11.5,cross_market
NOR_30Y,5,Block_COVID,COVID,block_cv,xmpca_09,cover,1929.25,cross_market
NOR_30Y,5,Block_COVID,COVID,block_cv,xmpca_10,cover,18.0,cross_market
NOR_30Y,5,Block_COVID,COVID,block_cv,xmpca_11,cover,0.0,cross_market
NOR_30Y,5,Block_COVID,COVID,block_cv,xmpca_12,cover,23.0,cross_market
NOR_30Y,5,Block_COVID,COVID,block_cv,chg_lag1,total_gain,0.22956517338752747,momentum
NOR_30Y,5,Block_COVID,COVID,block_cv,chg_lag2,total_gain,0.1620459407567978,momentum
NOR_30Y,5,Block_COVID,COVID,block_cv,chg_lag3,total_gain,0.10405123233795166,momentum
NOR_30Y,5,Block_COVID,COVID,block_cv,chg_lag4,total_gain,0.0,momentum
NOR_30Y,5,Block_COVID,COVID,block_cv,chg_lag5,total_gain,0.0006660097278654575,momentum
NOR_30Y,5,Block_COVID,COVID,block_cv,carry_roll,total_gain,0.43120652437210083,carry_roll
NOR_30Y,5,Block_COVID,COVID,block_cv,mom_63d,total_gain,0.2572211027145386,momentum
NOR_30Y,5,Block_COVID,COVID,block_cv,mom_1m,total_gain,0.3042040467262268,momentum
NOR_30Y,5,Block_COVID,COVID,block_cv,mom_3m,total_gain,0.10771135240793228,momentum
NOR_30Y,5,Block_COVID,COVID,block_cv,mom_6m,total_gain,0.4082793891429901,momentum
NOR_30Y,5,Block_COVID,COVID,block_cv,mom_12m,total_gain,0.20590543746948242,momentum
NOR_30Y,5,Block_COVID,COVID,block_cv,dev_ma_3m,total_gain,0.5694088339805603,curve
NOR_30Y,5,Block_COVID,COVID,block_cv,dev_ma_12m,total_gain,0.24981409311294556,curve
NOR_30Y,5,Block_COVID,COVID,block_cv,vol_20d,total_gain,0.4168820381164551,vol
NOR_30Y,5,Block_COVID,COVID,block_cv,vol_regime,total_gain,0.0,vol
NOR_30Y,5,Block_COVID,COVID,block_cv,vol_zscore,total_gain,0.005948567762970924,vol
NOR_30Y,5,Block_COVID,COVID,block_cv,level_zscore,total_gain,0.0,curve
NOR_30Y,5,Block_COVID,COVID,block_cv,slope_10_1,total_gain,0.2331152707338333,curve
NOR_30Y,5,Block_COVID,COVID,block_cv,slope_10_5,total_gain,0.1295357644557953,curve
NOR_30Y,5,Block_COVID,COVID,block_cv,slope_5_1,total_gain,0.11586683243513107,curve
NOR_30Y,5,Block_COVID,COVID,block_cv,sofr_mom_1m,total_gain,0.4618151783943176,macro
NOR_30Y,5,Block_COVID,COVID,block_cv,ibor_level,total_gain,0.08604803681373596,macro
NOR_30Y,5,Block_COVID,COVID,block_cv,ibor_chg_1d,total_gain,0.1970161497592926,macro
NOR_30Y,5,Block_COVID,COVID,block_cv,ibor_mom_1m,total_gain,0.8596265912055969,macro
NOR_30Y,5,Block_COVID,COVID,block_cv,ibor_term_slope,total_gain,0.0,macro
NOR_30Y,5,Block_COVID,COVID,block_cv,swap_ibor_basis,total_gain,0.17693427205085754,curve
NOR_30Y,5,Block_COVID,COVID,block_cv,move_level,total_gain,0.07825502008199692,vol
NOR_30Y,5,Block_COVID,COVID,block_cv,move_zscore,total_gain,0.03828528895974159,vol
NOR_30Y,5,Block_COVID,COVID,block_cv,vix_level,total_gain,0.0,vol
NOR_30Y,5,Block_COVID,COVID,block_cv,vix_zscore,total_gain,0.09050212800502777,vol
NOR_30Y,5,Block_COVID,COVID,block_cv,v2x_level,total_gain,0.2702424228191376,vol
NOR_30Y,5,Block_COVID,COVID,block_cv,vxn_level,total_gain,0.0,vol
NOR_30Y,5,Block_COVID,COVID,block_cv,ovx_level,total_gain,0.24521404504776,vol
NOR_30Y,5,Block_COVID,COVID,block_cv,gvz_level,total_gain,0.09814105182886124,vol
NOR_30Y,5,Block_COVID,COVID,block_cv,spx_mom_1m,total_gain,0.10262032598257065,macro
NOR_30Y,5,Block_COVID,COVID,block_cv,spx_mom_3m,total_gain,0.20161908864974976,macro
NOR_30Y,5,Block_COVID,COVID,block_cv,sx5e_mom_1m,total_gain,0.08349250257015228,macro
NOR_30Y,5,Block_COVID,COVID,block_cv,sx5e_mom_3m,total_gain,0.22769659757614136,macro
NOR_30Y,5,Block_COVID,COVID,block_cv,mxwo_mom_1m,total_gain,0.3735817074775696,macro
NOR_30Y,5,Block_COVID,COVID,block_cv,ndx_mom_1m,total_gain,0.09977904707193375,macro
NOR_30Y,5,Block_COVID,COVID,block_cv,oil_mom_1m,total_gain,0.20215529203414917,macro
NOR_30Y,5,Block_COVID,COVID,block_cv,oil_mom_3m,total_gain,0.16648945212364197,macro
NOR_30Y,5,Block_COVID,COVID,block_cv,copper_mom_1m,total_gain,0.0,macro
NOR_30Y,5,Block_COVID,COVID,block_cv,opec_prod,total_gain,0.07757321745157242,macro
NOR_30Y,5,Block_COVID,COVID,block_cv,natgas_mom_1m,total_gain,0.18322575092315674,macro
NOR_30Y,5,Block_COVID,COVID,block_cv,be5y_level,total_gain,0.0,macro
NOR_30Y,5,Block_COVID,COVID,block_cv,be10y_level,total_gain,0.0,macro
NOR_30Y,5,Block_COVID,COVID,block_cv,be_slope,total_gain,0.0,macro
NOR_30Y,5,Block_COVID,COVID,block_cv,be5y_chg_1m,total_gain,0.07658763974905014,macro
NOR_30Y,5,Block_COVID,COVID,block_cv,ig_spread,total_gain,0.0,credit
NOR_30Y,5,Block_COVID,COVID,block_cv,hy_spread,total_gain,0.0,credit
NOR_30Y,5,Block_COVID,COVID,block_cv,ig_chg_1m,total_gain,0.0,credit
NOR_30Y,5,Block_COVID,COVID,block_cv,hy_chg_1m,total_gain,0.0,credit
NOR_30Y,5,Block_COVID,COVID,block_cv,cpi_yoy,total_gain,0.052955374121665955,macro
NOR_30Y,5,Block_COVID,COVID,block_cv,pce_core_chg,total_gain,0.2522868514060974,macro
NOR_30Y,5,Block_COVID,COVID,block_cv,nfp_change,total_gain,0.6524519920349121,macro
NOR_30Y,5,Block_COVID,COVID,block_cv,pmi_us,total_gain,0.10014978051185608,macro
NOR_30Y,5,Block_COVID,COVID,block_cv,pmi_eur,total_gain,0.0,macro
NOR_30Y,5,Block_COVID,COVID,block_cv,unemp_eur,total_gain,0.09217271208763123,macro
NOR_30Y,5,Block_COVID,COVID,block_cv,cpi_nsa_level,total_gain,0.0,macro
NOR_30Y,5,Block_COVID,COVID,block_cv,pce_core_level,total_gain,0.0,macro
NOR_30Y,5,Block_COVID,COVID,block_cv,eur_3m,total_gain,0.05986105650663376,macro
NOR_30Y,5,Block_COVID,COVID,block_cv,eur_1w,total_gain,0.0,macro
NOR_30Y,5,Block_COVID,COVID,block_cv,nor_ibor_1m,total_gain,0.11090454459190369,norway
NOR_30Y,5,Block_COVID,COVID,block_cv,nor_ibor_6m,total_gain,0.0,norway
NOR_30Y,5,Block_COVID,COVID,block_cv,nor_ecb_dfr_chg,total_gain,0.0,norway
NOR_30Y,5,Block_COVID,COVID,block_cv,nor_ecb_dfr_level,total_gain,0.0,norway
NOR_30Y,5,Block_COVID,COVID,block_cv,nor_eurnok_chg_1d,total_gain,0.23141896724700928,norway
NOR_30Y,5,Block_COVID,COVID,block_cv,nor_eurnok_level,total_gain,0.0,norway
NOR_30Y,5,Block_COVID,COVID,block_cv,nor_eurnok_mom_1m,total_gain,0.27855587005615234,norway
NOR_30Y,5,Block_COVID,COVID,block_cv,nor_eurnok_mom_3m,total_gain,0.04058906435966492,norway
NOR_30Y,5,Block_COVID,COVID,block_cv,nor_eurnok_rvol_20d,total_gain,0.22708739340305328,norway
NOR_30Y,5,Block_COVID,COVID,block_cv,nor_govt_10y,total_gain,0.20035696029663086,norway
NOR_30Y,5,Block_COVID,COVID,block_cv,nor_govt_3y,total_gain,0.0,norway
NOR_30Y,5,Block_COVID,COVID,block_cv,nor_govt_5y,total_gain,0.0,norway
NOR_30Y,5,Block_COVID,COVID,block_cv,nor_i44_chg_1d,total_gain,0.0,norway
NOR_30Y,5,Block_COVID,COVID,block_cv,nor_i44_level,total_gain,0.008924044668674469,norway
NOR_30Y,5,Block_COVID,COVID,block_cv,nor_i44_mom_1m,total_gain,0.21368926763534546,norway
NOR_30Y,5,Block_COVID,COVID,block_cv,nor_i44_mom_3m,total_gain,0.332668274641037,norway
NOR_30Y,5,Block_COVID,COVID,block_cv,nor_i44_rvol_20d,total_gain,0.0,norway
NOR_30Y,5,Block_COVID,COVID,block_cv,nor_kpi_yoy,total_gain,0.2734040319919586,norway
NOR_30Y,5,Block_COVID,COVID,block_cv,nor_kpijae_yoy,total_gain,0.0454014390707016,norway
NOR_30Y,5,Block_COVID,COVID,block_cv,nor_nibor_nowa_spread,total_gain,0.0,norway
NOR_30Y,5,Block_COVID,COVID,block_cv,nor_nowa_level,total_gain,0.0,norway
NOR_30Y,5,Block_COVID,COVID,block_cv,nor_polrate_chg_1d,total_gain,0.0,norway
NOR_30Y,5,Block_COVID,COVID,block_cv,nor_polrate_days_since_chg,total_gain,0.0,norway
NOR_30Y,5,Block_COVID,COVID,block_cv,nor_polrate_level,total_gain,0.0,norway
NOR_30Y,5,Block_COVID,COVID,block_cv,nor_rb_rate_chg,total_gain,0.0,norway
NOR_30Y,5,Block_COVID,COVID,block_cv,nor_rb_rate_level,total_gain,0.0,norway
NOR_30Y,5,Block_COVID,COVID,block_cv,nor_unemp,total_gain,0.054702699184417725,norway
NOR_30Y,5,Block_COVID,COVID,block_cv,nor_usdnok_chg_1d,total_gain,0.10777297616004944,norway
NOR_30Y,5,Block_COVID,COVID,block_cv,nor_usdnok_level,total_gain,0.17034479975700378,norway
NOR_30Y,5,Block_COVID,COVID,block_cv,nor_usdnok_mom_1m,total_gain,0.0,norway
NOR_30Y,5,Block_COVID,COVID,block_cv,nor_usdnok_mom_3m,total_gain,0.17376063764095306,norway
NOR_30Y,5,Block_COVID,COVID,block_cv,nor_usdnok_rvol_20d,total_gain,0.0,norway
NOR_30Y,5,Block_COVID,COVID,block_cv,swap_govt_spread,total_gain,0.0,norway
NOR_30Y,5,Block_COVID,COVID,block_cv,xmpca_01,total_gain,0.20340833067893982,cross_market
NOR_30Y,5,Block_COVID,COVID,block_cv,xmpca_02,total_gain,0.15742945671081543,cross_market
NOR_30Y,5,Block_COVID,COVID,block_cv,xmpca_03,total_gain,0.0,cross_market
NOR_30Y,5,Block_COVID,COVID,block_cv,xmpca_04,total_gain,0.12226860225200653,cross_market
NOR_30Y,5,Block_COVID,COVID,block_cv,xmpca_05,total_gain,0.018339235335588455,cross_market
NOR_30Y,5,Block_COVID,COVID,block_cv,xmpca_06,total_gain,0.06459823250770569,cross_market
NOR_30Y,5,Block_COVID,COVID,block_cv,xmpca_07,total_gain,0.06809218972921371,cross_market
NOR_30Y,5,Block_COVID,COVID,block_cv,xmpca_08,total_gain,0.04540620371699333,cross_market
NOR_30Y,5,Block_COVID,COVID,block_cv,xmpca_09,total_gain,0.3729783296585083,cross_market
NOR_30Y,5,Block_COVID,COVID,block_cv,xmpca_10,total_gain,0.008739590644836426,cross_market
NOR_30Y,5,Block_COVID,COVID,block_cv,xmpca_11,total_gain,0.0,cross_market
NOR_30Y,5,Block_COVID,COVID,block_cv,xmpca_12,total_gain,0.06085433065891266,cross_market
NOR_30Y,5,Block_COVID,COVID,block_cv,chg_lag1,total_cover,140.0,momentum
NOR_30Y,5,Block_COVID,COVID,block_cv,chg_lag2,total_cover,80.0,momentum
NOR_30Y,5,Block_COVID,COVID,block_cv,chg_lag3,total_cover,67.0,momentum
NOR_30Y,5,Block_COVID,COVID,block_cv,chg_lag4,total_cover,0.0,momentum
NOR_30Y,5,Block_COVID,COVID,block_cv,chg_lag5,total_cover,3.0,momentum
NOR_30Y,5,Block_COVID,COVID,block_cv,carry_roll,total_cover,5385.0,carry_roll
NOR_30Y,5,Block_COVID,COVID,block_cv,mom_63d,total_cover,921.0,momentum
NOR_30Y,5,Block_COVID,COVID,block_cv,mom_1m,total_cover,2167.0,momentum
NOR_30Y,5,Block_COVID,COVID,block_cv,mom_3m,total_cover,129.0,momentum
NOR_30Y,5,Block_COVID,COVID,block_cv,mom_6m,total_cover,4635.0,momentum
NOR_30Y,5,Block_COVID,COVID,block_cv,mom_12m,total_cover,8.0,momentum
NOR_30Y,5,Block_COVID,COVID,block_cv,dev_ma_3m,total_cover,4103.0,curve
NOR_30Y,5,Block_COVID,COVID,block_cv,dev_ma_12m,total_cover,2199.0,curve
NOR_30Y,5,Block_COVID,COVID,block_cv,vol_20d,total_cover,1898.0,vol
NOR_30Y,5,Block_COVID,COVID,block_cv,vol_regime,total_cover,0.0,vol
NOR_30Y,5,Block_COVID,COVID,block_cv,vol_zscore,total_cover,7.0,vol
NOR_30Y,5,Block_COVID,COVID,block_cv,level_zscore,total_cover,0.0,curve
NOR_30Y,5,Block_COVID,COVID,block_cv,slope_10_1,total_cover,194.0,curve
NOR_30Y,5,Block_COVID,COVID,block_cv,slope_10_5,total_cover,32.0,curve
NOR_30Y,5,Block_COVID,COVID,block_cv,slope_5_1,total_cover,2209.0,curve
NOR_30Y,5,Block_COVID,COVID,block_cv,sofr_mom_1m,total_cover,5639.0,macro
NOR_30Y,5,Block_COVID,COVID,block_cv,ibor_level,total_cover,85.0,macro
NOR_30Y,5,Block_COVID,COVID,block_cv,ibor_chg_1d,total_cover,2252.0,macro
NOR_30Y,5,Block_COVID,COVID,block_cv,ibor_mom_1m,total_cover,12317.0,macro
NOR_30Y,5,Block_COVID,COVID,block_cv,ibor_term_slope,total_cover,0.0,macro
NOR_30Y,5,Block_COVID,COVID,block_cv,swap_ibor_basis,total_cover,2019.0,curve
NOR_30Y,5,Block_COVID,COVID,block_cv,move_level,total_cover,122.0,vol
NOR_30Y,5,Block_COVID,COVID,block_cv,move_zscore,total_cover,24.0,vol
NOR_30Y,5,Block_COVID,COVID,block_cv,vix_level,total_cover,0.0,vol
NOR_30Y,5,Block_COVID,COVID,block_cv,vix_zscore,total_cover,47.0,vol
NOR_30Y,5,Block_COVID,COVID,block_cv,v2x_level,total_cover,4431.0,vol
NOR_30Y,5,Block_COVID,COVID,block_cv,vxn_level,total_cover,0.0,vol
NOR_30Y,5,Block_COVID,COVID,block_cv,ovx_level,total_cover,332.0,vol
NOR_30Y,5,Block_COVID,COVID,block_cv,gvz_level,total_cover,162.0,vol
NOR_30Y,5,Block_COVID,COVID,block_cv,spx_mom_1m,total_cover,85.0,macro
NOR_30Y,5,Block_COVID,COVID,block_cv,spx_mom_3m,total_cover,2753.0,macro
NOR_30Y,5,Block_COVID,COVID,block_cv,sx5e_mom_1m,total_cover,27.0,macro
NOR_30Y,5,Block_COVID,COVID,block_cv,sx5e_mom_3m,total_cover,113.0,macro
NOR_30Y,5,Block_COVID,COVID,block_cv,mxwo_mom_1m,total_cover,4102.0,macro
NOR_30Y,5,Block_COVID,COVID,block_cv,ndx_mom_1m,total_cover,90.0,macro
NOR_30Y,5,Block_COVID,COVID,block_cv,oil_mom_1m,total_cover,343.0,macro
NOR_30Y,5,Block_COVID,COVID,block_cv,oil_mom_3m,total_cover,2233.0,macro
NOR_30Y,5,Block_COVID,COVID,block_cv,copper_mom_1m,total_cover,0.0,macro
NOR_30Y,5,Block_COVID,COVID,block_cv,opec_prod,total_cover,1185.0,macro
NOR_30Y,5,Block_COVID,COVID,block_cv,natgas_mom_1m,total_cover,2237.0,macro
NOR_30Y,5,Block_COVID,COVID,block_cv,be5y_level,total_cover,0.0,macro
NOR_30Y,5,Block_COVID,COVID,block_cv,be10y_level,total_cover,0.0,macro
NOR_30Y,5,Block_COVID,COVID,block_cv,be_slope,total_cover,0.0,macro
NOR_30Y,5,Block_COVID,COVID,block_cv,be5y_chg_1m,total_cover,1481.0,macro
NOR_30Y,5,Block_COVID,COVID,block_cv,ig_spread,total_cover,0.0,credit
NOR_30Y,5,Block_COVID,COVID,block_cv,hy_spread,total_cover,0.0,credit
NOR_30Y,5,Block_COVID,COVID,block_cv,ig_chg_1m,total_cover,0.0,credit
NOR_30Y,5,Block_COVID,COVID,block_cv,hy_chg_1m,total_cover,0.0,credit
NOR_30Y,5,Block_COVID,COVID,block_cv,cpi_yoy,total_cover,28.0,macro
NOR_30Y,5,Block_COVID,COVID,block_cv,pce_core_chg,total_cover,4291.0,macro
NOR_30Y,5,Block_COVID,COVID,block_cv,nfp_change,total_cover,9399.0,macro
NOR_30Y,5,Block_COVID,COVID,block_cv,pmi_us,total_cover,277.0,macro
NOR_30Y,5,Block_COVID,COVID,block_cv,pmi_eur,total_cover,0.0,macro
NOR_30Y,5,Block_COVID,COVID,block_cv,unemp_eur,total_cover,2144.0,macro
NOR_30Y,5,Block_COVID,COVID,block_cv,cpi_nsa_level,total_cover,0.0,macro
NOR_30Y,5,Block_COVID,COVID,block_cv,pce_core_level,total_cover,0.0,macro
NOR_30Y,5,Block_COVID,COVID,block_cv,eur_3m,total_cover,329.0,macro
NOR_30Y,5,Block_COVID,COVID,block_cv,eur_1w,total_cover,0.0,macro
NOR_30Y,5,Block_COVID,COVID,block_cv,nor_ibor_1m,total_cover,2140.0,norway
NOR_30Y,5,Block_COVID,COVID,block_cv,nor_ibor_6m,total_cover,0.0,norway
NOR_30Y,5,Block_COVID,COVID,block_cv,nor_ecb_dfr_chg,total_cover,0.0,norway
NOR_30Y,5,Block_COVID,COVID,block_cv,nor_ecb_dfr_level,total_cover,0.0,norway
NOR_30Y,5,Block_COVID,COVID,block_cv,nor_eurnok_chg_1d,total_cover,564.0,norway
NOR_30Y,5,Block_COVID,COVID,block_cv,nor_eurnok_level,total_cover,0.0,norway
NOR_30Y,5,Block_COVID,COVID,block_cv,nor_eurnok_mom_1m,total_cover,1998.0,norway
NOR_30Y,5,Block_COVID,COVID,block_cv,nor_eurnok_mom_3m,total_cover,13.0,norway
NOR_30Y,5,Block_COVID,COVID,block_cv,nor_eurnok_rvol_20d,total_cover,2001.0,norway
NOR_30Y,5,Block_COVID,COVID,block_cv,nor_govt_10y,total_cover,342.0,norway
NOR_30Y,5,Block_COVID,COVID,block_cv,nor_govt_3y,total_cover,0.0,norway
NOR_30Y,5,Block_COVID,COVID,block_cv,nor_govt_5y,total_cover,0.0,norway
NOR_30Y,5,Block_COVID,COVID,block_cv,nor_i44_chg_1d,total_cover,0.0,norway
NOR_30Y,5,Block_COVID,COVID,block_cv,nor_i44_level,total_cover,19.0,norway
NOR_30Y,5,Block_COVID,COVID,block_cv,nor_i44_mom_1m,total_cover,284.0,norway
NOR_30Y,5,Block_COVID,COVID,block_cv,nor_i44_mom_3m,total_cover,6182.0,norway
NOR_30Y,5,Block_COVID,COVID,block_cv,nor_i44_rvol_20d,total_cover,0.0,norway
NOR_30Y,5,Block_COVID,COVID,block_cv,nor_kpi_yoy,total_cover,2671.0,norway
NOR_30Y,5,Block_COVID,COVID,block_cv,nor_kpijae_yoy,total_cover,56.0,norway
NOR_30Y,5,Block_COVID,COVID,block_cv,nor_nibor_nowa_spread,total_cover,0.0,norway
NOR_30Y,5,Block_COVID,COVID,block_cv,nor_nowa_level,total_cover,0.0,norway
NOR_30Y,5,Block_COVID,COVID,block_cv,nor_polrate_chg_1d,total_cover,0.0,norway
NOR_30Y,5,Block_COVID,COVID,block_cv,nor_polrate_days_since_chg,total_cover,0.0,norway
NOR_30Y,5,Block_COVID,COVID,block_cv,nor_polrate_level,total_cover,0.0,norway
NOR_30Y,5,Block_COVID,COVID,block_cv,nor_rb_rate_chg,total_cover,0.0,norway
NOR_30Y,5,Block_COVID,COVID,block_cv,nor_rb_rate_level,total_cover,0.0,norway
NOR_30Y,5,Block_COVID,COVID,block_cv,nor_unemp,total_cover,1543.0,norway
NOR_30Y,5,Block_COVID,COVID,block_cv,nor_usdnok_chg_1d,total_cover,24.0,norway
NOR_30Y,5,Block_COVID,COVID,block_cv,nor_usdnok_level,total_cover,1437.0,norway
NOR_30Y,5,Block_COVID,COVID,block_cv,nor_usdnok_mom_1m,total_cover,0.0,norway
NOR_30Y,5,Block_COVID,COVID,block_cv,nor_usdnok_mom_3m,total_cover,3499.0,norway
NOR_30Y,5,Block_COVID,COVID,block_cv,nor_usdnok_rvol_20d,total_cover,0.0,norway
NOR_30Y,5,Block_COVID,COVID,block_cv,swap_govt_spread,total_cover,0.0,norway
NOR_30Y,5,Block_COVID,COVID,block_cv,xmpca_01,total_cover,659.0,cross_market
NOR_30Y,5,Block_COVID,COVID,block_cv,xmpca_02,total_cover,3055.0,cross_market
NOR_30Y,5,Block_COVID,COVID,block_cv,xmpca_03,total_cover,0.0,cross_market
NOR_30Y,5,Block_COVID,COVID,block_cv,xmpca_04,total_cover,16.0,cross_market
NOR_30Y,5,Block_COVID,COVID,block_cv,xmpca_05,total_cover,5.0,cross_market
NOR_30Y,5,Block_COVID,COVID,block_cv,xmpca_06,total_cover,33.0,cross_market
NOR_30Y,5,Block_COVID,COVID,block_cv,xmpca_07,total_cover,2152.0,cross_market
NOR_30Y,5,Block_COVID,COVID,block_cv,xmpca_08,total_cover,23.0,cross_market
NOR_30Y,5,Block_COVID,COVID,block_cv,xmpca_09,total_cover,7717.0,cross_market
NOR_30Y,5,Block_COVID,COVID,block_cv,xmpca_10,total_cover,18.0,cross_market
NOR_30Y,5,Block_COVID,COVID,block_cv,xmpca_11,total_cover,0.0,cross_market
NOR_30Y,5,Block_COVID,COVID,block_cv,xmpca_12,total_cover,23.0,cross_market
NOR_30Y,5,Block_COVID,COVID,block_cv,chg_lag1,shap_mean_abs,0.00017146779282484204,momentum
NOR_30Y,5,Block_COVID,COVID,block_cv,chg_lag2,shap_mean_abs,0.0003334674402140081,momentum
NOR_30Y,5,Block_COVID,COVID,block_cv,chg_lag3,shap_mean_abs,6.250899605220184e-05,momentum
NOR_30Y,5,Block_COVID,COVID,block_cv,chg_lag4,shap_mean_abs,0.0,momentum
NOR_30Y,5,Block_COVID,COVID,block_cv,chg_lag5,shap_mean_abs,2.495816488590208e-06,momentum
NOR_30Y,5,Block_COVID,COVID,block_cv,carry_roll,shap_mean_abs,0.0001902810181491077,carry_roll
NOR_30Y,5,Block_COVID,COVID,block_cv,mom_63d,shap_mean_abs,0.00045063873403705657,momentum
NOR_30Y,5,Block_COVID,COVID,block_cv,mom_1m,shap_mean_abs,0.0006579902255907655,momentum
NOR_30Y,5,Block_COVID,COVID,block_cv,mom_3m,shap_mean_abs,0.00027058360865339637,momentum
NOR_30Y,5,Block_COVID,COVID,block_cv,mom_6m,shap_mean_abs,0.0014427200658246875,momentum
NOR_30Y,5,Block_COVID,COVID,block_cv,mom_12m,shap_mean_abs,0.00014552351785823703,momentum
NOR_30Y,5,Block_COVID,COVID,block_cv,dev_ma_3m,shap_mean_abs,0.0007163688424043357,curve
NOR_30Y,5,Block_COVID,COVID,block_cv,dev_ma_12m,shap_mean_abs,0.0002455166250001639,curve
NOR_30Y,5,Block_COVID,COVID,block_cv,vol_20d,shap_mean_abs,0.0007224054425023496,vol
NOR_30Y,5,Block_COVID,COVID,block_cv,vol_regime,shap_mean_abs,0.0,vol
NOR_30Y,5,Block_COVID,COVID,block_cv,vol_zscore,shap_mean_abs,1.5156327208387665e-05,vol
NOR_30Y,5,Block_COVID,COVID,block_cv,level_zscore,shap_mean_abs,0.0,curve
NOR_30Y,5,Block_COVID,COVID,block_cv,slope_10_1,shap_mean_abs,0.001537966076284647,curve
NOR_30Y,5,Block_COVID,COVID,block_cv,slope_10_5,shap_mean_abs,3.822699363809079e-05,curve
NOR_30Y,5,Block_COVID,COVID,block_cv,slope_5_1,shap_mean_abs,0.0001667892065597698,curve
NOR_30Y,5,Block_COVID,COVID,block_cv,sofr_mom_1m,shap_mean_abs,0.0009609605767764151,macro
NOR_30Y,5,Block_COVID,COVID,block_cv,ibor_level,shap_mean_abs,5.996502659399994e-05,macro
NOR_30Y,5,Block_COVID,COVID,block_cv,ibor_chg_1d,shap_mean_abs,8.934499055612832e-05,macro
NOR_30Y,5,Block_COVID,COVID,block_cv,ibor_mom_1m,shap_mean_abs,0.0005215705605223775,macro
NOR_30Y,5,Block_COVID,COVID,block_cv,ibor_term_slope,shap_mean_abs,0.0,macro
NOR_30Y,5,Block_COVID,COVID,block_cv,swap_ibor_basis,shap_mean_abs,7.099306822055951e-05,curve
NOR_30Y,5,Block_COVID,COVID,block_cv,move_level,shap_mean_abs,0.0001396702282363549,vol
NOR_30Y,5,Block_COVID,COVID,block_cv,move_zscore,shap_mean_abs,1.8040978829958476e-05,vol
NOR_30Y,5,Block_COVID,COVID,block_cv,vix_level,shap_mean_abs,0.0,vol
NOR_30Y,5,Block_COVID,COVID,block_cv,vix_zscore,shap_mean_abs,0.0002609246876090765,vol
NOR_30Y,5,Block_COVID,COVID,block_cv,v2x_level,shap_mean_abs,0.00046121954801492393,vol
NOR_30Y,5,Block_COVID,COVID,block_cv,vxn_level,shap_mean_abs,0.0,vol
NOR_30Y,5,Block_COVID,COVID,block_cv,ovx_level,shap_mean_abs,0.0002183323522331193,vol
NOR_30Y,5,Block_COVID,COVID,block_cv,gvz_level,shap_mean_abs,0.00028311775531619787,vol
NOR_30Y,5,Block_COVID,COVID,block_cv,spx_mom_1m,shap_mean_abs,0.00014683745393995196,macro
NOR_30Y,5,Block_COVID,COVID,block_cv,spx_mom_3m,shap_mean_abs,0.00010987255518557504,macro
NOR_30Y,5,Block_COVID,COVID,block_cv,sx5e_mom_1m,shap_mean_abs,0.00011842005187645555,macro
NOR_30Y,5,Block_COVID,COVID,block_cv,sx5e_mom_3m,shap_mean_abs,0.0002574968384578824,macro
NOR_30Y,5,Block_COVID,COVID,block_cv,mxwo_mom_1m,shap_mean_abs,0.0003028017526958138,macro
NOR_30Y,5,Block_COVID,COVID,block_cv,ndx_mom_1m,shap_mean_abs,7.554491457995027e-05,macro
NOR_30Y,5,Block_COVID,COVID,block_cv,oil_mom_1m,shap_mean_abs,0.00046762952115386724,macro
NOR_30Y,5,Block_COVID,COVID,block_cv,oil_mom_3m,shap_mean_abs,0.0009527616784907877,macro
NOR_30Y,5,Block_COVID,COVID,block_cv,copper_mom_1m,shap_mean_abs,0.0,macro
NOR_30Y,5,Block_COVID,COVID,block_cv,opec_prod,shap_mean_abs,0.0001808140950743109,macro
NOR_30Y,5,Block_COVID,COVID,block_cv,natgas_mom_1m,shap_mean_abs,0.0008823969983495772,macro
NOR_30Y,5,Block_COVID,COVID,block_cv,be5y_level,shap_mean_abs,0.0,macro
NOR_30Y,5,Block_COVID,COVID,block_cv,be10y_level,shap_mean_abs,0.0,macro
NOR_30Y,5,Block_COVID,COVID,block_cv,be_slope,shap_mean_abs,0.0,macro
NOR_30Y,5,Block_COVID,COVID,block_cv,be5y_chg_1m,shap_mean_abs,1.8877297407016158e-05,macro
NOR_30Y,5,Block_COVID,COVID,block_cv,ig_spread,shap_mean_abs,0.0,credit
NOR_30Y,5,Block_COVID,COVID,block_cv,hy_spread,shap_mean_abs,0.0,credit
NOR_30Y,5,Block_COVID,COVID,block_cv,ig_chg_1m,shap_mean_abs,0.0,credit
NOR_30Y,5,Block_COVID,COVID,block_cv,hy_chg_1m,shap_mean_abs,0.0,credit
NOR_30Y,5,Block_COVID,COVID,block_cv,cpi_yoy,shap_mean_abs,1.794370291463565e-05,macro
NOR_30Y,5,Block_COVID,COVID,block_cv,pce_core_chg,shap_mean_abs,0.0012707667192444205,macro
NOR_30Y,5,Block_COVID,COVID,block_cv,nfp_change,shap_mean_abs,0.008340382017195225,macro
NOR_30Y,5,Block_COVID,COVID,block_cv,pmi_us,shap_mean_abs,0.000386544648790732,macro
NOR_30Y,5,Block_COVID,COVID,block_cv,pmi_eur,shap_mean_abs,0.0,macro
NOR_30Y,5,Block_COVID,COVID,block_cv,unemp_eur,shap_mean_abs,0.0010486907558515668,macro
NOR_30Y,5,Block_COVID,COVID,block_cv,cpi_nsa_level,shap_mean_abs,0.0,macro
NOR_30Y,5,Block_COVID,COVID,block_cv,pce_core_level,shap_mean_abs,0.0,macro
NOR_30Y,5,Block_COVID,COVID,block_cv,eur_3m,shap_mean_abs,5.093590516480617e-05,macro
NOR_30Y,5,Block_COVID,COVID,block_cv,eur_1w,shap_mean_abs,0.0,macro
NOR_30Y,5,Block_COVID,COVID,block_cv,nor_ibor_1m,shap_mean_abs,4.452017674339004e-05,norway
NOR_30Y,5,Block_COVID,COVID,block_cv,nor_ibor_6m,shap_mean_abs,0.0,norway
NOR_30Y,5,Block_COVID,COVID,block_cv,nor_ecb_dfr_chg,shap_mean_abs,0.0,norway
NOR_30Y,5,Block_COVID,COVID,block_cv,nor_ecb_dfr_level,shap_mean_abs,0.0,norway
NOR_30Y,5,Block_COVID,COVID,block_cv,nor_eurnok_chg_1d,shap_mean_abs,0.0009947152575477958,norway
NOR_30Y,5,Block_COVID,COVID,block_cv,nor_eurnok_level,shap_mean_abs,0.0,norway
NOR_30Y,5,Block_COVID,COVID,block_cv,nor_eurnok_mom_1m,shap_mean_abs,0.0005823501269333065,norway
NOR_30Y,5,Block_COVID,COVID,block_cv,nor_eurnok_mom_3m,shap_mean_abs,4.031606295029633e-05,norway
NOR_30Y,5,Block_COVID,COVID,block_cv,nor_eurnok_rvol_20d,shap_mean_abs,0.00018657016335055232,norway
NOR_30Y,5,Block_COVID,COVID,block_cv,nor_govt_10y,shap_mean_abs,0.00022324948804453015,norway
NOR_30Y,5,Block_COVID,COVID,block_cv,nor_govt_3y,shap_mean_abs,0.0,norway
NOR_30Y,5,Block_COVID,COVID,block_cv,nor_govt_5y,shap_mean_abs,0.0,norway
NOR_30Y,5,Block_COVID,COVID,block_cv,nor_i44_chg_1d,shap_mean_abs,0.0,norway
NOR_30Y,5,Block_COVID,COVID,block_cv,nor_i44_level,shap_mean_abs,0.0002797795459628105,norway
NOR_30Y,5,Block_COVID,COVID,block_cv,nor_i44_mom_1m,shap_mean_abs,0.00014918058877810836,norway
NOR_30Y,5,Block_COVID,COVID,block_cv,nor_i44_mom_3m,shap_mean_abs,0.0005710117984563112,norway
NOR_30Y,5,Block_COVID,COVID,block_cv,nor_i44_rvol_20d,shap_mean_abs,0.0,norway
NOR_30Y,5,Block_COVID,COVID,block_cv,nor_kpi_yoy,shap_mean_abs,0.00014641604502685368,norway
NOR_30Y,5,Block_COVID,COVID,block_cv,nor_kpijae_yoy,shap_mean_abs,9.010124631458893e-05,norway
NOR_30Y,5,Block_COVID,COVID,block_cv,nor_nibor_nowa_spread,shap_mean_abs,0.0,norway
NOR_30Y,5,Block_COVID,COVID,block_cv,nor_nowa_level,shap_mean_abs,0.0,norway
NOR_30Y,5,Block_COVID,COVID,block_cv,nor_polrate_chg_1d,shap_mean_abs,0.0,norway
NOR_30Y,5,Block_COVID,COVID,block_cv,nor_polrate_days_since_chg,shap_mean_abs,0.0,norway
NOR_30Y,5,Block_COVID,COVID,block_cv,nor_polrate_level,shap_mean_abs,0.0,norway
NOR_30Y,5,Block_COVID,COVID,block_cv,nor_rb_rate_chg,shap_mean_abs,0.0,norway
NOR_30Y,5,Block_COVID,COVID,block_cv,nor_rb_rate_level,shap_mean_abs,0.0,norway
NOR_30Y,5,Block_COVID,COVID,block_cv,nor_unemp,shap_mean_abs,0.0002816140477079898,norway
NOR_30Y,5,Block_COVID,COVID,block_cv,nor_usdnok_chg_1d,shap_mean_abs,4.720948345493525e-05,norway
NOR_30Y,5,Block_COVID,COVID,block_cv,nor_usdnok_level,shap_mean_abs,0.00021741981618106365,norway
NOR_30Y,5,Block_COVID,COVID,block_cv,nor_usdnok_mom_1m,shap_mean_abs,0.0,norway
NOR_30Y,5,Block_COVID,COVID,block_cv,nor_usdnok_mom_3m,shap_mean_abs,0.0006804513977840543,norway
NOR_30Y,5,Block_COVID,COVID,block_cv,nor_usdnok_rvol_20d,shap_mean_abs,0.0,norway
NOR_30Y,5,Block_COVID,COVID,block_cv,swap_govt_spread,shap_mean_abs,0.0,norway
NOR_30Y,5,Block_COVID,COVID,block_cv,xmpca_01,shap_mean_abs,0.0005981147987768054,cross_market
NOR_30Y,5,Block_COVID,COVID,block_cv,xmpca_02,shap_mean_abs,0.0003419264394324273,cross_market
NOR_30Y,5,Block_COVID,COVID,block_cv,xmpca_03,shap_mean_abs,0.0,cross_market
NOR_30Y,5,Block_COVID,COVID,block_cv,xmpca_04,shap_mean_abs,8.430550224147737e-05,cross_market
NOR_30Y,5,Block_COVID,COVID,block_cv,xmpca_05,shap_mean_abs,1.610763865755871e-05,cross_market
NOR_30Y,5,Block_COVID,COVID,block_cv,xmpca_06,shap_mean_abs,0.0007595632341690361,cross_market
NOR_30Y,5,Block_COVID,COVID,block_cv,xmpca_07,shap_mean_abs,0.00018903118325397372,cross_market
NOR_30Y,5,Block_COVID,COVID,block_cv,xmpca_08,shap_mean_abs,0.00032699352595955133,cross_market
NOR_30Y,5,Block_COVID,COVID,block_cv,xmpca_09,shap_mean_abs,0.00043724029092118144,cross_market
NOR_30Y,5,Block_COVID,COVID,block_cv,xmpca_10,shap_mean_abs,0.0005978127592243254,cross_market
NOR_30Y,5,Block_COVID,COVID,block_cv,xmpca_11,shap_mean_abs,0.0,cross_market
NOR_30Y,5,Block_COVID,COVID,block_cv,xmpca_12,shap_mean_abs,0.00011248824739595875,cross_market
NOR_30Y,5,Block_Hiking,Hiking,block_cv,chg_lag1,gain,0.009795719757676125,momentum
NOR_30Y,5,Block_Hiking,Hiking,block_cv,chg_lag2,gain,0.008785826154053211,momentum
NOR_30Y,5,Block_Hiking,Hiking,block_cv,chg_lag3,gain,0.0016640126705169678,momentum
NOR_30Y,5,Block_Hiking,Hiking,block_cv,chg_lag4,gain,0.0,momentum
NOR_30Y,5,Block_Hiking,Hiking,block_cv,chg_lag5,gain,0.02034713327884674,momentum
NOR_30Y,5,Block_Hiking,Hiking,block_cv,carry_roll,gain,0.07098817080259323,carry_roll
NOR_30Y,5,Block_Hiking,Hiking,block_cv,mom_63d,gain,0.02392762154340744,momentum
NOR_30Y,5,Block_Hiking,Hiking,block_cv,mom_1m,gain,0.05656266212463379,momentum
NOR_30Y,5,Block_Hiking,Hiking,block_cv,mom_3m,gain,0.0,momentum
NOR_30Y,5,Block_Hiking,Hiking,block_cv,mom_6m,gain,0.07670967280864716,momentum
NOR_30Y,5,Block_Hiking,Hiking,block_cv,mom_12m,gain,0.08463047444820404,momentum
NOR_30Y,5,Block_Hiking,Hiking,block_cv,dev_ma_3m,gain,0.09239411354064941,curve
NOR_30Y,5,Block_Hiking,Hiking,block_cv,dev_ma_12m,gain,0.18925423920154572,curve
NOR_30Y,5,Block_Hiking,Hiking,block_cv,vol_20d,gain,0.04943908005952835,vol
NOR_30Y,5,Block_Hiking,Hiking,block_cv,vol_regime,gain,0.0,vol
NOR_30Y,5,Block_Hiking,Hiking,block_cv,vol_zscore,gain,0.03145955502986908,vol
NOR_30Y,5,Block_Hiking,Hiking,block_cv,level_zscore,gain,0.05839992314577103,curve
NOR_30Y,5,Block_Hiking,Hiking,block_cv,slope_10_1,gain,0.0,curve
NOR_30Y,5,Block_Hiking,Hiking,block_cv,slope_10_5,gain,0.0456819050014019,curve
NOR_30Y,5,Block_Hiking,Hiking,block_cv,slope_5_1,gain,0.0,curve
NOR_30Y,5,Block_Hiking,Hiking,block_cv,sofr_mom_1m,gain,0.061743076890707016,macro
NOR_30Y,5,Block_Hiking,Hiking,block_cv,ibor_level,gain,0.0,macro
NOR_30Y,5,Block_Hiking,Hiking,block_cv,ibor_chg_1d,gain,0.10101958364248276,macro
NOR_30Y,5,Block_Hiking,Hiking,block_cv,ibor_mom_1m,gain,0.08486704528331757,macro
NOR_30Y,5,Block_Hiking,Hiking,block_cv,ibor_term_slope,gain,0.06771436333656311,macro
NOR_30Y,5,Block_Hiking,Hiking,block_cv,swap_ibor_basis,gain,0.05104541778564453,curve
NOR_30Y,5,Block_Hiking,Hiking,block_cv,move_level,gain,0.08821257948875427,vol
NOR_30Y,5,Block_Hiking,Hiking,block_cv,move_zscore,gain,0.0,vol
NOR_30Y,5,Block_Hiking,Hiking,block_cv,vix_level,gain,0.0,vol
NOR_30Y,5,Block_Hiking,Hiking,block_cv,vix_zscore,gain,0.0,vol
NOR_30Y,5,Block_Hiking,Hiking,block_cv,v2x_level,gain,0.059770505875349045,vol
NOR_30Y,5,Block_Hiking,Hiking,block_cv,vxn_level,gain,0.1109989583492279,vol
NOR_30Y,5,Block_Hiking,Hiking,block_cv,ovx_level,gain,0.058293502777814865,vol
NOR_30Y,5,Block_Hiking,Hiking,block_cv,gvz_level,gain,0.059045836329460144,vol
NOR_30Y,5,Block_Hiking,Hiking,block_cv,spx_mom_1m,gain,0.06436604261398315,macro
NOR_30Y,5,Block_Hiking,Hiking,block_cv,spx_mom_3m,gain,0.11848004162311554,macro
NOR_30Y,5,Block_Hiking,Hiking,block_cv,sx5e_mom_1m,gain,0.04082473739981651,macro
NOR_30Y,5,Block_Hiking,Hiking,block_cv,sx5e_mom_3m,gain,0.0,macro
NOR_30Y,5,Block_Hiking,Hiking,block_cv,mxwo_mom_1m,gain,0.07640426605939865,macro
NOR_30Y,5,Block_Hiking,Hiking,block_cv,ndx_mom_1m,gain,0.10729781538248062,macro
NOR_30Y,5,Block_Hiking,Hiking,block_cv,oil_mom_1m,gain,0.09755703061819077,macro
NOR_30Y,5,Block_Hiking,Hiking,block_cv,oil_mom_3m,gain,0.0849098488688469,macro
NOR_30Y,5,Block_Hiking,Hiking,block_cv,copper_mom_1m,gain,0.057064931839704514,macro
NOR_30Y,5,Block_Hiking,Hiking,block_cv,opec_prod,gain,0.06908257305622101,macro
NOR_30Y,5,Block_Hiking,Hiking,block_cv,natgas_mom_1m,gain,0.0,macro
NOR_30Y,5,Block_Hiking,Hiking,block_cv,be5y_level,gain,0.029641475528478622,macro
NOR_30Y,5,Block_Hiking,Hiking,block_cv,be10y_level,gain,0.0,macro
NOR_30Y,5,Block_Hiking,Hiking,block_cv,be_slope,gain,0.0,macro
NOR_30Y,5,Block_Hiking,Hiking,block_cv,be5y_chg_1m,gain,0.0,macro
NOR_30Y,5,Block_Hiking,Hiking,block_cv,ig_spread,gain,0.0,credit
NOR_30Y,5,Block_Hiking,Hiking,block_cv,hy_spread,gain,0.0,credit
NOR_30Y,5,Block_Hiking,Hiking,block_cv,ig_chg_1m,gain,0.0,credit
NOR_30Y,5,Block_Hiking,Hiking,block_cv,hy_chg_1m,gain,0.0,credit
NOR_30Y,5,Block_Hiking,Hiking,block_cv,cpi_yoy,gain,0.05910233035683632,macro
NOR_30Y,5,Block_Hiking,Hiking,block_cv,pce_core_chg,gain,0.0,macro
NOR_30Y,5,Block_Hiking,Hiking,block_cv,nfp_change,gain,0.0,macro
NOR_30Y,5,Block_Hiking,Hiking,block_cv,pmi_us,gain,0.07831324636936188,macro
NOR_30Y,5,Block_Hiking,Hiking,block_cv,pmi_eur,gain,0.0,macro
NOR_30Y,5,Block_Hiking,Hiking,block_cv,unemp_eur,gain,0.0588657408952713,macro
NOR_30Y,5,Block_Hiking,Hiking,block_cv,cpi_nsa_level,gain,0.0,macro
NOR_30Y,5,Block_Hiking,Hiking,block_cv,pce_core_level,gain,0.0,macro
NOR_30Y,5,Block_Hiking,Hiking,block_cv,eur_3m,gain,0.06689271330833435,macro
NOR_30Y,5,Block_Hiking,Hiking,block_cv,eur_1w,gain,0.0,macro
NOR_30Y,5,Block_Hiking,Hiking,block_cv,nor_ibor_1m,gain,0.0,norway
NOR_30Y,5,Block_Hiking,Hiking,block_cv,nor_ibor_6m,gain,0.02999420464038849,norway
NOR_30Y,5,Block_Hiking,Hiking,block_cv,nor_ecb_dfr_chg,gain,0.0,norway
NOR_30Y,5,Block_Hiking,Hiking,block_cv,nor_ecb_dfr_level,gain,0.0,norway
NOR_30Y,5,Block_Hiking,Hiking,block_cv,nor_eurnok_chg_1d,gain,0.0,norway
NOR_30Y,5,Block_Hiking,Hiking,block_cv,nor_eurnok_level,gain,0.057500019669532776,norway
NOR_30Y,5,Block_Hiking,Hiking,block_cv,nor_eurnok_mom_1m,gain,0.0,norway
NOR_30Y,5,Block_Hiking,Hiking,block_cv,nor_eurnok_mom_3m,gain,0.060816626995801926,norway
NOR_30Y,5,Block_Hiking,Hiking,block_cv,nor_eurnok_rvol_20d,gain,0.0,norway
NOR_30Y,5,Block_Hiking,Hiking,block_cv,nor_govt_10y,gain,0.0,norway
NOR_30Y,5,Block_Hiking,Hiking,block_cv,nor_govt_3y,gain,0.0,norway
NOR_30Y,5,Block_Hiking,Hiking,block_cv,nor_govt_5y,gain,0.0,norway
NOR_30Y,5,Block_Hiking,Hiking,block_cv,nor_i44_chg_1d,gain,0.0,norway
NOR_30Y,5,Block_Hiking,Hiking,block_cv,nor_i44_level,gain,0.10250510275363922,norway
NOR_30Y,5,Block_Hiking,Hiking,block_cv,nor_i44_mom_1m,gain,0.04194817692041397,norway
NOR_30Y,5,Block_Hiking,Hiking,block_cv,nor_i44_mom_3m,gain,0.06064879521727562,norway
NOR_30Y,5,Block_Hiking,Hiking,block_cv,nor_i44_rvol_20d,gain,0.0,norway
NOR_30Y,5,Block_Hiking,Hiking,block_cv,nor_kpi_yoy,gain,0.1799890100955963,norway
NOR_30Y,5,Block_Hiking,Hiking,block_cv,nor_kpijae_yoy,gain,0.0,norway
NOR_30Y,5,Block_Hiking,Hiking,block_cv,nor_nibor_nowa_spread,gain,0.0,norway
NOR_30Y,5,Block_Hiking,Hiking,block_cv,nor_nowa_level,gain,0.0,norway
NOR_30Y,5,Block_Hiking,Hiking,block_cv,nor_polrate_chg_1d,gain,0.0,norway
NOR_30Y,5,Block_Hiking,Hiking,block_cv,nor_polrate_days_since_chg,gain,0.0,norway
NOR_30Y,5,Block_Hiking,Hiking,block_cv,nor_polrate_level,gain,0.0,norway
NOR_30Y,5,Block_Hiking,Hiking,block_cv,nor_rb_rate_chg,gain,0.0,norway
NOR_30Y,5,Block_Hiking,Hiking,block_cv,nor_rb_rate_level,gain,0.0,norway
NOR_30Y,5,Block_Hiking,Hiking,block_cv,nor_unemp,gain,0.0,norway
NOR_30Y,5,Block_Hiking,Hiking,block_cv,nor_usdnok_chg_1d,gain,0.0,norway
NOR_30Y,5,Block_Hiking,Hiking,block_cv,nor_usdnok_level,gain,0.0705394521355629,norway
NOR_30Y,5,Block_Hiking,Hiking,block_cv,nor_usdnok_mom_1m,gain,0.0,norway
NOR_30Y,5,Block_Hiking,Hiking,block_cv,nor_usdnok_mom_3m,gain,0.1074904054403305,norway
NOR_30Y,5,Block_Hiking,Hiking,block_cv,nor_usdnok_rvol_20d,gain,0.0,norway
NOR_30Y,5,Block_Hiking,Hiking,block_cv,swap_govt_spread,gain,0.0,norway
NOR_30Y,5,Block_Hiking,Hiking,block_cv,xmpca_01,gain,0.0625336617231369,cross_market
NOR_30Y,5,Block_Hiking,Hiking,block_cv,xmpca_02,gain,0.10706603527069092,cross_market
NOR_30Y,5,Block_Hiking,Hiking,block_cv,xmpca_03,gain,0.04047612100839615,cross_market
NOR_30Y,5,Block_Hiking,Hiking,block_cv,xmpca_04,gain,0.07443349063396454,cross_market
NOR_30Y,5,Block_Hiking,Hiking,block_cv,xmpca_05,gain,0.0,cross_market
NOR_30Y,5,Block_Hiking,Hiking,block_cv,xmpca_06,gain,0.050137363374233246,cross_market
NOR_30Y,5,Block_Hiking,Hiking,block_cv,xmpca_07,gain,0.0,cross_market
NOR_30Y,5,Block_Hiking,Hiking,block_cv,xmpca_08,gain,0.053608279675245285,cross_market
NOR_30Y,5,Block_Hiking,Hiking,block_cv,xmpca_09,gain,0.0,cross_market
NOR_30Y,5,Block_Hiking,Hiking,block_cv,xmpca_10,gain,0.06839350610971451,cross_market
NOR_30Y,5,Block_Hiking,Hiking,block_cv,xmpca_11,gain,0.042602356523275375,cross_market
NOR_30Y,5,Block_Hiking,Hiking,block_cv,xmpca_12,gain,0.0,cross_market
NOR_30Y,5,Block_Hiking,Hiking,block_cv,chg_lag1,weight,6.0,momentum
NOR_30Y,5,Block_Hiking,Hiking,block_cv,chg_lag2,weight,3.0,momentum
NOR_30Y,5,Block_Hiking,Hiking,block_cv,chg_lag3,weight,1.0,momentum
NOR_30Y,5,Block_Hiking,Hiking,block_cv,chg_lag4,weight,0.0,momentum
NOR_30Y,5,Block_Hiking,Hiking,block_cv,chg_lag5,weight,3.0,momentum
NOR_30Y,5,Block_Hiking,Hiking,block_cv,carry_roll,weight,5.0,carry_roll
NOR_30Y,5,Block_Hiking,Hiking,block_cv,mom_63d,weight,3.0,momentum
NOR_30Y,5,Block_Hiking,Hiking,block_cv,mom_1m,weight,3.0,momentum
NOR_30Y,5,Block_Hiking,Hiking,block_cv,mom_3m,weight,0.0,momentum
NOR_30Y,5,Block_Hiking,Hiking,block_cv,mom_6m,weight,4.0,momentum
NOR_30Y,5,Block_Hiking,Hiking,block_cv,mom_12m,weight,4.0,momentum
NOR_30Y,5,Block_Hiking,Hiking,block_cv,dev_ma_3m,weight,5.0,curve
NOR_30Y,5,Block_Hiking,Hiking,block_cv,dev_ma_12m,weight,1.0,curve
NOR_30Y,5,Block_Hiking,Hiking,block_cv,vol_20d,weight,4.0,vol
NOR_30Y,5,Block_Hiking,Hiking,block_cv,vol_regime,weight,0.0,vol
NOR_30Y,5,Block_Hiking,Hiking,block_cv,vol_zscore,weight,1.0,vol
NOR_30Y,5,Block_Hiking,Hiking,block_cv,level_zscore,weight,4.0,curve
NOR_30Y,5,Block_Hiking,Hiking,block_cv,slope_10_1,weight,0.0,curve
NOR_30Y,5,Block_Hiking,Hiking,block_cv,slope_10_5,weight,2.0,curve
NOR_30Y,5,Block_Hiking,Hiking,block_cv,slope_5_1,weight,0.0,curve
NOR_30Y,5,Block_Hiking,Hiking,block_cv,sofr_mom_1m,weight,7.0,macro
NOR_30Y,5,Block_Hiking,Hiking,block_cv,ibor_level,weight,0.0,macro
NOR_30Y,5,Block_Hiking,Hiking,block_cv,ibor_chg_1d,weight,5.0,macro
NOR_30Y,5,Block_Hiking,Hiking,block_cv,ibor_mom_1m,weight,5.0,macro
NOR_30Y,5,Block_Hiking,Hiking,block_cv,ibor_term_slope,weight,4.0,macro
NOR_30Y,5,Block_Hiking,Hiking,block_cv,swap_ibor_basis,weight,1.0,curve
NOR_30Y,5,Block_Hiking,Hiking,block_cv,move_level,weight,1.0,vol
NOR_30Y,5,Block_Hiking,Hiking,block_cv,move_zscore,weight,0.0,vol
NOR_30Y,5,Block_Hiking,Hiking,block_cv,vix_level,weight,0.0,vol
NOR_30Y,5,Block_Hiking,Hiking,block_cv,vix_zscore,weight,0.0,vol
NOR_30Y,5,Block_Hiking,Hiking,block_cv,v2x_level,weight,3.0,vol
NOR_30Y,5,Block_Hiking,Hiking,block_cv,vxn_level,weight,1.0,vol
NOR_30Y,5,Block_Hiking,Hiking,block_cv,ovx_level,weight,2.0,vol
NOR_30Y,5,Block_Hiking,Hiking,block_cv,gvz_level,weight,2.0,vol
NOR_30Y,5,Block_Hiking,Hiking,block_cv,spx_mom_1m,weight,4.0,macro
NOR_30Y,5,Block_Hiking,Hiking,block_cv,spx_mom_3m,weight,1.0,macro
NOR_30Y,5,Block_Hiking,Hiking,block_cv,sx5e_mom_1m,weight,2.0,macro
NOR_30Y,5,Block_Hiking,Hiking,block_cv,sx5e_mom_3m,weight,0.0,macro
NOR_30Y,5,Block_Hiking,Hiking,block_cv,mxwo_mom_1m,weight,2.0,macro
NOR_30Y,5,Block_Hiking,Hiking,block_cv,ndx_mom_1m,weight,1.0,macro
NOR_30Y,5,Block_Hiking,Hiking,block_cv,oil_mom_1m,weight,2.0,macro
NOR_30Y,5,Block_Hiking,Hiking,block_cv,oil_mom_3m,weight,1.0,macro
NOR_30Y,5,Block_Hiking,Hiking,block_cv,copper_mom_1m,weight,3.0,macro
NOR_30Y,5,Block_Hiking,Hiking,block_cv,opec_prod,weight,1.0,macro
NOR_30Y,5,Block_Hiking,Hiking,block_cv,natgas_mom_1m,weight,0.0,macro
NOR_30Y,5,Block_Hiking,Hiking,block_cv,be5y_level,weight,2.0,macro
NOR_30Y,5,Block_Hiking,Hiking,block_cv,be10y_level,weight,0.0,macro
NOR_30Y,5,Block_Hiking,Hiking,block_cv,be_slope,weight,0.0,macro
NOR_30Y,5,Block_Hiking,Hiking,block_cv,be5y_chg_1m,weight,0.0,macro
NOR_30Y,5,Block_Hiking,Hiking,block_cv,ig_spread,weight,0.0,credit
NOR_30Y,5,Block_Hiking,Hiking,block_cv,hy_spread,weight,0.0,credit
NOR_30Y,5,Block_Hiking,Hiking,block_cv,ig_chg_1m,weight,0.0,credit
NOR_30Y,5,Block_Hiking,Hiking,block_cv,hy_chg_1m,weight,0.0,credit
NOR_30Y,5,Block_Hiking,Hiking,block_cv,cpi_yoy,weight,2.0,macro
NOR_30Y,5,Block_Hiking,Hiking,block_cv,pce_core_chg,weight,0.0,macro
NOR_30Y,5,Block_Hiking,Hiking,block_cv,nfp_change,weight,0.0,macro
NOR_30Y,5,Block_Hiking,Hiking,block_cv,pmi_us,weight,1.0,macro
NOR_30Y,5,Block_Hiking,Hiking,block_cv,pmi_eur,weight,0.0,macro
NOR_30Y,5,Block_Hiking,Hiking,block_cv,unemp_eur,weight,1.0,macro
NOR_30Y,5,Block_Hiking,Hiking,block_cv,cpi_nsa_level,weight,0.0,macro
NOR_30Y,5,Block_Hiking,Hiking,block_cv,pce_core_level,weight,0.0,macro
NOR_30Y,5,Block_Hiking,Hiking,block_cv,eur_3m,weight,1.0,macro
NOR_30Y,5,Block_Hiking,Hiking,block_cv,eur_1w,weight,0.0,macro
NOR_30Y,5,Block_Hiking,Hiking,block_cv,nor_ibor_1m,weight,0.0,norway
NOR_30Y,5,Block_Hiking,Hiking,block_cv,nor_ibor_6m,weight,1.0,norway
NOR_30Y,5,Block_Hiking,Hiking,block_cv,nor_ecb_dfr_chg,weight,0.0,norway
NOR_30Y,5,Block_Hiking,Hiking,block_cv,nor_ecb_dfr_level,weight,0.0,norway
NOR_30Y,5,Block_Hiking,Hiking,block_cv,nor_eurnok_chg_1d,weight,0.0,norway
NOR_30Y,5,Block_Hiking,Hiking,block_cv,nor_eurnok_level,weight,2.0,norway
NOR_30Y,5,Block_Hiking,Hiking,block_cv,nor_eurnok_mom_1m,weight,0.0,norway
NOR_30Y,5,Block_Hiking,Hiking,block_cv,nor_eurnok_mom_3m,weight,3.0,norway
NOR_30Y,5,Block_Hiking,Hiking,block_cv,nor_eurnok_rvol_20d,weight,0.0,norway
NOR_30Y,5,Block_Hiking,Hiking,block_cv,nor_govt_10y,weight,0.0,norway
NOR_30Y,5,Block_Hiking,Hiking,block_cv,nor_govt_3y,weight,0.0,norway
NOR_30Y,5,Block_Hiking,Hiking,block_cv,nor_govt_5y,weight,0.0,norway
NOR_30Y,5,Block_Hiking,Hiking,block_cv,nor_i44_chg_1d,weight,0.0,norway
NOR_30Y,5,Block_Hiking,Hiking,block_cv,nor_i44_level,weight,1.0,norway
NOR_30Y,5,Block_Hiking,Hiking,block_cv,nor_i44_mom_1m,weight,1.0,norway
NOR_30Y,5,Block_Hiking,Hiking,block_cv,nor_i44_mom_3m,weight,3.0,norway
NOR_30Y,5,Block_Hiking,Hiking,block_cv,nor_i44_rvol_20d,weight,0.0,norway
NOR_30Y,5,Block_Hiking,Hiking,block_cv,nor_kpi_yoy,weight,1.0,norway
NOR_30Y,5,Block_Hiking,Hiking,block_cv,nor_kpijae_yoy,weight,0.0,norway
NOR_30Y,5,Block_Hiking,Hiking,block_cv,nor_nibor_nowa_spread,weight,0.0,norway
NOR_30Y,5,Block_Hiking,Hiking,block_cv,nor_nowa_level,weight,0.0,norway
NOR_30Y,5,Block_Hiking,Hiking,block_cv,nor_polrate_chg_1d,weight,0.0,norway
NOR_30Y,5,Block_Hiking,Hiking,block_cv,nor_polrate_days_since_chg,weight,0.0,norway
NOR_30Y,5,Block_Hiking,Hiking,block_cv,nor_polrate_level,weight,0.0,norway
NOR_30Y,5,Block_Hiking,Hiking,block_cv,nor_rb_rate_chg,weight,0.0,norway
NOR_30Y,5,Block_Hiking,Hiking,block_cv,nor_rb_rate_level,weight,0.0,norway
NOR_30Y,5,Block_Hiking,Hiking,block_cv,nor_unemp,weight,0.0,norway
NOR_30Y,5,Block_Hiking,Hiking,block_cv,nor_usdnok_chg_1d,weight,0.0,norway
NOR_30Y,5,Block_Hiking,Hiking,block_cv,nor_usdnok_level,weight,1.0,norway
NOR_30Y,5,Block_Hiking,Hiking,block_cv,nor_usdnok_mom_1m,weight,0.0,norway
NOR_30Y,5,Block_Hiking,Hiking,block_cv,nor_usdnok_mom_3m,weight,4.0,norway
NOR_30Y,5,Block_Hiking,Hiking,block_cv,nor_usdnok_rvol_20d,weight,0.0,norway
NOR_30Y,5,Block_Hiking,Hiking,block_cv,swap_govt_spread,weight,0.0,norway
NOR_30Y,5,Block_Hiking,Hiking,block_cv,xmpca_01,weight,1.0,cross_market
NOR_30Y,5,Block_Hiking,Hiking,block_cv,xmpca_02,weight,2.0,cross_market
NOR_30Y,5,Block_Hiking,Hiking,block_cv,xmpca_03,weight,1.0,cross_market
NOR_30Y,5,Block_Hiking,Hiking,block_cv,xmpca_04,weight,1.0,cross_market
NOR_30Y,5,Block_Hiking,Hiking,block_cv,xmpca_05,weight,0.0,cross_market
NOR_30Y,5,Block_Hiking,Hiking,block_cv,xmpca_06,weight,1.0,cross_market
NOR_30Y,5,Block_Hiking,Hiking,block_cv,xmpca_07,weight,0.0,cross_market
NOR_30Y,5,Block_Hiking,Hiking,block_cv,xmpca_08,weight,3.0,cross_market
NOR_30Y,5,Block_Hiking,Hiking,block_cv,xmpca_09,weight,0.0,cross_market
NOR_30Y,5,Block_Hiking,Hiking,block_cv,xmpca_10,weight,1.0,cross_market
NOR_30Y,5,Block_Hiking,Hiking,block_cv,xmpca_11,weight,1.0,cross_market
NOR_30Y,5,Block_Hiking,Hiking,block_cv,xmpca_12,weight,0.0,cross_market
NOR_30Y,5,Block_Hiking,Hiking,block_cv,chg_lag1,cover,4.5,momentum
NOR_30Y,5,Block_Hiking,Hiking,block_cv,chg_lag2,cover,6.0,momentum
NOR_30Y,5,Block_Hiking,Hiking,block_cv,chg_lag3,cover,9.0,momentum
NOR_30Y,5,Block_Hiking,Hiking,block_cv,chg_lag4,cover,0.0,momentum
NOR_30Y,5,Block_Hiking,Hiking,block_cv,chg_lag5,cover,11.0,momentum
NOR_30Y,5,Block_Hiking,Hiking,block_cv,carry_roll,cover,1729.5999755859375,carry_roll
NOR_30Y,5,Block_Hiking,Hiking,block_cv,mom_63d,cover,306.0,momentum
NOR_30Y,5,Block_Hiking,Hiking,block_cv,mom_1m,cover,934.3333129882812,momentum
NOR_30Y,5,Block_Hiking,Hiking,block_cv,mom_3m,cover,0.0,momentum
NOR_30Y,5,Block_Hiking,Hiking,block_cv,mom_6m,cover,1333.25,momentum
NOR_30Y,5,Block_Hiking,Hiking,block_cv,mom_12m,cover,969.75,momentum
NOR_30Y,5,Block_Hiking,Hiking,block_cv,dev_ma_3m,cover,902.4000244140625,curve
NOR_30Y,5,Block_Hiking,Hiking,block_cv,dev_ma_12m,cover,1928.0,curve
NOR_30Y,5,Block_Hiking,Hiking,block_cv,vol_20d,cover,916.0,vol
NOR_30Y,5,Block_Hiking,Hiking,block_cv,vol_regime,cover,0.0,vol
NOR_30Y,5,Block_Hiking,Hiking,block_cv,vol_zscore,cover,33.0,vol
NOR_30Y,5,Block_Hiking,Hiking,block_cv,level_zscore,cover,1132.0,curve
NOR_30Y,5,Block_Hiking,Hiking,block_cv,slope_10_1,cover,0.0,curve
NOR_30Y,5,Block_Hiking,Hiking,block_cv,slope_10_5,cover,1026.0,curve
NOR_30Y,5,Block_Hiking,Hiking,block_cv,slope_5_1,cover,0.0,curve
NOR_30Y,5,Block_Hiking,Hiking,block_cv,sofr_mom_1m,cover,1127.857177734375,macro
NOR_30Y,5,Block_Hiking,Hiking,block_cv,ibor_level,cover,0.0,macro
NOR_30Y,5,Block_Hiking,Hiking,block_cv,ibor_chg_1d,cover,1575.800048828125,macro
NOR_30Y,5,Block_Hiking,Hiking,block_cv,ibor_mom_1m,cover,1445.5999755859375,macro
NOR_30Y,5,Block_Hiking,Hiking,block_cv,ibor_term_slope,cover,1189.25,macro
NOR_30Y,5,Block_Hiking,Hiking,block_cv,swap_ibor_basis,cover,312.0,curve
NOR_30Y,5,Block_Hiking,Hiking,block_cv,move_level,cover,1069.0,vol
NOR_30Y,5,Block_Hiking,Hiking,block_cv,move_zscore,cover,0.0,vol
NOR_30Y,5,Block_Hiking,Hiking,block_cv,vix_level,cover,0.0,vol
NOR_30Y,5,Block_Hiking,Hiking,block_cv,vix_zscore,cover,0.0,vol
NOR_30Y,5,Block_Hiking,Hiking,block_cv,v2x_level,cover,741.3333129882812,vol
NOR_30Y,5,Block_Hiking,Hiking,block_cv,vxn_level,cover,1852.0,vol
NOR_30Y,5,Block_Hiking,Hiking,block_cv,ovx_level,cover,15.5,vol
NOR_30Y,5,Block_Hiking,Hiking,block_cv,gvz_level,cover,293.0,vol
NOR_30Y,5,Block_Hiking,Hiking,block_cv,spx_mom_1m,cover,156.0,macro
NOR_30Y,5,Block_Hiking,Hiking,block_cv,spx_mom_3m,cover,1893.0,macro
NOR_30Y,5,Block_Hiking,Hiking,block_cv,sx5e_mom_1m,cover,949.5,macro
NOR_30Y,5,Block_Hiking,Hiking,block_cv,sx5e_mom_3m,cover,0.0,macro
NOR_30Y,5,Block_Hiking,Hiking,block_cv,mxwo_mom_1m,cover,1919.0,macro
NOR_30Y,5,Block_Hiking,Hiking,block_cv,ndx_mom_1m,cover,26.0,macro
NOR_30Y,5,Block_Hiking,Hiking,block_cv,oil_mom_1m,cover,1912.5,macro
NOR_30Y,5,Block_Hiking,Hiking,block_cv,oil_mom_3m,cover,1897.0,macro
NOR_30Y,5,Block_Hiking,Hiking,block_cv,copper_mom_1m,cover,535.0,macro
NOR_30Y,5,Block_Hiking,Hiking,block_cv,opec_prod,cover,871.0,macro
NOR_30Y,5,Block_Hiking,Hiking,block_cv,natgas_mom_1m,cover,0.0,macro
NOR_30Y,5,Block_Hiking,Hiking,block_cv,be5y_level,cover,36.5,macro
NOR_30Y,5,Block_Hiking,Hiking,block_cv,be10y_level,cover,0.0,macro
NOR_30Y,5,Block_Hiking,Hiking,block_cv,be_slope,cover,0.0,macro
NOR_30Y,5,Block_Hiking,Hiking,block_cv,be5y_chg_1m,cover,0.0,macro
NOR_30Y,5,Block_Hiking,Hiking,block_cv,ig_spread,cover,0.0,credit
NOR_30Y,5,Block_Hiking,Hiking,block_cv,hy_spread,cover,0.0,credit
NOR_30Y,5,Block_Hiking,Hiking,block_cv,ig_chg_1m,cover,0.0,credit
NOR_30Y,5,Block_Hiking,Hiking,block_cv,hy_chg_1m,cover,0.0,credit
NOR_30Y,5,Block_Hiking,Hiking,block_cv,cpi_yoy,cover,1420.0,macro
NOR_30Y,5,Block_Hiking,Hiking,block_cv,pce_core_chg,cover,0.0,macro
NOR_30Y,5,Block_Hiking,Hiking,block_cv,nfp_change,cover,0.0,macro
NOR_30Y,5,Block_Hiking,Hiking,block_cv,pmi_us,cover,36.0,macro
NOR_30Y,5,Block_Hiking,Hiking,block_cv,pmi_eur,cover,0.0,macro
NOR_30Y,5,Block_Hiking,Hiking,block_cv,unemp_eur,cover,438.0,macro
NOR_30Y,5,Block_Hiking,Hiking,block_cv,cpi_nsa_level,cover,0.0,macro
NOR_30Y,5,Block_Hiking,Hiking,block_cv,pce_core_level,cover,0.0,macro
NOR_30Y,5,Block_Hiking,Hiking,block_cv,eur_3m,cover,1911.0,macro
NOR_30Y,5,Block_Hiking,Hiking,block_cv,eur_1w,cover,0.0,macro
NOR_30Y,5,Block_Hiking,Hiking,block_cv,nor_ibor_1m,cover,0.0,norway
NOR_30Y,5,Block_Hiking,Hiking,block_cv,nor_ibor_6m,cover,11.0,norway
NOR_30Y,5,Block_Hiking,Hiking,block_cv,nor_ecb_dfr_chg,cover,0.0,norway
NOR_30Y,5,Block_Hiking,Hiking,block_cv,nor_ecb_dfr_level,cover,0.0,norway
NOR_30Y,5,Block_Hiking,Hiking,block_cv,nor_eurnok_chg_1d,cover,0.0,norway
NOR_30Y,5,Block_Hiking,Hiking,block_cv,nor_eurnok_level,cover,38.5,norway
NOR_30Y,5,Block_Hiking,Hiking,block_cv,nor_eurnok_mom_1m,cover,0.0,norway
NOR_30Y,5,Block_Hiking,Hiking,block_cv,nor_eurnok_mom_3m,cover,1369.6666259765625,norway
NOR_30Y,5,Block_Hiking,Hiking,block_cv,nor_eurnok_rvol_20d,cover,0.0,norway
NOR_30Y,5,Block_Hiking,Hiking,block_cv,nor_govt_10y,cover,0.0,norway
NOR_30Y,5,Block_Hiking,Hiking,block_cv,nor_govt_3y,cover,0.0,norway
NOR_30Y,5,Block_Hiking,Hiking,block_cv,nor_govt_5y,cover,0.0,norway
NOR_30Y,5,Block_Hiking,Hiking,block_cv,nor_i44_chg_1d,cover,0.0,norway
NOR_30Y,5,Block_Hiking,Hiking,block_cv,nor_i44_level,cover,57.0,norway
NOR_30Y,5,Block_Hiking,Hiking,block_cv,nor_i44_mom_1m,cover,16.0,norway
NOR_30Y,5,Block_Hiking,Hiking,block_cv,nor_i44_mom_3m,cover,1888.0,norway
NOR_30Y,5,Block_Hiking,Hiking,block_cv,nor_i44_rvol_20d,cover,0.0,norway
NOR_30Y,5,Block_Hiking,Hiking,block_cv,nor_kpi_yoy,cover,1903.0,norway
NOR_30Y,5,Block_Hiking,Hiking,block_cv,nor_kpijae_yoy,cover,0.0,norway
NOR_30Y,5,Block_Hiking,Hiking,block_cv,nor_nibor_nowa_spread,cover,0.0,norway
NOR_30Y,5,Block_Hiking,Hiking,block_cv,nor_nowa_level,cover,0.0,norway
NOR_30Y,5,Block_Hiking,Hiking,block_cv,nor_polrate_chg_1d,cover,0.0,norway
NOR_30Y,5,Block_Hiking,Hiking,block_cv,nor_polrate_days_since_chg,cover,0.0,norway
NOR_30Y,5,Block_Hiking,Hiking,block_cv,nor_polrate_level,cover,0.0,norway
NOR_30Y,5,Block_Hiking,Hiking,block_cv,nor_rb_rate_chg,cover,0.0,norway
NOR_30Y,5,Block_Hiking,Hiking,block_cv,nor_rb_rate_level,cover,0.0,norway
NOR_30Y,5,Block_Hiking,Hiking,block_cv,nor_unemp,cover,0.0,norway
NOR_30Y,5,Block_Hiking,Hiking,block_cv,nor_usdnok_chg_1d,cover,0.0,norway
NOR_30Y,5,Block_Hiking,Hiking,block_cv,nor_usdnok_level,cover,1820.0,norway
NOR_30Y,5,Block_Hiking,Hiking,block_cv,nor_usdnok_mom_1m,cover,0.0,norway
NOR_30Y,5,Block_Hiking,Hiking,block_cv,nor_usdnok_mom_3m,cover,1875.0,norway
NOR_30Y,5,Block_Hiking,Hiking,block_cv,nor_usdnok_rvol_20d,cover,0.0,norway
NOR_30Y,5,Block_Hiking,Hiking,block_cv,swap_govt_spread,cover,0.0,norway
NOR_30Y,5,Block_Hiking,Hiking,block_cv,xmpca_01,cover,23.0,cross_market
NOR_30Y,5,Block_Hiking,Hiking,block_cv,xmpca_02,cover,1527.0,cross_market
NOR_30Y,5,Block_Hiking,Hiking,block_cv,xmpca_03,cover,60.0,cross_market
NOR_30Y,5,Block_Hiking,Hiking,block_cv,xmpca_04,cover,52.0,cross_market
NOR_30Y,5,Block_Hiking,Hiking,block_cv,xmpca_05,cover,0.0,cross_market
NOR_30Y,5,Block_Hiking,Hiking,block_cv,xmpca_06,cover,22.0,cross_market
NOR_30Y,5,Block_Hiking,Hiking,block_cv,xmpca_07,cover,0.0,cross_market
NOR_30Y,5,Block_Hiking,Hiking,block_cv,xmpca_08,cover,113.0,cross_market
NOR_30Y,5,Block_Hiking,Hiking,block_cv,xmpca_09,cover,0.0,cross_market
NOR_30Y,5,Block_Hiking,Hiking,block_cv,xmpca_10,cover,898.0,cross_market
NOR_30Y,5,Block_Hiking,Hiking,block_cv,xmpca_11,cover,96.0,cross_market
NOR_30Y,5,Block_Hiking,Hiking,block_cv,xmpca_12,cover,0.0,cross_market
NOR_30Y,5,Block_Hiking,Hiking,block_cv,chg_lag1,total_gain,0.05877431854605675,momentum
NOR_30Y,5,Block_Hiking,Hiking,block_cv,chg_lag2,total_gain,0.026357479393482208,momentum
NOR_30Y,5,Block_Hiking,Hiking,block_cv,chg_lag3,total_gain,0.0016640126705169678,momentum
NOR_30Y,5,Block_Hiking,Hiking,block_cv,chg_lag4,total_gain,0.0,momentum
NOR_30Y,5,Block_Hiking,Hiking,block_cv,chg_lag5,total_gain,0.06104139983654022,momentum
NOR_30Y,5,Block_Hiking,Hiking,block_cv,carry_roll,total_gain,0.35494086146354675,carry_roll
NOR_30Y,5,Block_Hiking,Hiking,block_cv,mom_63d,total_gain,0.07178286463022232,momentum
NOR_30Y,5,Block_Hiking,Hiking,block_cv,mom_1m,total_gain,0.16968798637390137,momentum
NOR_30Y,5,Block_Hiking,Hiking,block_cv,mom_3m,total_gain,0.0,momentum
NOR_30Y,5,Block_Hiking,Hiking,block_cv,mom_6m,total_gain,0.3068386912345886,momentum
NOR_30Y,5,Block_Hiking,Hiking,block_cv,mom_12m,total_gain,0.33852189779281616,momentum
NOR_30Y,5,Block_Hiking,Hiking,block_cv,dev_ma_3m,total_gain,0.46197056770324707,curve
NOR_30Y,5,Block_Hiking,Hiking,block_cv,dev_ma_12m,total_gain,0.18925423920154572,curve
NOR_30Y,5,Block_Hiking,Hiking,block_cv,vol_20d,total_gain,0.1977563202381134,vol
NOR_30Y,5,Block_Hiking,Hiking,block_cv,vol_regime,total_gain,0.0,vol
NOR_30Y,5,Block_Hiking,Hiking,block_cv,vol_zscore,total_gain,0.03145955502986908,vol
NOR_30Y,5,Block_Hiking,Hiking,block_cv,level_zscore,total_gain,0.2335996925830841,curve
NOR_30Y,5,Block_Hiking,Hiking,block_cv,slope_10_1,total_gain,0.0,curve
NOR_30Y,5,Block_Hiking,Hiking,block_cv,slope_10_5,total_gain,0.0913638100028038,curve
NOR_30Y,5,Block_Hiking,Hiking,block_cv,slope_5_1,total_gain,0.0,curve
NOR_30Y,5,Block_Hiking,Hiking,block_cv,sofr_mom_1m,total_gain,0.4322015345096588,macro
NOR_30Y,5,Block_Hiking,Hiking,block_cv,ibor_level,total_gain,0.0,macro
NOR_30Y,5,Block_Hiking,Hiking,block_cv,ibor_chg_1d,total_gain,0.5050979256629944,macro
NOR_30Y,5,Block_Hiking,Hiking,block_cv,ibor_mom_1m,total_gain,0.424335241317749,macro
NOR_30Y,5,Block_Hiking,Hiking,block_cv,ibor_term_slope,total_gain,0.27085745334625244,macro
NOR_30Y,5,Block_Hiking,Hiking,block_cv,swap_ibor_basis,total_gain,0.05104541778564453,curve
NOR_30Y,5,Block_Hiking,Hiking,block_cv,move_level,total_gain,0.08821257948875427,vol
NOR_30Y,5,Block_Hiking,Hiking,block_cv,move_zscore,total_gain,0.0,vol
NOR_30Y,5,Block_Hiking,Hiking,block_cv,vix_level,total_gain,0.0,vol
NOR_30Y,5,Block_Hiking,Hiking,block_cv,vix_zscore,total_gain,0.0,vol
NOR_30Y,5,Block_Hiking,Hiking,block_cv,v2x_level,total_gain,0.17931151390075684,vol
NOR_30Y,5,Block_Hiking,Hiking,block_cv,vxn_level,total_gain,0.1109989583492279,vol
NOR_30Y,5,Block_Hiking,Hiking,block_cv,ovx_level,total_gain,0.11658700555562973,vol
NOR_30Y,5,Block_Hiking,Hiking,block_cv,gvz_level,total_gain,0.11809167265892029,vol
NOR_30Y,5,Block_Hiking,Hiking,block_cv,spx_mom_1m,total_gain,0.2574641704559326,macro
NOR_30Y,5,Block_Hiking,Hiking,block_cv,spx_mom_3m,total_gain,0.11848004162311554,macro
NOR_30Y,5,Block_Hiking,Hiking,block_cv,sx5e_mom_1m,total_gain,0.08164947479963303,macro
NOR_30Y,5,Block_Hiking,Hiking,block_cv,sx5e_mom_3m,total_gain,0.0,macro
NOR_30Y,5,Block_Hiking,Hiking,block_cv,mxwo_mom_1m,total_gain,0.1528085321187973,macro
NOR_30Y,5,Block_Hiking,Hiking,block_cv,ndx_mom_1m,total_gain,0.10729781538248062,macro
NOR_30Y,5,Block_Hiking,Hiking,block_cv,oil_mom_1m,total_gain,0.19511406123638153,macro
NOR_30Y,5,Block_Hiking,Hiking,block_cv,oil_mom_3m,total_gain,0.0849098488688469,macro
NOR_30Y,5,Block_Hiking,Hiking,block_cv,copper_mom_1m,total_gain,0.17119479179382324,macro
NOR_30Y,5,Block_Hiking,Hiking,block_cv,opec_prod,total_gain,0.06908257305622101,macro
NOR_30Y,5,Block_Hiking,Hiking,block_cv,natgas_mom_1m,total_gain,0.0,macro
NOR_30Y,5,Block_Hiking,Hiking,block_cv,be5y_level,total_gain,0.059282951056957245,macro
NOR_30Y,5,Block_Hiking,Hiking,block_cv,be10y_level,total_gain,0.0,macro
NOR_30Y,5,Block_Hiking,Hiking,block_cv,be_slope,total_gain,0.0,macro
NOR_30Y,5,Block_Hiking,Hiking,block_cv,be5y_chg_1m,total_gain,0.0,macro
NOR_30Y,5,Block_Hiking,Hiking,block_cv,ig_spread,total_gain,0.0,credit
NOR_30Y,5,Block_Hiking,Hiking,block_cv,hy_spread,total_gain,0.0,credit
NOR_30Y,5,Block_Hiking,Hiking,block_cv,ig_chg_1m,total_gain,0.0,credit
NOR_30Y,5,Block_Hiking,Hiking,block_cv,hy_chg_1m,total_gain,0.0,credit
NOR_30Y,5,Block_Hiking,Hiking,block_cv,cpi_yoy,total_gain,0.11820466071367264,macro
NOR_30Y,5,Block_Hiking,Hiking,block_cv,pce_core_chg,total_gain,0.0,macro
NOR_30Y,5,Block_Hiking,Hiking,block_cv,nfp_change,total_gain,0.0,macro
NOR_30Y,5,Block_Hiking,Hiking,block_cv,pmi_us,total_gain,0.07831324636936188,macro
NOR_30Y,5,Block_Hiking,Hiking,block_cv,pmi_eur,total_gain,0.0,macro
NOR_30Y,5,Block_Hiking,Hiking,block_cv,unemp_eur,total_gain,0.0588657408952713,macro
NOR_30Y,5,Block_Hiking,Hiking,block_cv,cpi_nsa_level,total_gain,0.0,macro
NOR_30Y,5,Block_Hiking,Hiking,block_cv,pce_core_level,total_gain,0.0,macro
NOR_30Y,5,Block_Hiking,Hiking,block_cv,eur_3m,total_gain,0.06689271330833435,macro
NOR_30Y,5,Block_Hiking,Hiking,block_cv,eur_1w,total_gain,0.0,macro
NOR_30Y,5,Block_Hiking,Hiking,block_cv,nor_ibor_1m,total_gain,0.0,norway
NOR_30Y,5,Block_Hiking,Hiking,block_cv,nor_ibor_6m,total_gain,0.02999420464038849,norway
NOR_30Y,5,Block_Hiking,Hiking,block_cv,nor_ecb_dfr_chg,total_gain,0.0,norway
NOR_30Y,5,Block_Hiking,Hiking,block_cv,nor_ecb_dfr_level,total_gain,0.0,norway
NOR_30Y,5,Block_Hiking,Hiking,block_cv,nor_eurnok_chg_1d,total_gain,0.0,norway
NOR_30Y,5,Block_Hiking,Hiking,block_cv,nor_eurnok_level,total_gain,0.11500003933906555,norway
NOR_30Y,5,Block_Hiking,Hiking,block_cv,nor_eurnok_mom_1m,total_gain,0.0,norway
NOR_30Y,5,Block_Hiking,Hiking,block_cv,nor_eurnok_mom_3m,total_gain,0.18244987726211548,norway
NOR_30Y,5,Block_Hiking,Hiking,block_cv,nor_eurnok_rvol_20d,total_gain,0.0,norway
NOR_30Y,5,Block_Hiking,Hiking,block_cv,nor_govt_10y,total_gain,0.0,norway
NOR_30Y,5,Block_Hiking,Hiking,block_cv,nor_govt_3y,total_gain,0.0,norway
NOR_30Y,5,Block_Hiking,Hiking,block_cv,nor_govt_5y,total_gain,0.0,norway
NOR_30Y,5,Block_Hiking,Hiking,block_cv,nor_i44_chg_1d,total_gain,0.0,norway
NOR_30Y,5,Block_Hiking,Hiking,block_cv,nor_i44_level,total_gain,0.10250510275363922,norway
NOR_30Y,5,Block_Hiking,Hiking,block_cv,nor_i44_mom_1m,total_gain,0.04194817692041397,norway
NOR_30Y,5,Block_Hiking,Hiking,block_cv,nor_i44_mom_3m,total_gain,0.18194638192653656,norway
NOR_30Y,5,Block_Hiking,Hiking,block_cv,nor_i44_rvol_20d,total_gain,0.0,norway
NOR_30Y,5,Block_Hiking,Hiking,block_cv,nor_kpi_yoy,total_gain,0.1799890100955963,norway
NOR_30Y,5,Block_Hiking,Hiking,block_cv,nor_kpijae_yoy,total_gain,0.0,norway
NOR_30Y,5,Block_Hiking,Hiking,block_cv,nor_nibor_nowa_spread,total_gain,0.0,norway
NOR_30Y,5,Block_Hiking,Hiking,block_cv,nor_nowa_level,total_gain,0.0,norway
NOR_30Y,5,Block_Hiking,Hiking,block_cv,nor_polrate_chg_1d,total_gain,0.0,norway
NOR_30Y,5,Block_Hiking,Hiking,block_cv,nor_polrate_days_since_chg,total_gain,0.0,norway
NOR_30Y,5,Block_Hiking,Hiking,block_cv,nor_polrate_level,total_gain,0.0,norway
NOR_30Y,5,Block_Hiking,Hiking,block_cv,nor_rb_rate_chg,total_gain,0.0,norway
NOR_30Y,5,Block_Hiking,Hiking,block_cv,nor_rb_rate_level,total_gain,0.0,norway
NOR_30Y,5,Block_Hiking,Hiking,block_cv,nor_unemp,total_gain,0.0,norway
NOR_30Y,5,Block_Hiking,Hiking,block_cv,nor_usdnok_chg_1d,total_gain,0.0,norway
NOR_30Y,5,Block_Hiking,Hiking,block_cv,nor_usdnok_level,total_gain,0.0705394521355629,norway
NOR_30Y,5,Block_Hiking,Hiking,block_cv,nor_usdnok_mom_1m,total_gain,0.0,norway
NOR_30Y,5,Block_Hiking,Hiking,block_cv,nor_usdnok_mom_3m,total_gain,0.429961621761322,norway
NOR_30Y,5,Block_Hiking,Hiking,block_cv,nor_usdnok_rvol_20d,total_gain,0.0,norway
NOR_30Y,5,Block_Hiking,Hiking,block_cv,swap_govt_spread,total_gain,0.0,norway
NOR_30Y,5,Block_Hiking,Hiking,block_cv,xmpca_01,total_gain,0.0625336617231369,cross_market
NOR_30Y,5,Block_Hiking,Hiking,block_cv,xmpca_02,total_gain,0.21413207054138184,cross_market
NOR_30Y,5,Block_Hiking,Hiking,block_cv,xmpca_03,total_gain,0.04047612100839615,cross_market
NOR_30Y,5,Block_Hiking,Hiking,block_cv,xmpca_04,total_gain,0.07443349063396454,cross_market
NOR_30Y,5,Block_Hiking,Hiking,block_cv,xmpca_05,total_gain,0.0,cross_market
NOR_30Y,5,Block_Hiking,Hiking,block_cv,xmpca_06,total_gain,0.050137363374233246,cross_market
NOR_30Y,5,Block_Hiking,Hiking,block_cv,xmpca_07,total_gain,0.0,cross_market
NOR_30Y,5,Block_Hiking,Hiking,block_cv,xmpca_08,total_gain,0.16082483530044556,cross_market
NOR_30Y,5,Block_Hiking,Hiking,block_cv,xmpca_09,total_gain,0.0,cross_market
NOR_30Y,5,Block_Hiking,Hiking,block_cv,xmpca_10,total_gain,0.06839350610971451,cross_market
NOR_30Y,5,Block_Hiking,Hiking,block_cv,xmpca_11,total_gain,0.042602356523275375,cross_market
NOR_30Y,5,Block_Hiking,Hiking,block_cv,xmpca_12,total_gain,0.0,cross_market
NOR_30Y,5,Block_Hiking,Hiking,block_cv,chg_lag1,total_cover,27.0,momentum
NOR_30Y,5,Block_Hiking,Hiking,block_cv,chg_lag2,total_cover,18.0,momentum
NOR_30Y,5,Block_Hiking,Hiking,block_cv,chg_lag3,total_cover,9.0,momentum
NOR_30Y,5,Block_Hiking,Hiking,block_cv,chg_lag4,total_cover,0.0,momentum
NOR_30Y,5,Block_Hiking,Hiking,block_cv,chg_lag5,total_cover,33.0,momentum
NOR_30Y,5,Block_Hiking,Hiking,block_cv,carry_roll,total_cover,8648.0,carry_roll
NOR_30Y,5,Block_Hiking,Hiking,block_cv,mom_63d,total_cover,918.0,momentum
NOR_30Y,5,Block_Hiking,Hiking,block_cv,mom_1m,total_cover,2803.0,momentum
NOR_30Y,5,Block_Hiking,Hiking,block_cv,mom_3m,total_cover,0.0,momentum
NOR_30Y,5,Block_Hiking,Hiking,block_cv,mom_6m,total_cover,5333.0,momentum
NOR_30Y,5,Block_Hiking,Hiking,block_cv,mom_12m,total_cover,3879.0,momentum
NOR_30Y,5,Block_Hiking,Hiking,block_cv,dev_ma_3m,total_cover,4512.0,curve
NOR_30Y,5,Block_Hiking,Hiking,block_cv,dev_ma_12m,total_cover,1928.0,curve
NOR_30Y,5,Block_Hiking,Hiking,block_cv,vol_20d,total_cover,3664.0,vol
NOR_30Y,5,Block_Hiking,Hiking,block_cv,vol_regime,total_cover,0.0,vol
NOR_30Y,5,Block_Hiking,Hiking,block_cv,vol_zscore,total_cover,33.0,vol
NOR_30Y,5,Block_Hiking,Hiking,block_cv,level_zscore,total_cover,4528.0,curve
NOR_30Y,5,Block_Hiking,Hiking,block_cv,slope_10_1,total_cover,0.0,curve
NOR_30Y,5,Block_Hiking,Hiking,block_cv,slope_10_5,total_cover,2052.0,curve
NOR_30Y,5,Block_Hiking,Hiking,block_cv,slope_5_1,total_cover,0.0,curve
NOR_30Y,5,Block_Hiking,Hiking,block_cv,sofr_mom_1m,total_cover,7895.0,macro
NOR_30Y,5,Block_Hiking,Hiking,block_cv,ibor_level,total_cover,0.0,macro
NOR_30Y,5,Block_Hiking,Hiking,block_cv,ibor_chg_1d,total_cover,7879.0,macro
NOR_30Y,5,Block_Hiking,Hiking,block_cv,ibor_mom_1m,total_cover,7228.0,macro
NOR_30Y,5,Block_Hiking,Hiking,block_cv,ibor_term_slope,total_cover,4757.0,macro
NOR_30Y,5,Block_Hiking,Hiking,block_cv,swap_ibor_basis,total_cover,312.0,curve
NOR_30Y,5,Block_Hiking,Hiking,block_cv,move_level,total_cover,1069.0,vol
NOR_30Y,5,Block_Hiking,Hiking,block_cv,move_zscore,total_cover,0.0,vol
NOR_30Y,5,Block_Hiking,Hiking,block_cv,vix_level,total_cover,0.0,vol
NOR_30Y,5,Block_Hiking,Hiking,block_cv,vix_zscore,total_cover,0.0,vol
NOR_30Y,5,Block_Hiking,Hiking,block_cv,v2x_level,total_cover,2224.0,vol
NOR_30Y,5,Block_Hiking,Hiking,block_cv,vxn_level,total_cover,1852.0,vol
NOR_30Y,5,Block_Hiking,Hiking,block_cv,ovx_level,total_cover,31.0,vol
NOR_30Y,5,Block_Hiking,Hiking,block_cv,gvz_level,total_cover,586.0,vol
NOR_30Y,5,Block_Hiking,Hiking,block_cv,spx_mom_1m,total_cover,624.0,macro
NOR_30Y,5,Block_Hiking,Hiking,block_cv,spx_mom_3m,total_cover,1893.0,macro
NOR_30Y,5,Block_Hiking,Hiking,block_cv,sx5e_mom_1m,total_cover,1899.0,macro
NOR_30Y,5,Block_Hiking,Hiking,block_cv,sx5e_mom_3m,total_cover,0.0,macro
NOR_30Y,5,Block_Hiking,Hiking,block_cv,mxwo_mom_1m,total_cover,3838.0,macro
NOR_30Y,5,Block_Hiking,Hiking,block_cv,ndx_mom_1m,total_cover,26.0,macro
NOR_30Y,5,Block_Hiking,Hiking,block_cv,oil_mom_1m,total_cover,3825.0,macro
NOR_30Y,5,Block_Hiking,Hiking,block_cv,oil_mom_3m,total_cover,1897.0,macro
NOR_30Y,5,Block_Hiking,Hiking,block_cv,copper_mom_1m,total_cover,1605.0,macro
NOR_30Y,5,Block_Hiking,Hiking,block_cv,opec_prod,total_cover,871.0,macro
NOR_30Y,5,Block_Hiking,Hiking,block_cv,natgas_mom_1m,total_cover,0.0,macro
NOR_30Y,5,Block_Hiking,Hiking,block_cv,be5y_level,total_cover,73.0,macro
NOR_30Y,5,Block_Hiking,Hiking,block_cv,be10y_level,total_cover,0.0,macro
NOR_30Y,5,Block_Hiking,Hiking,block_cv,be_slope,total_cover,0.0,macro
NOR_30Y,5,Block_Hiking,Hiking,block_cv,be5y_chg_1m,total_cover,0.0,macro
NOR_30Y,5,Block_Hiking,Hiking,block_cv,ig_spread,total_cover,0.0,credit
NOR_30Y,5,Block_Hiking,Hiking,block_cv,hy_spread,total_cover,0.0,credit
NOR_30Y,5,Block_Hiking,Hiking,block_cv,ig_chg_1m,total_cover,0.0,credit
NOR_30Y,5,Block_Hiking,Hiking,block_cv,hy_chg_1m,total_cover,0.0,credit
NOR_30Y,5,Block_Hiking,Hiking,block_cv,cpi_yoy,total_cover,2840.0,macro
NOR_30Y,5,Block_Hiking,Hiking,block_cv,pce_core_chg,total_cover,0.0,macro
NOR_30Y,5,Block_Hiking,Hiking,block_cv,nfp_change,total_cover,0.0,macro
NOR_30Y,5,Block_Hiking,Hiking,block_cv,pmi_us,total_cover,36.0,macro
NOR_30Y,5,Block_Hiking,Hiking,block_cv,pmi_eur,total_cover,0.0,macro
NOR_30Y,5,Block_Hiking,Hiking,block_cv,unemp_eur,total_cover,438.0,macro
NOR_30Y,5,Block_Hiking,Hiking,block_cv,cpi_nsa_level,total_cover,0.0,macro
NOR_30Y,5,Block_Hiking,Hiking,block_cv,pce_core_level,total_cover,0.0,macro
NOR_30Y,5,Block_Hiking,Hiking,block_cv,eur_3m,total_cover,1911.0,macro
NOR_30Y,5,Block_Hiking,Hiking,block_cv,eur_1w,total_cover,0.0,macro
NOR_30Y,5,Block_Hiking,Hiking,block_cv,nor_ibor_1m,total_cover,0.0,norway
NOR_30Y,5,Block_Hiking,Hiking,block_cv,nor_ibor_6m,total_cover,11.0,norway
NOR_30Y,5,Block_Hiking,Hiking,block_cv,nor_ecb_dfr_chg,total_cover,0.0,norway
NOR_30Y,5,Block_Hiking,Hiking,block_cv,nor_ecb_dfr_level,total_cover,0.0,norway
NOR_30Y,5,Block_Hiking,Hiking,block_cv,nor_eurnok_chg_1d,total_cover,0.0,norway
NOR_30Y,5,Block_Hiking,Hiking,block_cv,nor_eurnok_level,total_cover,77.0,norway
NOR_30Y,5,Block_Hiking,Hiking,block_cv,nor_eurnok_mom_1m,total_cover,0.0,norway
NOR_30Y,5,Block_Hiking,Hiking,block_cv,nor_eurnok_mom_3m,total_cover,4109.0,norway
NOR_30Y,5,Block_Hiking,Hiking,block_cv,nor_eurnok_rvol_20d,total_cover,0.0,norway
NOR_30Y,5,Block_Hiking,Hiking,block_cv,nor_govt_10y,total_cover,0.0,norway
NOR_30Y,5,Block_Hiking,Hiking,block_cv,nor_govt_3y,total_cover,0.0,norway
NOR_30Y,5,Block_Hiking,Hiking,block_cv,nor_govt_5y,total_cover,0.0,norway
NOR_30Y,5,Block_Hiking,Hiking,block_cv,nor_i44_chg_1d,total_cover,0.0,norway
NOR_30Y,5,Block_Hiking,Hiking,block_cv,nor_i44_level,total_cover,57.0,norway
NOR_30Y,5,Block_Hiking,Hiking,block_cv,nor_i44_mom_1m,total_cover,16.0,norway
NOR_30Y,5,Block_Hiking,Hiking,block_cv,nor_i44_mom_3m,total_cover,5664.0,norway
NOR_30Y,5,Block_Hiking,Hiking,block_cv,nor_i44_rvol_20d,total_cover,0.0,norway
NOR_30Y,5,Block_Hiking,Hiking,block_cv,nor_kpi_yoy,total_cover,1903.0,norway
NOR_30Y,5,Block_Hiking,Hiking,block_cv,nor_kpijae_yoy,total_cover,0.0,norway
NOR_30Y,5,Block_Hiking,Hiking,block_cv,nor_nibor_nowa_spread,total_cover,0.0,norway
NOR_30Y,5,Block_Hiking,Hiking,block_cv,nor_nowa_level,total_cover,0.0,norway
NOR_30Y,5,Block_Hiking,Hiking,block_cv,nor_polrate_chg_1d,total_cover,0.0,norway
NOR_30Y,5,Block_Hiking,Hiking,block_cv,nor_polrate_days_since_chg,total_cover,0.0,norway
NOR_30Y,5,Block_Hiking,Hiking,block_cv,nor_polrate_level,total_cover,0.0,norway
NOR_30Y,5,Block_Hiking,Hiking,block_cv,nor_rb_rate_chg,total_cover,0.0,norway
NOR_30Y,5,Block_Hiking,Hiking,block_cv,nor_rb_rate_level,total_cover,0.0,norway
NOR_30Y,5,Block_Hiking,Hiking,block_cv,nor_unemp,total_cover,0.0,norway
NOR_30Y,5,Block_Hiking,Hiking,block_cv,nor_usdnok_chg_1d,total_cover,0.0,norway
NOR_30Y,5,Block_Hiking,Hiking,block_cv,nor_usdnok_level,total_cover,1820.0,norway
NOR_30Y,5,Block_Hiking,Hiking,block_cv,nor_usdnok_mom_1m,total_cover,0.0,norway
NOR_30Y,5,Block_Hiking,Hiking,block_cv,nor_usdnok_mom_3m,total_cover,7500.0,norway
NOR_30Y,5,Block_Hiking,Hiking,block_cv,nor_usdnok_rvol_20d,total_cover,0.0,norway
NOR_30Y,5,Block_Hiking,Hiking,block_cv,swap_govt_spread,total_cover,0.0,norway
NOR_30Y,5,Block_Hiking,Hiking,block_cv,xmpca_01,total_cover,23.0,cross_market
NOR_30Y,5,Block_Hiking,Hiking,block_cv,xmpca_02,total_cover,3054.0,cross_market
NOR_30Y,5,Block_Hiking,Hiking,block_cv,xmpca_03,total_cover,60.0,cross_market
NOR_30Y,5,Block_Hiking,Hiking,block_cv,xmpca_04,total_cover,52.0,cross_market
NOR_30Y,5,Block_Hiking,Hiking,block_cv,xmpca_05,total_cover,0.0,cross_market
NOR_30Y,5,Block_Hiking,Hiking,block_cv,xmpca_06,total_cover,22.0,cross_market
NOR_30Y,5,Block_Hiking,Hiking,block_cv,xmpca_07,total_cover,0.0,cross_market
NOR_30Y,5,Block_Hiking,Hiking,block_cv,xmpca_08,total_cover,339.0,cross_market
NOR_30Y,5,Block_Hiking,Hiking,block_cv,xmpca_09,total_cover,0.0,cross_market
NOR_30Y,5,Block_Hiking,Hiking,block_cv,xmpca_10,total_cover,898.0,cross_market
NOR_30Y,5,Block_Hiking,Hiking,block_cv,xmpca_11,total_cover,96.0,cross_market
NOR_30Y,5,Block_Hiking,Hiking,block_cv,xmpca_12,total_cover,0.0,cross_market
NOR_30Y,5,Block_Hiking,Hiking,block_cv,chg_lag1,shap_mean_abs,2.458425296936184e-05,momentum
NOR_30Y,5,Block_Hiking,Hiking,block_cv,chg_lag2,shap_mean_abs,6.715596100548282e-06,momentum
NOR_30Y,5,Block_Hiking,Hiking,block_cv,chg_lag3,shap_mean_abs,5.8352461564936675e-06,momentum
NOR_30Y,5,Block_Hiking,Hiking,block_cv,chg_lag4,shap_mean_abs,0.0,momentum
NOR_30Y,5,Block_Hiking,Hiking,block_cv,chg_lag5,shap_mean_abs,0.0008767578401602805,momentum
NOR_30Y,5,Block_Hiking,Hiking,block_cv,carry_roll,shap_mean_abs,0.006674918346107006,carry_roll
NOR_30Y,5,Block_Hiking,Hiking,block_cv,mom_63d,shap_mean_abs,0.0003736452490556985,momentum
NOR_30Y,5,Block_Hiking,Hiking,block_cv,mom_1m,shap_mean_abs,0.0004998567746952176,momentum
NOR_30Y,5,Block_Hiking,Hiking,block_cv,mom_3m,shap_mean_abs,0.0,momentum
NOR_30Y,5,Block_Hiking,Hiking,block_cv,mom_6m,shap_mean_abs,0.0009269818547181785,momentum
NOR_30Y,5,Block_Hiking,Hiking,block_cv,mom_12m,shap_mean_abs,0.0001888113038148731,momentum
NOR_30Y,5,Block_Hiking,Hiking,block_cv,dev_ma_3m,shap_mean_abs,0.0007299185381270945,curve
NOR_30Y,5,Block_Hiking,Hiking,block_cv,dev_ma_12m,shap_mean_abs,6.790123006794602e-05,curve
NOR_30Y,5,Block_Hiking,Hiking,block_cv,vol_20d,shap_mean_abs,0.0011586853070184588,vol
NOR_30Y,5,Block_Hiking,Hiking,block_cv,vol_regime,shap_mean_abs,0.0,vol
NOR_30Y,5,Block_Hiking,Hiking,block_cv,vol_zscore,shap_mean_abs,6.083049811422825e-05,vol
NOR_30Y,5,Block_Hiking,Hiking,block_cv,level_zscore,shap_mean_abs,0.0006442155572585762,curve
NOR_30Y,5,Block_Hiking,Hiking,block_cv,slope_10_1,shap_mean_abs,0.0,curve
NOR_30Y,5,Block_Hiking,Hiking,block_cv,slope_10_5,shap_mean_abs,0.0002993561211042106,curve
NOR_30Y,5,Block_Hiking,Hiking,block_cv,slope_5_1,shap_mean_abs,0.0,curve
NOR_30Y,5,Block_Hiking,Hiking,block_cv,sofr_mom_1m,shap_mean_abs,0.0017842284869402647,macro
NOR_30Y,5,Block_Hiking,Hiking,block_cv,ibor_level,shap_mean_abs,0.0,macro
NOR_30Y,5,Block_Hiking,Hiking,block_cv,ibor_chg_1d,shap_mean_abs,0.00034250388853251934,macro
NOR_30Y,5,Block_Hiking,Hiking,block_cv,ibor_mom_1m,shap_mean_abs,2.9811311833327636e-05,macro
NOR_30Y,5,Block_Hiking,Hiking,block_cv,ibor_term_slope,shap_mean_abs,0.0017193909734487534,macro
NOR_30Y,5,Block_Hiking,Hiking,block_cv,swap_ibor_basis,shap_mean_abs,0.00016559976211283356,curve
NOR_30Y,5,Block_Hiking,Hiking,block_cv,move_level,shap_mean_abs,0.0005750290583819151,vol
NOR_30Y,5,Block_Hiking,Hiking,block_cv,move_zscore,shap_mean_abs,0.0,vol
NOR_30Y,5,Block_Hiking,Hiking,block_cv,vix_level,shap_mean_abs,0.0,vol
NOR_30Y,5,Block_Hiking,Hiking,block_cv,vix_zscore,shap_mean_abs,0.0,vol
NOR_30Y,5,Block_Hiking,Hiking,block_cv,v2x_level,shap_mean_abs,0.000822483969386667,vol
NOR_30Y,5,Block_Hiking,Hiking,block_cv,vxn_level,shap_mean_abs,3.7689085729653016e-05,vol
NOR_30Y,5,Block_Hiking,Hiking,block_cv,ovx_level,shap_mean_abs,0.00037395558319985867,vol
NOR_30Y,5,Block_Hiking,Hiking,block_cv,gvz_level,shap_mean_abs,0.00015156094741541892,vol
NOR_30Y,5,Block_Hiking,Hiking,block_cv,spx_mom_1m,shap_mean_abs,0.0002814647741615772,macro
NOR_30Y,5,Block_Hiking,Hiking,block_cv,spx_mom_3m,shap_mean_abs,5.738535401178524e-05,macro
NOR_30Y,5,Block_Hiking,Hiking,block_cv,sx5e_mom_1m,shap_mean_abs,0.000271372904535383,macro
NOR_30Y,5,Block_Hiking,Hiking,block_cv,sx5e_mom_3m,shap_mean_abs,0.0,macro
NOR_30Y,5,Block_Hiking,Hiking,block_cv,mxwo_mom_1m,shap_mean_abs,0.00034679213422350585,macro
NOR_30Y,5,Block_Hiking,Hiking,block_cv,ndx_mom_1m,shap_mean_abs,0.00011150001228088513,macro
NOR_30Y,5,Block_Hiking,Hiking,block_cv,oil_mom_1m,shap_mean_abs,0.0011237888829782605,macro
NOR_30Y,5,Block_Hiking,Hiking,block_cv,oil_mom_3m,shap_mean_abs,0.0008572782971896231,macro
NOR_30Y,5,Block_Hiking,Hiking,block_cv,copper_mom_1m,shap_mean_abs,0.0003455822297837585,macro
NOR_30Y,5,Block_Hiking,Hiking,block_cv,opec_prod,shap_mean_abs,0.00042731763096526265,macro
NOR_30Y,5,Block_Hiking,Hiking,block_cv,natgas_mom_1m,shap_mean_abs,0.0,macro
NOR_30Y,5,Block_Hiking,Hiking,block_cv,be5y_level,shap_mean_abs,5.060823241365142e-05,macro
NOR_30Y,5,Block_Hiking,Hiking,block_cv,be10y_level,shap_mean_abs,0.0,macro
NOR_30Y,5,Block_Hiking,Hiking,block_cv,be_slope,shap_mean_abs,0.0,macro
NOR_30Y,5,Block_Hiking,Hiking,block_cv,be5y_chg_1m,shap_mean_abs,0.0,macro
NOR_30Y,5,Block_Hiking,Hiking,block_cv,ig_spread,shap_mean_abs,0.0,credit
NOR_30Y,5,Block_Hiking,Hiking,block_cv,hy_spread,shap_mean_abs,0.0,credit
NOR_30Y,5,Block_Hiking,Hiking,block_cv,ig_chg_1m,shap_mean_abs,0.0,credit
NOR_30Y,5,Block_Hiking,Hiking,block_cv,hy_chg_1m,shap_mean_abs,0.0,credit
NOR_30Y,5,Block_Hiking,Hiking,block_cv,cpi_yoy,shap_mean_abs,0.001466838177293539,macro
NOR_30Y,5,Block_Hiking,Hiking,block_cv,pce_core_chg,shap_mean_abs,0.0,macro
NOR_30Y,5,Block_Hiking,Hiking,block_cv,nfp_change,shap_mean_abs,0.0,macro
NOR_30Y,5,Block_Hiking,Hiking,block_cv,pmi_us,shap_mean_abs,3.857282717945054e-05,macro
NOR_30Y,5,Block_Hiking,Hiking,block_cv,pmi_eur,shap_mean_abs,0.0,macro
NOR_30Y,5,Block_Hiking,Hiking,block_cv,unemp_eur,shap_mean_abs,0.0004986987914890051,macro
NOR_30Y,5,Block_Hiking,Hiking,block_cv,cpi_nsa_level,shap_mean_abs,0.0,macro
NOR_30Y,5,Block_Hiking,Hiking,block_cv,pce_core_level,shap_mean_abs,0.0,macro
NOR_30Y,5,Block_Hiking,Hiking,block_cv,eur_3m,shap_mean_abs,0.0001563217374496162,macro
NOR_30Y,5,Block_Hiking,Hiking,block_cv,eur_1w,shap_mean_abs,0.0,macro
NOR_30Y,5,Block_Hiking,Hiking,block_cv,nor_ibor_1m,shap_mean_abs,0.0,norway
NOR_30Y,5,Block_Hiking,Hiking,block_cv,nor_ibor_6m,shap_mean_abs,6.241901246539783e-06,norway
NOR_30Y,5,Block_Hiking,Hiking,block_cv,nor_ecb_dfr_chg,shap_mean_abs,0.0,norway
NOR_30Y,5,Block_Hiking,Hiking,block_cv,nor_ecb_dfr_level,shap_mean_abs,0.0,norway
NOR_30Y,5,Block_Hiking,Hiking,block_cv,nor_eurnok_chg_1d,shap_mean_abs,0.0,norway
NOR_30Y,5,Block_Hiking,Hiking,block_cv,nor_eurnok_level,shap_mean_abs,0.00025056596496142447,norway
NOR_30Y,5,Block_Hiking,Hiking,block_cv,nor_eurnok_mom_1m,shap_mean_abs,0.0,norway
NOR_30Y,5,Block_Hiking,Hiking,block_cv,nor_eurnok_mom_3m,shap_mean_abs,0.0008009160519577563,norway
NOR_30Y,5,Block_Hiking,Hiking,block_cv,nor_eurnok_rvol_20d,shap_mean_abs,0.0,norway
NOR_30Y,5,Block_Hiking,Hiking,block_cv,nor_govt_10y,shap_mean_abs,0.0,norway
NOR_30Y,5,Block_Hiking,Hiking,block_cv,nor_govt_3y,shap_mean_abs,0.0,norway
NOR_30Y,5,Block_Hiking,Hiking,block_cv,nor_govt_5y,shap_mean_abs,0.0,norway
NOR_30Y,5,Block_Hiking,Hiking,block_cv,nor_i44_chg_1d,shap_mean_abs,0.0,norway
NOR_30Y,5,Block_Hiking,Hiking,block_cv,nor_i44_level,shap_mean_abs,7.639783143531531e-05,norway
NOR_30Y,5,Block_Hiking,Hiking,block_cv,nor_i44_mom_1m,shap_mean_abs,2.4060305804596283e-05,norway
NOR_30Y,5,Block_Hiking,Hiking,block_cv,nor_i44_mom_3m,shap_mean_abs,0.000912186864297837,norway
NOR_30Y,5,Block_Hiking,Hiking,block_cv,nor_i44_rvol_20d,shap_mean_abs,0.0,norway
NOR_30Y,5,Block_Hiking,Hiking,block_cv,nor_kpi_yoy,shap_mean_abs,0.0030807850416749716,norway
NOR_30Y,5,Block_Hiking,Hiking,block_cv,nor_kpijae_yoy,shap_mean_abs,0.0,norway
NOR_30Y,5,Block_Hiking,Hiking,block_cv,nor_nibor_nowa_spread,shap_mean_abs,0.0,norway
NOR_30Y,5,Block_Hiking,Hiking,block_cv,nor_nowa_level,shap_mean_abs,0.0,norway
NOR_30Y,5,Block_Hiking,Hiking,block_cv,nor_polrate_chg_1d,shap_mean_abs,0.0,norway
NOR_30Y,5,Block_Hiking,Hiking,block_cv,nor_polrate_days_since_chg,shap_mean_abs,0.0,norway
NOR_30Y,5,Block_Hiking,Hiking,block_cv,nor_polrate_level,shap_mean_abs,0.0,norway
NOR_30Y,5,Block_Hiking,Hiking,block_cv,nor_rb_rate_chg,shap_mean_abs,0.0,norway
NOR_30Y,5,Block_Hiking,Hiking,block_cv,nor_rb_rate_level,shap_mean_abs,0.0,norway
NOR_30Y,5,Block_Hiking,Hiking,block_cv,nor_unemp,shap_mean_abs,0.0,norway
NOR_30Y,5,Block_Hiking,Hiking,block_cv,nor_usdnok_chg_1d,shap_mean_abs,0.0,norway
NOR_30Y,5,Block_Hiking,Hiking,block_cv,nor_usdnok_level,shap_mean_abs,0.0003142951463814825,norway
NOR_30Y,5,Block_Hiking,Hiking,block_cv,nor_usdnok_mom_1m,shap_mean_abs,0.0,norway
NOR_30Y,5,Block_Hiking,Hiking,block_cv,nor_usdnok_mom_3m,shap_mean_abs,0.0008033211925067008,norway
NOR_30Y,5,Block_Hiking,Hiking,block_cv,nor_usdnok_rvol_20d,shap_mean_abs,0.0,norway
NOR_30Y,5,Block_Hiking,Hiking,block_cv,swap_govt_spread,shap_mean_abs,0.0,norway
NOR_30Y,5,Block_Hiking,Hiking,block_cv,xmpca_01,shap_mean_abs,2.1578738596872427e-05,cross_market
NOR_30Y,5,Block_Hiking,Hiking,block_cv,xmpca_02,shap_mean_abs,0.0009250418515875936,cross_market
NOR_30Y,5,Block_Hiking,Hiking,block_cv,xmpca_03,shap_mean_abs,4.447339961188845e-05,cross_market
NOR_30Y,5,Block_Hiking,Hiking,block_cv,xmpca_04,shap_mean_abs,4.136976713198237e-05,cross_market
NOR_30Y,5,Block_Hiking,Hiking,block_cv,xmpca_05,shap_mean_abs,0.0,cross_market
NOR_30Y,5,Block_Hiking,Hiking,block_cv,xmpca_06,shap_mean_abs,0.001170734059996903,cross_market
NOR_30Y,5,Block_Hiking,Hiking,block_cv,xmpca_07,shap_mean_abs,0.0,cross_market
NOR_30Y,5,Block_Hiking,Hiking,block_cv,xmpca_08,shap_mean_abs,1.8981238099513575e-05,cross_market
NOR_30Y,5,Block_Hiking,Hiking,block_cv,xmpca_09,shap_mean_abs,0.0,cross_market
NOR_30Y,5,Block_Hiking,Hiking,block_cv,xmpca_10,shap_mean_abs,8.883657574187964e-05,cross_market
NOR_30Y,5,Block_Hiking,Hiking,block_cv,xmpca_11,shap_mean_abs,0.00014199451834429055,cross_market
NOR_30Y,5,Block_Hiking,Hiking,block_cv,xmpca_12,shap_mean_abs,0.0,cross_market
NOR_5Y,5,Block_GFC,GFC,block_cv,chg_lag1,gain,0.07140738517045975,momentum
NOR_5Y,5,Block_GFC,GFC,block_cv,chg_lag2,gain,0.0,momentum
NOR_5Y,5,Block_GFC,GFC,block_cv,chg_lag3,gain,0.0,momentum
NOR_5Y,5,Block_GFC,GFC,block_cv,chg_lag4,gain,0.0,momentum
NOR_5Y,5,Block_GFC,GFC,block_cv,chg_lag5,gain,0.0,momentum
NOR_5Y,5,Block_GFC,GFC,block_cv,carry_roll,gain,0.0,carry_roll
NOR_5Y,5,Block_GFC,GFC,block_cv,mom_63d,gain,0.0,momentum
NOR_5Y,5,Block_GFC,GFC,block_cv,mom_1m,gain,0.0,momentum
NOR_5Y,5,Block_GFC,GFC,block_cv,mom_3m,gain,0.3405008018016815,momentum
NOR_5Y,5,Block_GFC,GFC,block_cv,mom_6m,gain,0.0,momentum
NOR_5Y,5,Block_GFC,GFC,block_cv,mom_12m,gain,0.0,momentum
NOR_5Y,5,Block_GFC,GFC,block_cv,dev_ma_3m,gain,0.08499723672866821,curve
NOR_5Y,5,Block_GFC,GFC,block_cv,dev_ma_12m,gain,0.0,curve
NOR_5Y,5,Block_GFC,GFC,block_cv,vol_20d,gain,0.0,vol
NOR_5Y,5,Block_GFC,GFC,block_cv,vol_regime,gain,0.0,vol
NOR_5Y,5,Block_GFC,GFC,block_cv,vol_zscore,gain,0.0,vol
NOR_5Y,5,Block_GFC,GFC,block_cv,level_zscore,gain,0.0,curve
NOR_5Y,5,Block_GFC,GFC,block_cv,slope_10_1,gain,0.0,curve
NOR_5Y,5,Block_GFC,GFC,block_cv,slope_10_5,gain,0.0,curve
NOR_5Y,5,Block_GFC,GFC,block_cv,slope_5_1,gain,0.0,curve
NOR_5Y,5,Block_GFC,GFC,block_cv,sofr_mom_1m,gain,0.0,macro
NOR_5Y,5,Block_GFC,GFC,block_cv,ibor_level,gain,0.0,macro
NOR_5Y,5,Block_GFC,GFC,block_cv,ibor_chg_1d,gain,0.0,macro
NOR_5Y,5,Block_GFC,GFC,block_cv,ibor_mom_1m,gain,0.0,macro
NOR_5Y,5,Block_GFC,GFC,block_cv,ibor_term_slope,gain,0.0,macro
NOR_5Y,5,Block_GFC,GFC,block_cv,swap_ibor_basis,gain,0.0,curve
NOR_5Y,5,Block_GFC,GFC,block_cv,move_level,gain,0.0,vol
NOR_5Y,5,Block_GFC,GFC,block_cv,move_zscore,gain,0.0,vol
NOR_5Y,5,Block_GFC,GFC,block_cv,vix_level,gain,0.0,vol
NOR_5Y,5,Block_GFC,GFC,block_cv,vix_zscore,gain,0.0,vol
NOR_5Y,5,Block_GFC,GFC,block_cv,v2x_level,gain,0.0,vol
NOR_5Y,5,Block_GFC,GFC,block_cv,vxn_level,gain,0.0,vol
NOR_5Y,5,Block_GFC,GFC,block_cv,ovx_level,gain,0.0,vol
NOR_5Y,5,Block_GFC,GFC,block_cv,gvz_level,gain,0.13717031478881836,vol
NOR_5Y,5,Block_GFC,GFC,block_cv,spx_mom_1m,gain,0.0,macro
NOR_5Y,5,Block_GFC,GFC,block_cv,spx_mom_3m,gain,0.0,macro
NOR_5Y,5,Block_GFC,GFC,block_cv,sx5e_mom_1m,gain,0.0,macro
NOR_5Y,5,Block_GFC,GFC,block_cv,sx5e_mom_3m,gain,0.0,macro
NOR_5Y,5,Block_GFC,GFC,block_cv,mxwo_mom_1m,gain,0.0,macro
NOR_5Y,5,Block_GFC,GFC,block_cv,ndx_mom_1m,gain,0.1433894783258438,macro
NOR_5Y,5,Block_GFC,GFC,block_cv,oil_mom_1m,gain,0.08062034845352173,macro
NOR_5Y,5,Block_GFC,GFC,block_cv,oil_mom_3m,gain,0.0,macro
NOR_5Y,5,Block_GFC,GFC,block_cv,copper_mom_1m,gain,0.0,macro
NOR_5Y,5,Block_GFC,GFC,block_cv,opec_prod,gain,0.0,macro
NOR_5Y,5,Block_GFC,GFC,block_cv,natgas_mom_1m,gain,0.0,macro
NOR_5Y,5,Block_GFC,GFC,block_cv,be5y_level,gain,0.0,macro
NOR_5Y,5,Block_GFC,GFC,block_cv,be10y_level,gain,0.0,macro
NOR_5Y,5,Block_GFC,GFC,block_cv,be_slope,gain,0.0,macro
NOR_5Y,5,Block_GFC,GFC,block_cv,be5y_chg_1m,gain,0.0,macro
NOR_5Y,5,Block_GFC,GFC,block_cv,ig_spread,gain,0.0,credit
NOR_5Y,5,Block_GFC,GFC,block_cv,hy_spread,gain,0.0,credit
NOR_5Y,5,Block_GFC,GFC,block_cv,ig_chg_1m,gain,0.0,credit
NOR_5Y,5,Block_GFC,GFC,block_cv,hy_chg_1m,gain,0.0,credit
NOR_5Y,5,Block_GFC,GFC,block_cv,cpi_yoy,gain,0.0,macro
NOR_5Y,5,Block_GFC,GFC,block_cv,pce_core_chg,gain,0.0,macro
NOR_5Y,5,Block_GFC,GFC,block_cv,nfp_change,gain,0.0,macro
NOR_5Y,5,Block_GFC,GFC,block_cv,pmi_us,gain,0.0,macro
NOR_5Y,5,Block_GFC,GFC,block_cv,pmi_eur,gain,0.19389580190181732,macro
NOR_5Y,5,Block_GFC,GFC,block_cv,unemp_eur,gain,0.0,macro
NOR_5Y,5,Block_GFC,GFC,block_cv,cpi_nsa_level,gain,0.0,macro
NOR_5Y,5,Block_GFC,GFC,block_cv,pce_core_level,gain,0.0,macro
NOR_5Y,5,Block_GFC,GFC,block_cv,eur_3m,gain,0.0,macro
NOR_5Y,5,Block_GFC,GFC,block_cv,eur_1w,gain,0.0,macro
NOR_5Y,5,Block_GFC,GFC,block_cv,nor_ibor_1m,gain,0.0,norway
NOR_5Y,5,Block_GFC,GFC,block_cv,nor_ibor_6m,gain,0.0,norway
NOR_5Y,5,Block_GFC,GFC,block_cv,nor_ecb_dfr_chg,gain,0.0,norway
NOR_5Y,5,Block_GFC,GFC,block_cv,nor_ecb_dfr_level,gain,0.0,norway
NOR_5Y,5,Block_GFC,GFC,block_cv,nor_eurnok_chg_1d,gain,0.0,norway
NOR_5Y,5,Block_GFC,GFC,block_cv,nor_eurnok_level,gain,0.0,norway
NOR_5Y,5,Block_GFC,GFC,block_cv,nor_eurnok_mom_1m,gain,0.0,norway
NOR_5Y,5,Block_GFC,GFC,block_cv,nor_eurnok_mom_3m,gain,0.0,norway
NOR_5Y,5,Block_GFC,GFC,block_cv,nor_eurnok_rvol_20d,gain,0.0,norway
NOR_5Y,5,Block_GFC,GFC,block_cv,nor_govt_10y,gain,0.0,norway
NOR_5Y,5,Block_GFC,GFC,block_cv,nor_govt_3y,gain,0.0,norway
NOR_5Y,5,Block_GFC,GFC,block_cv,nor_govt_5y,gain,0.0,norway
NOR_5Y,5,Block_GFC,GFC,block_cv,nor_i44_chg_1d,gain,0.0,norway
NOR_5Y,5,Block_GFC,GFC,block_cv,nor_i44_level,gain,0.0,norway
NOR_5Y,5,Block_GFC,GFC,block_cv,nor_i44_mom_1m,gain,0.23709945380687714,norway
NOR_5Y,5,Block_GFC,GFC,block_cv,nor_i44_mom_3m,gain,0.03471280634403229,norway
NOR_5Y,5,Block_GFC,GFC,block_cv,nor_i44_rvol_20d,gain,0.0,norway
NOR_5Y,5,Block_GFC,GFC,block_cv,nor_kpi_yoy,gain,0.0,norway
NOR_5Y,5,Block_GFC,GFC,block_cv,nor_kpijae_yoy,gain,0.0,norway
NOR_5Y,5,Block_GFC,GFC,block_cv,nor_nibor_nowa_spread,gain,0.0,norway
NOR_5Y,5,Block_GFC,GFC,block_cv,nor_nowa_level,gain,0.0,norway
NOR_5Y,5,Block_GFC,GFC,block_cv,nor_polrate_chg_1d,gain,0.0,norway
NOR_5Y,5,Block_GFC,GFC,block_cv,nor_polrate_days_since_chg,gain,0.0,norway
NOR_5Y,5,Block_GFC,GFC,block_cv,nor_polrate_level,gain,0.0,norway
NOR_5Y,5,Block_GFC,GFC,block_cv,nor_rb_rate_chg,gain,0.0,norway
NOR_5Y,5,Block_GFC,GFC,block_cv,nor_rb_rate_level,gain,0.0,norway
NOR_5Y,5,Block_GFC,GFC,block_cv,nor_unemp,gain,0.0,norway
NOR_5Y,5,Block_GFC,GFC,block_cv,nor_usdnok_chg_1d,gain,0.0,norway
NOR_5Y,5,Block_GFC,GFC,block_cv,nor_usdnok_level,gain,0.0,norway
NOR_5Y,5,Block_GFC,GFC,block_cv,nor_usdnok_mom_1m,gain,0.0,norway
NOR_5Y,5,Block_GFC,GFC,block_cv,nor_usdnok_mom_3m,gain,0.2539728581905365,norway
NOR_5Y,5,Block_GFC,GFC,block_cv,nor_usdnok_rvol_20d,gain,0.0,norway
NOR_5Y,5,Block_GFC,GFC,block_cv,swap_govt_spread,gain,0.0,norway
NOR_5Y,5,Block_GFC,GFC,block_cv,xmpca_01,gain,0.0,cross_market
NOR_5Y,5,Block_GFC,GFC,block_cv,xmpca_02,gain,0.0,cross_market
NOR_5Y,5,Block_GFC,GFC,block_cv,xmpca_03,gain,0.0,cross_market
NOR_5Y,5,Block_GFC,GFC,block_cv,xmpca_04,gain,0.0,cross_market
NOR_5Y,5,Block_GFC,GFC,block_cv,xmpca_05,gain,0.0,cross_market
NOR_5Y,5,Block_GFC,GFC,block_cv,xmpca_06,gain,0.0,cross_market
NOR_5Y,5,Block_GFC,GFC,block_cv,xmpca_07,gain,0.0,cross_market
NOR_5Y,5,Block_GFC,GFC,block_cv,xmpca_08,gain,0.0,cross_market
NOR_5Y,5,Block_GFC,GFC,block_cv,xmpca_09,gain,0.0,cross_market
NOR_5Y,5,Block_GFC,GFC,block_cv,xmpca_10,gain,0.0,cross_market
NOR_5Y,5,Block_GFC,GFC,block_cv,xmpca_11,gain,0.0,cross_market
NOR_5Y,5,Block_GFC,GFC,block_cv,xmpca_12,gain,0.0,cross_market
NOR_5Y,5,Block_GFC,GFC,block_cv,chg_lag1,weight,1.0,momentum
NOR_5Y,5,Block_GFC,GFC,block_cv,chg_lag2,weight,0.0,momentum
NOR_5Y,5,Block_GFC,GFC,block_cv,chg_lag3,weight,0.0,momentum
NOR_5Y,5,Block_GFC,GFC,block_cv,chg_lag4,weight,0.0,momentum
NOR_5Y,5,Block_GFC,GFC,block_cv,chg_lag5,weight,0.0,momentum
NOR_5Y,5,Block_GFC,GFC,block_cv,carry_roll,weight,0.0,carry_roll
NOR_5Y,5,Block_GFC,GFC,block_cv,mom_63d,weight,0.0,momentum
NOR_5Y,5,Block_GFC,GFC,block_cv,mom_1m,weight,0.0,momentum
NOR_5Y,5,Block_GFC,GFC,block_cv,mom_3m,weight,1.0,momentum
NOR_5Y,5,Block_GFC,GFC,block_cv,mom_6m,weight,0.0,momentum
NOR_5Y,5,Block_GFC,GFC,block_cv,mom_12m,weight,0.0,momentum
NOR_5Y,5,Block_GFC,GFC,block_cv,dev_ma_3m,weight,1.0,curve
NOR_5Y,5,Block_GFC,GFC,block_cv,dev_ma_12m,weight,0.0,curve
NOR_5Y,5,Block_GFC,GFC,block_cv,vol_20d,weight,0.0,vol
NOR_5Y,5,Block_GFC,GFC,block_cv,vol_regime,weight,0.0,vol
NOR_5Y,5,Block_GFC,GFC,block_cv,vol_zscore,weight,0.0,vol
NOR_5Y,5,Block_GFC,GFC,block_cv,level_zscore,weight,0.0,curve
NOR_5Y,5,Block_GFC,GFC,block_cv,slope_10_1,weight,0.0,curve
NOR_5Y,5,Block_GFC,GFC,block_cv,slope_10_5,weight,0.0,curve
NOR_5Y,5,Block_GFC,GFC,block_cv,slope_5_1,weight,0.0,curve
NOR_5Y,5,Block_GFC,GFC,block_cv,sofr_mom_1m,weight,0.0,macro
NOR_5Y,5,Block_GFC,GFC,block_cv,ibor_level,weight,0.0,macro
NOR_5Y,5,Block_GFC,GFC,block_cv,ibor_chg_1d,weight,0.0,macro
NOR_5Y,5,Block_GFC,GFC,block_cv,ibor_mom_1m,weight,0.0,macro
NOR_5Y,5,Block_GFC,GFC,block_cv,ibor_term_slope,weight,0.0,macro
NOR_5Y,5,Block_GFC,GFC,block_cv,swap_ibor_basis,weight,0.0,curve
NOR_5Y,5,Block_GFC,GFC,block_cv,move_level,weight,0.0,vol
NOR_5Y,5,Block_GFC,GFC,block_cv,move_zscore,weight,0.0,vol
NOR_5Y,5,Block_GFC,GFC,block_cv,vix_level,weight,0.0,vol
NOR_5Y,5,Block_GFC,GFC,block_cv,vix_zscore,weight,0.0,vol
NOR_5Y,5,Block_GFC,GFC,block_cv,v2x_level,weight,0.0,vol
NOR_5Y,5,Block_GFC,GFC,block_cv,vxn_level,weight,0.0,vol
NOR_5Y,5,Block_GFC,GFC,block_cv,ovx_level,weight,0.0,vol
NOR_5Y,5,Block_GFC,GFC,block_cv,gvz_level,weight,1.0,vol
NOR_5Y,5,Block_GFC,GFC,block_cv,spx_mom_1m,weight,0.0,macro
NOR_5Y,5,Block_GFC,GFC,block_cv,spx_mom_3m,weight,0.0,macro
NOR_5Y,5,Block_GFC,GFC,block_cv,sx5e_mom_1m,weight,0.0,macro
NOR_5Y,5,Block_GFC,GFC,block_cv,sx5e_mom_3m,weight,0.0,macro
NOR_5Y,5,Block_GFC,GFC,block_cv,mxwo_mom_1m,weight,0.0,macro
NOR_5Y,5,Block_GFC,GFC,block_cv,ndx_mom_1m,weight,1.0,macro
NOR_5Y,5,Block_GFC,GFC,block_cv,oil_mom_1m,weight,1.0,macro
NOR_5Y,5,Block_GFC,GFC,block_cv,oil_mom_3m,weight,0.0,macro
NOR_5Y,5,Block_GFC,GFC,block_cv,copper_mom_1m,weight,0.0,macro
NOR_5Y,5,Block_GFC,GFC,block_cv,opec_prod,weight,0.0,macro
NOR_5Y,5,Block_GFC,GFC,block_cv,natgas_mom_1m,weight,0.0,macro
NOR_5Y,5,Block_GFC,GFC,block_cv,be5y_level,weight,0.0,macro
NOR_5Y,5,Block_GFC,GFC,block_cv,be10y_level,weight,0.0,macro
NOR_5Y,5,Block_GFC,GFC,block_cv,be_slope,weight,0.0,macro
NOR_5Y,5,Block_GFC,GFC,block_cv,be5y_chg_1m,weight,0.0,macro
NOR_5Y,5,Block_GFC,GFC,block_cv,ig_spread,weight,0.0,credit
NOR_5Y,5,Block_GFC,GFC,block_cv,hy_spread,weight,0.0,credit
NOR_5Y,5,Block_GFC,GFC,block_cv,ig_chg_1m,weight,0.0,credit
NOR_5Y,5,Block_GFC,GFC,block_cv,hy_chg_1m,weight,0.0,credit
NOR_5Y,5,Block_GFC,GFC,block_cv,cpi_yoy,weight,0.0,macro
NOR_5Y,5,Block_GFC,GFC,block_cv,pce_core_chg,weight,0.0,macro
NOR_5Y,5,Block_GFC,GFC,block_cv,nfp_change,weight,0.0,macro
NOR_5Y,5,Block_GFC,GFC,block_cv,pmi_us,weight,0.0,macro
NOR_5Y,5,Block_GFC,GFC,block_cv,pmi_eur,weight,2.0,macro
NOR_5Y,5,Block_GFC,GFC,block_cv,unemp_eur,weight,0.0,macro
NOR_5Y,5,Block_GFC,GFC,block_cv,cpi_nsa_level,weight,0.0,macro
NOR_5Y,5,Block_GFC,GFC,block_cv,pce_core_level,weight,0.0,macro
NOR_5Y,5,Block_GFC,GFC,block_cv,eur_3m,weight,0.0,macro
NOR_5Y,5,Block_GFC,GFC,block_cv,eur_1w,weight,0.0,macro
NOR_5Y,5,Block_GFC,GFC,block_cv,nor_ibor_1m,weight,0.0,norway
NOR_5Y,5,Block_GFC,GFC,block_cv,nor_ibor_6m,weight,0.0,norway
NOR_5Y,5,Block_GFC,GFC,block_cv,nor_ecb_dfr_chg,weight,0.0,norway
NOR_5Y,5,Block_GFC,GFC,block_cv,nor_ecb_dfr_level,weight,0.0,norway
NOR_5Y,5,Block_GFC,GFC,block_cv,nor_eurnok_chg_1d,weight,0.0,norway
NOR_5Y,5,Block_GFC,GFC,block_cv,nor_eurnok_level,weight,0.0,norway
NOR_5Y,5,Block_GFC,GFC,block_cv,nor_eurnok_mom_1m,weight,0.0,norway
NOR_5Y,5,Block_GFC,GFC,block_cv,nor_eurnok_mom_3m,weight,0.0,norway
NOR_5Y,5,Block_GFC,GFC,block_cv,nor_eurnok_rvol_20d,weight,0.0,norway
NOR_5Y,5,Block_GFC,GFC,block_cv,nor_govt_10y,weight,0.0,norway
NOR_5Y,5,Block_GFC,GFC,block_cv,nor_govt_3y,weight,0.0,norway
NOR_5Y,5,Block_GFC,GFC,block_cv,nor_govt_5y,weight,0.0,norway
NOR_5Y,5,Block_GFC,GFC,block_cv,nor_i44_chg_1d,weight,0.0,norway
NOR_5Y,5,Block_GFC,GFC,block_cv,nor_i44_level,weight,0.0,norway
NOR_5Y,5,Block_GFC,GFC,block_cv,nor_i44_mom_1m,weight,3.0,norway
NOR_5Y,5,Block_GFC,GFC,block_cv,nor_i44_mom_3m,weight,1.0,norway
NOR_5Y,5,Block_GFC,GFC,block_cv,nor_i44_rvol_20d,weight,0.0,norway
NOR_5Y,5,Block_GFC,GFC,block_cv,nor_kpi_yoy,weight,0.0,norway
NOR_5Y,5,Block_GFC,GFC,block_cv,nor_kpijae_yoy,weight,0.0,norway
NOR_5Y,5,Block_GFC,GFC,block_cv,nor_nibor_nowa_spread,weight,0.0,norway
NOR_5Y,5,Block_GFC,GFC,block_cv,nor_nowa_level,weight,0.0,norway
NOR_5Y,5,Block_GFC,GFC,block_cv,nor_polrate_chg_1d,weight,0.0,norway
NOR_5Y,5,Block_GFC,GFC,block_cv,nor_polrate_days_since_chg,weight,0.0,norway
NOR_5Y,5,Block_GFC,GFC,block_cv,nor_polrate_level,weight,0.0,norway
NOR_5Y,5,Block_GFC,GFC,block_cv,nor_rb_rate_chg,weight,0.0,norway
NOR_5Y,5,Block_GFC,GFC,block_cv,nor_rb_rate_level,weight,0.0,norway
NOR_5Y,5,Block_GFC,GFC,block_cv,nor_unemp,weight,0.0,norway
NOR_5Y,5,Block_GFC,GFC,block_cv,nor_usdnok_chg_1d,weight,0.0,norway
NOR_5Y,5,Block_GFC,GFC,block_cv,nor_usdnok_level,weight,0.0,norway
NOR_5Y,5,Block_GFC,GFC,block_cv,nor_usdnok_mom_1m,weight,0.0,norway
NOR_5Y,5,Block_GFC,GFC,block_cv,nor_usdnok_mom_3m,weight,1.0,norway
NOR_5Y,5,Block_GFC,GFC,block_cv,nor_usdnok_rvol_20d,weight,0.0,norway
NOR_5Y,5,Block_GFC,GFC,block_cv,swap_govt_spread,weight,0.0,norway
NOR_5Y,5,Block_GFC,GFC,block_cv,xmpca_01,weight,0.0,cross_market
NOR_5Y,5,Block_GFC,GFC,block_cv,xmpca_02,weight,0.0,cross_market
NOR_5Y,5,Block_GFC,GFC,block_cv,xmpca_03,weight,0.0,cross_market
NOR_5Y,5,Block_GFC,GFC,block_cv,xmpca_04,weight,0.0,cross_market
NOR_5Y,5,Block_GFC,GFC,block_cv,xmpca_05,weight,0.0,cross_market
NOR_5Y,5,Block_GFC,GFC,block_cv,xmpca_06,weight,0.0,cross_market
NOR_5Y,5,Block_GFC,GFC,block_cv,xmpca_07,weight,0.0,cross_market
NOR_5Y,5,Block_GFC,GFC,block_cv,xmpca_08,weight,0.0,cross_market
NOR_5Y,5,Block_GFC,GFC,block_cv,xmpca_09,weight,0.0,cross_market
NOR_5Y,5,Block_GFC,GFC,block_cv,xmpca_10,weight,0.0,cross_market
NOR_5Y,5,Block_GFC,GFC,block_cv,xmpca_11,weight,0.0,cross_market
NOR_5Y,5,Block_GFC,GFC,block_cv,xmpca_12,weight,0.0,cross_market
NOR_5Y,5,Block_GFC,GFC,block_cv,chg_lag1,cover,43.0,momentum
NOR_5Y,5,Block_GFC,GFC,block_cv,chg_lag2,cover,0.0,momentum
NOR_5Y,5,Block_GFC,GFC,block_cv,chg_lag3,cover,0.0,momentum
NOR_5Y,5,Block_GFC,GFC,block_cv,chg_lag4,cover,0.0,momentum
NOR_5Y,5,Block_GFC,GFC,block_cv,chg_lag5,cover,0.0,momentum
NOR_5Y,5,Block_GFC,GFC,block_cv,carry_roll,cover,0.0,carry_roll
NOR_5Y,5,Block_GFC,GFC,block_cv,mom_63d,cover,0.0,momentum
NOR_5Y,5,Block_GFC,GFC,block_cv,mom_1m,cover,0.0,momentum
NOR_5Y,5,Block_GFC,GFC,block_cv,mom_3m,cover,2054.0,momentum
NOR_5Y,5,Block_GFC,GFC,block_cv,mom_6m,cover,0.0,momentum
NOR_5Y,5,Block_GFC,GFC,block_cv,mom_12m,cover,0.0,momentum
NOR_5Y,5,Block_GFC,GFC,block_cv,dev_ma_3m,cover,47.0,curve
NOR_5Y,5,Block_GFC,GFC,block_cv,dev_ma_12m,cover,0.0,curve
NOR_5Y,5,Block_GFC,GFC,block_cv,vol_20d,cover,0.0,vol
NOR_5Y,5,Block_GFC,GFC,block_cv,vol_regime,cover,0.0,vol
NOR_5Y,5,Block_GFC,GFC,block_cv,vol_zscore,cover,0.0,vol
NOR_5Y,5,Block_GFC,GFC,block_cv,level_zscore,cover,0.0,curve
NOR_5Y,5,Block_GFC,GFC,block_cv,slope_10_1,cover,0.0,curve
NOR_5Y,5,Block_GFC,GFC,block_cv,slope_10_5,cover,0.0,curve
NOR_5Y,5,Block_GFC,GFC,block_cv,slope_5_1,cover,0.0,curve
NOR_5Y,5,Block_GFC,GFC,block_cv,sofr_mom_1m,cover,0.0,macro
NOR_5Y,5,Block_GFC,GFC,block_cv,ibor_level,cover,0.0,macro
NOR_5Y,5,Block_GFC,GFC,block_cv,ibor_chg_1d,cover,0.0,macro
NOR_5Y,5,Block_GFC,GFC,block_cv,ibor_mom_1m,cover,0.0,macro
NOR_5Y,5,Block_GFC,GFC,block_cv,ibor_term_slope,cover,0.0,macro
NOR_5Y,5,Block_GFC,GFC,block_cv,swap_ibor_basis,cover,0.0,curve
NOR_5Y,5,Block_GFC,GFC,block_cv,move_level,cover,0.0,vol
NOR_5Y,5,Block_GFC,GFC,block_cv,move_zscore,cover,0.0,vol
NOR_5Y,5,Block_GFC,GFC,block_cv,vix_level,cover,0.0,vol
NOR_5Y,5,Block_GFC,GFC,block_cv,vix_zscore,cover,0.0,vol
NOR_5Y,5,Block_GFC,GFC,block_cv,v2x_level,cover,0.0,vol
NOR_5Y,5,Block_GFC,GFC,block_cv,vxn_level,cover,0.0,vol
NOR_5Y,5,Block_GFC,GFC,block_cv,ovx_level,cover,0.0,vol
NOR_5Y,5,Block_GFC,GFC,block_cv,gvz_level,cover,50.0,vol
NOR_5Y,5,Block_GFC,GFC,block_cv,spx_mom_1m,cover,0.0,macro
NOR_5Y,5,Block_GFC,GFC,block_cv,spx_mom_3m,cover,0.0,macro
NOR_5Y,5,Block_GFC,GFC,block_cv,sx5e_mom_1m,cover,0.0,macro
NOR_5Y,5,Block_GFC,GFC,block_cv,sx5e_mom_3m,cover,0.0,macro
NOR_5Y,5,Block_GFC,GFC,block_cv,mxwo_mom_1m,cover,0.0,macro
NOR_5Y,5,Block_GFC,GFC,block_cv,ndx_mom_1m,cover,1720.0,macro
NOR_5Y,5,Block_GFC,GFC,block_cv,oil_mom_1m,cover,1577.0,macro
NOR_5Y,5,Block_GFC,GFC,block_cv,oil_mom_3m,cover,0.0,macro
NOR_5Y,5,Block_GFC,GFC,block_cv,copper_mom_1m,cover,0.0,macro
NOR_5Y,5,Block_GFC,GFC,block_cv,opec_prod,cover,0.0,macro
NOR_5Y,5,Block_GFC,GFC,block_cv,natgas_mom_1m,cover,0.0,macro
NOR_5Y,5,Block_GFC,GFC,block_cv,be5y_level,cover,0.0,macro
NOR_5Y,5,Block_GFC,GFC,block_cv,be10y_level,cover,0.0,macro
NOR_5Y,5,Block_GFC,GFC,block_cv,be_slope,cover,0.0,macro
NOR_5Y,5,Block_GFC,GFC,block_cv,be5y_chg_1m,cover,0.0,macro
NOR_5Y,5,Block_GFC,GFC,block_cv,ig_spread,cover,0.0,credit
NOR_5Y,5,Block_GFC,GFC,block_cv,hy_spread,cover,0.0,credit
NOR_5Y,5,Block_GFC,GFC,block_cv,ig_chg_1m,cover,0.0,credit
NOR_5Y,5,Block_GFC,GFC,block_cv,hy_chg_1m,cover,0.0,credit
NOR_5Y,5,Block_GFC,GFC,block_cv,cpi_yoy,cover,0.0,macro
NOR_5Y,5,Block_GFC,GFC,block_cv,pce_core_chg,cover,0.0,macro
NOR_5Y,5,Block_GFC,GFC,block_cv,nfp_change,cover,0.0,macro
NOR_5Y,5,Block_GFC,GFC,block_cv,pmi_us,cover,0.0,macro
NOR_5Y,5,Block_GFC,GFC,block_cv,pmi_eur,cover,1970.5,macro
NOR_5Y,5,Block_GFC,GFC,block_cv,unemp_eur,cover,0.0,macro
NOR_5Y,5,Block_GFC,GFC,block_cv,cpi_nsa_level,cover,0.0,macro
NOR_5Y,5,Block_GFC,GFC,block_cv,pce_core_level,cover,0.0,macro
NOR_5Y,5,Block_GFC,GFC,block_cv,eur_3m,cover,0.0,macro
NOR_5Y,5,Block_GFC,GFC,block_cv,eur_1w,cover,0.0,macro
NOR_5Y,5,Block_GFC,GFC,block_cv,nor_ibor_1m,cover,0.0,norway
NOR_5Y,5,Block_GFC,GFC,block_cv,nor_ibor_6m,cover,0.0,norway
NOR_5Y,5,Block_GFC,GFC,block_cv,nor_ecb_dfr_chg,cover,0.0,norway
NOR_5Y,5,Block_GFC,GFC,block_cv,nor_ecb_dfr_level,cover,0.0,norway
NOR_5Y,5,Block_GFC,GFC,block_cv,nor_eurnok_chg_1d,cover,0.0,norway
NOR_5Y,5,Block_GFC,GFC,block_cv,nor_eurnok_level,cover,0.0,norway
NOR_5Y,5,Block_GFC,GFC,block_cv,nor_eurnok_mom_1m,cover,0.0,norway
NOR_5Y,5,Block_GFC,GFC,block_cv,nor_eurnok_mom_3m,cover,0.0,norway
NOR_5Y,5,Block_GFC,GFC,block_cv,nor_eurnok_rvol_20d,cover,0.0,norway
NOR_5Y,5,Block_GFC,GFC,block_cv,nor_govt_10y,cover,0.0,norway
NOR_5Y,5,Block_GFC,GFC,block_cv,nor_govt_3y,cover,0.0,norway
NOR_5Y,5,Block_GFC,GFC,block_cv,nor_govt_5y,cover,0.0,norway
NOR_5Y,5,Block_GFC,GFC,block_cv,nor_i44_chg_1d,cover,0.0,norway
NOR_5Y,5,Block_GFC,GFC,block_cv,nor_i44_level,cover,0.0,norway
NOR_5Y,5,Block_GFC,GFC,block_cv,nor_i44_mom_1m,cover,242.6666717529297,norway
NOR_5Y,5,Block_GFC,GFC,block_cv,nor_i44_mom_3m,cover,37.0,norway
NOR_5Y,5,Block_GFC,GFC,block_cv,nor_i44_rvol_20d,cover,0.0,norway
NOR_5Y,5,Block_GFC,GFC,block_cv,nor_kpi_yoy,cover,0.0,norway
NOR_5Y,5,Block_GFC,GFC,block_cv,nor_kpijae_yoy,cover,0.0,norway
NOR_5Y,5,Block_GFC,GFC,block_cv,nor_nibor_nowa_spread,cover,0.0,norway
NOR_5Y,5,Block_GFC,GFC,block_cv,nor_nowa_level,cover,0.0,norway
NOR_5Y,5,Block_GFC,GFC,block_cv,nor_polrate_chg_1d,cover,0.0,norway
NOR_5Y,5,Block_GFC,GFC,block_cv,nor_polrate_days_since_chg,cover,0.0,norway
NOR_5Y,5,Block_GFC,GFC,block_cv,nor_polrate_level,cover,0.0,norway
NOR_5Y,5,Block_GFC,GFC,block_cv,nor_rb_rate_chg,cover,0.0,norway
NOR_5Y,5,Block_GFC,GFC,block_cv,nor_rb_rate_level,cover,0.0,norway
NOR_5Y,5,Block_GFC,GFC,block_cv,nor_unemp,cover,0.0,norway
NOR_5Y,5,Block_GFC,GFC,block_cv,nor_usdnok_chg_1d,cover,0.0,norway
NOR_5Y,5,Block_GFC,GFC,block_cv,nor_usdnok_level,cover,0.0,norway
NOR_5Y,5,Block_GFC,GFC,block_cv,nor_usdnok_mom_1m,cover,0.0,norway
NOR_5Y,5,Block_GFC,GFC,block_cv,nor_usdnok_mom_3m,cover,2021.0,norway
NOR_5Y,5,Block_GFC,GFC,block_cv,nor_usdnok_rvol_20d,cover,0.0,norway
NOR_5Y,5,Block_GFC,GFC,block_cv,swap_govt_spread,cover,0.0,norway
NOR_5Y,5,Block_GFC,GFC,block_cv,xmpca_01,cover,0.0,cross_market
NOR_5Y,5,Block_GFC,GFC,block_cv,xmpca_02,cover,0.0,cross_market
NOR_5Y,5,Block_GFC,GFC,block_cv,xmpca_03,cover,0.0,cross_market
NOR_5Y,5,Block_GFC,GFC,block_cv,xmpca_04,cover,0.0,cross_market
NOR_5Y,5,Block_GFC,GFC,block_cv,xmpca_05,cover,0.0,cross_market
NOR_5Y,5,Block_GFC,GFC,block_cv,xmpca_06,cover,0.0,cross_market
NOR_5Y,5,Block_GFC,GFC,block_cv,xmpca_07,cover,0.0,cross_market
NOR_5Y,5,Block_GFC,GFC,block_cv,xmpca_08,cover,0.0,cross_market
NOR_5Y,5,Block_GFC,GFC,block_cv,xmpca_09,cover,0.0,cross_market
NOR_5Y,5,Block_GFC,GFC,block_cv,xmpca_10,cover,0.0,cross_market
NOR_5Y,5,Block_GFC,GFC,block_cv,xmpca_11,cover,0.0,cross_market
NOR_5Y,5,Block_GFC,GFC,block_cv,xmpca_12,cover,0.0,cross_market
NOR_5Y,5,Block_GFC,GFC,block_cv,chg_lag1,total_gain,0.07140738517045975,momentum
NOR_5Y,5,Block_GFC,GFC,block_cv,chg_lag2,total_gain,0.0,momentum
NOR_5Y,5,Block_GFC,GFC,block_cv,chg_lag3,total_gain,0.0,momentum
NOR_5Y,5,Block_GFC,GFC,block_cv,chg_lag4,total_gain,0.0,momentum
NOR_5Y,5,Block_GFC,GFC,block_cv,chg_lag5,total_gain,0.0,momentum
NOR_5Y,5,Block_GFC,GFC,block_cv,carry_roll,total_gain,0.0,carry_roll
NOR_5Y,5,Block_GFC,GFC,block_cv,mom_63d,total_gain,0.0,momentum
NOR_5Y,5,Block_GFC,GFC,block_cv,mom_1m,total_gain,0.0,momentum
NOR_5Y,5,Block_GFC,GFC,block_cv,mom_3m,total_gain,0.3405008018016815,momentum
NOR_5Y,5,Block_GFC,GFC,block_cv,mom_6m,total_gain,0.0,momentum
NOR_5Y,5,Block_GFC,GFC,block_cv,mom_12m,total_gain,0.0,momentum
NOR_5Y,5,Block_GFC,GFC,block_cv,dev_ma_3m,total_gain,0.08499723672866821,curve
NOR_5Y,5,Block_GFC,GFC,block_cv,dev_ma_12m,total_gain,0.0,curve
NOR_5Y,5,Block_GFC,GFC,block_cv,vol_20d,total_gain,0.0,vol
NOR_5Y,5,Block_GFC,GFC,block_cv,vol_regime,total_gain,0.0,vol
NOR_5Y,5,Block_GFC,GFC,block_cv,vol_zscore,total_gain,0.0,vol
NOR_5Y,5,Block_GFC,GFC,block_cv,level_zscore,total_gain,0.0,curve
NOR_5Y,5,Block_GFC,GFC,block_cv,slope_10_1,total_gain,0.0,curve
NOR_5Y,5,Block_GFC,GFC,block_cv,slope_10_5,total_gain,0.0,curve
NOR_5Y,5,Block_GFC,GFC,block_cv,slope_5_1,total_gain,0.0,curve
NOR_5Y,5,Block_GFC,GFC,block_cv,sofr_mom_1m,total_gain,0.0,macro
NOR_5Y,5,Block_GFC,GFC,block_cv,ibor_level,total_gain,0.0,macro
NOR_5Y,5,Block_GFC,GFC,block_cv,ibor_chg_1d,total_gain,0.0,macro
NOR_5Y,5,Block_GFC,GFC,block_cv,ibor_mom_1m,total_gain,0.0,macro
NOR_5Y,5,Block_GFC,GFC,block_cv,ibor_term_slope,total_gain,0.0,macro
NOR_5Y,5,Block_GFC,GFC,block_cv,swap_ibor_basis,total_gain,0.0,curve
NOR_5Y,5,Block_GFC,GFC,block_cv,move_level,total_gain,0.0,vol
NOR_5Y,5,Block_GFC,GFC,block_cv,move_zscore,total_gain,0.0,vol
NOR_5Y,5,Block_GFC,GFC,block_cv,vix_level,total_gain,0.0,vol
NOR_5Y,5,Block_GFC,GFC,block_cv,vix_zscore,total_gain,0.0,vol
NOR_5Y,5,Block_GFC,GFC,block_cv,v2x_level,total_gain,0.0,vol
NOR_5Y,5,Block_GFC,GFC,block_cv,vxn_level,total_gain,0.0,vol
NOR_5Y,5,Block_GFC,GFC,block_cv,ovx_level,total_gain,0.0,vol
NOR_5Y,5,Block_GFC,GFC,block_cv,gvz_level,total_gain,0.13717031478881836,vol
NOR_5Y,5,Block_GFC,GFC,block_cv,spx_mom_1m,total_gain,0.0,macro
NOR_5Y,5,Block_GFC,GFC,block_cv,spx_mom_3m,total_gain,0.0,macro
NOR_5Y,5,Block_GFC,GFC,block_cv,sx5e_mom_1m,total_gain,0.0,macro
NOR_5Y,5,Block_GFC,GFC,block_cv,sx5e_mom_3m,total_gain,0.0,macro
NOR_5Y,5,Block_GFC,GFC,block_cv,mxwo_mom_1m,total_gain,0.0,macro
NOR_5Y,5,Block_GFC,GFC,block_cv,ndx_mom_1m,total_gain,0.1433894783258438,macro
NOR_5Y,5,Block_GFC,GFC,block_cv,oil_mom_1m,total_gain,0.08062034845352173,macro
NOR_5Y,5,Block_GFC,GFC,block_cv,oil_mom_3m,total_gain,0.0,macro
NOR_5Y,5,Block_GFC,GFC,block_cv,copper_mom_1m,total_gain,0.0,macro
NOR_5Y,5,Block_GFC,GFC,block_cv,opec_prod,total_gain,0.0,macro
NOR_5Y,5,Block_GFC,GFC,block_cv,natgas_mom_1m,total_gain,0.0,macro
NOR_5Y,5,Block_GFC,GFC,block_cv,be5y_level,total_gain,0.0,macro
NOR_5Y,5,Block_GFC,GFC,block_cv,be10y_level,total_gain,0.0,macro
NOR_5Y,5,Block_GFC,GFC,block_cv,be_slope,total_gain,0.0,macro
NOR_5Y,5,Block_GFC,GFC,block_cv,be5y_chg_1m,total_gain,0.0,macro
NOR_5Y,5,Block_GFC,GFC,block_cv,ig_spread,total_gain,0.0,credit
NOR_5Y,5,Block_GFC,GFC,block_cv,hy_spread,total_gain,0.0,credit
NOR_5Y,5,Block_GFC,GFC,block_cv,ig_chg_1m,total_gain,0.0,credit
NOR_5Y,5,Block_GFC,GFC,block_cv,hy_chg_1m,total_gain,0.0,credit
NOR_5Y,5,Block_GFC,GFC,block_cv,cpi_yoy,total_gain,0.0,macro
NOR_5Y,5,Block_GFC,GFC,block_cv,pce_core_chg,total_gain,0.0,macro
NOR_5Y,5,Block_GFC,GFC,block_cv,nfp_change,total_gain,0.0,macro
NOR_5Y,5,Block_GFC,GFC,block_cv,pmi_us,total_gain,0.0,macro
NOR_5Y,5,Block_GFC,GFC,block_cv,pmi_eur,total_gain,0.38779160380363464,macro
NOR_5Y,5,Block_GFC,GFC,block_cv,unemp_eur,total_gain,0.0,macro
NOR_5Y,5,Block_GFC,GFC,block_cv,cpi_nsa_level,total_gain,0.0,macro
NOR_5Y,5,Block_GFC,GFC,block_cv,pce_core_level,total_gain,0.0,macro
NOR_5Y,5,Block_GFC,GFC,block_cv,eur_3m,total_gain,0.0,macro
NOR_5Y,5,Block_GFC,GFC,block_cv,eur_1w,total_gain,0.0,macro
NOR_5Y,5,Block_GFC,GFC,block_cv,nor_ibor_1m,total_gain,0.0,norway
NOR_5Y,5,Block_GFC,GFC,block_cv,nor_ibor_6m,total_gain,0.0,norway
NOR_5Y,5,Block_GFC,GFC,block_cv,nor_ecb_dfr_chg,total_gain,0.0,norway
NOR_5Y,5,Block_GFC,GFC,block_cv,nor_ecb_dfr_level,total_gain,0.0,norway
NOR_5Y,5,Block_GFC,GFC,block_cv,nor_eurnok_chg_1d,total_gain,0.0,norway
NOR_5Y,5,Block_GFC,GFC,block_cv,nor_eurnok_level,total_gain,0.0,norway
NOR_5Y,5,Block_GFC,GFC,block_cv,nor_eurnok_mom_1m,total_gain,0.0,norway
NOR_5Y,5,Block_GFC,GFC,block_cv,nor_eurnok_mom_3m,total_gain,0.0,norway
NOR_5Y,5,Block_GFC,GFC,block_cv,nor_eurnok_rvol_20d,total_gain,0.0,norway
NOR_5Y,5,Block_GFC,GFC,block_cv,nor_govt_10y,total_gain,0.0,norway
NOR_5Y,5,Block_GFC,GFC,block_cv,nor_govt_3y,total_gain,0.0,norway
NOR_5Y,5,Block_GFC,GFC,block_cv,nor_govt_5y,total_gain,0.0,norway
NOR_5Y,5,Block_GFC,GFC,block_cv,nor_i44_chg_1d,total_gain,0.0,norway
NOR_5Y,5,Block_GFC,GFC,block_cv,nor_i44_level,total_gain,0.0,norway
NOR_5Y,5,Block_GFC,GFC,block_cv,nor_i44_mom_1m,total_gain,0.7112983465194702,norway
NOR_5Y,5,Block_GFC,GFC,block_cv,nor_i44_mom_3m,total_gain,0.03471280634403229,norway
NOR_5Y,5,Block_GFC,GFC,block_cv,nor_i44_rvol_20d,total_gain,0.0,norway
NOR_5Y,5,Block_GFC,GFC,block_cv,nor_kpi_yoy,total_gain,0.0,norway
NOR_5Y,5,Block_GFC,GFC,block_cv,nor_kpijae_yoy,total_gain,0.0,norway
NOR_5Y,5,Block_GFC,GFC,block_cv,nor_nibor_nowa_spread,total_gain,0.0,norway
NOR_5Y,5,Block_GFC,GFC,block_cv,nor_nowa_level,total_gain,0.0,norway
NOR_5Y,5,Block_GFC,GFC,block_cv,nor_polrate_chg_1d,total_gain,0.0,norway
NOR_5Y,5,Block_GFC,GFC,block_cv,nor_polrate_days_since_chg,total_gain,0.0,norway
NOR_5Y,5,Block_GFC,GFC,block_cv,nor_polrate_level,total_gain,0.0,norway
NOR_5Y,5,Block_GFC,GFC,block_cv,nor_rb_rate_chg,total_gain,0.0,norway
NOR_5Y,5,Block_GFC,GFC,block_cv,nor_rb_rate_level,total_gain,0.0,norway
NOR_5Y,5,Block_GFC,GFC,block_cv,nor_unemp,total_gain,0.0,norway
NOR_5Y,5,Block_GFC,GFC,block_cv,nor_usdnok_chg_1d,total_gain,0.0,norway
NOR_5Y,5,Block_GFC,GFC,block_cv,nor_usdnok_level,total_gain,0.0,norway
NOR_5Y,5,Block_GFC,GFC,block_cv,nor_usdnok_mom_1m,total_gain,0.0,norway
NOR_5Y,5,Block_GFC,GFC,block_cv,nor_usdnok_mom_3m,total_gain,0.2539728581905365,norway
NOR_5Y,5,Block_GFC,GFC,block_cv,nor_usdnok_rvol_20d,total_gain,0.0,norway
NOR_5Y,5,Block_GFC,GFC,block_cv,swap_govt_spread,total_gain,0.0,norway
NOR_5Y,5,Block_GFC,GFC,block_cv,xmpca_01,total_gain,0.0,cross_market
NOR_5Y,5,Block_GFC,GFC,block_cv,xmpca_02,total_gain,0.0,cross_market
NOR_5Y,5,Block_GFC,GFC,block_cv,xmpca_03,total_gain,0.0,cross_market
NOR_5Y,5,Block_GFC,GFC,block_cv,xmpca_04,total_gain,0.0,cross_market
NOR_5Y,5,Block_GFC,GFC,block_cv,xmpca_05,total_gain,0.0,cross_market
NOR_5Y,5,Block_GFC,GFC,block_cv,xmpca_06,total_gain,0.0,cross_market
NOR_5Y,5,Block_GFC,GFC,block_cv,xmpca_07,total_gain,0.0,cross_market
NOR_5Y,5,Block_GFC,GFC,block_cv,xmpca_08,total_gain,0.0,cross_market
NOR_5Y,5,Block_GFC,GFC,block_cv,xmpca_09,total_gain,0.0,cross_market
NOR_5Y,5,Block_GFC,GFC,block_cv,xmpca_10,total_gain,0.0,cross_market
NOR_5Y,5,Block_GFC,GFC,block_cv,xmpca_11,total_gain,0.0,cross_market
NOR_5Y,5,Block_GFC,GFC,block_cv,xmpca_12,total_gain,0.0,cross_market
NOR_5Y,5,Block_GFC,GFC,block_cv,chg_lag1,total_cover,43.0,momentum
NOR_5Y,5,Block_GFC,GFC,block_cv,chg_lag2,total_cover,0.0,momentum
NOR_5Y,5,Block_GFC,GFC,block_cv,chg_lag3,total_cover,0.0,momentum
NOR_5Y,5,Block_GFC,GFC,block_cv,chg_lag4,total_cover,0.0,momentum
NOR_5Y,5,Block_GFC,GFC,block_cv,chg_lag5,total_cover,0.0,momentum
NOR_5Y,5,Block_GFC,GFC,block_cv,carry_roll,total_cover,0.0,carry_roll
NOR_5Y,5,Block_GFC,GFC,block_cv,mom_63d,total_cover,0.0,momentum
NOR_5Y,5,Block_GFC,GFC,block_cv,mom_1m,total_cover,0.0,momentum
NOR_5Y,5,Block_GFC,GFC,block_cv,mom_3m,total_cover,2054.0,momentum
NOR_5Y,5,Block_GFC,GFC,block_cv,mom_6m,total_cover,0.0,momentum
NOR_5Y,5,Block_GFC,GFC,block_cv,mom_12m,total_cover,0.0,momentum
NOR_5Y,5,Block_GFC,GFC,block_cv,dev_ma_3m,total_cover,47.0,curve
NOR_5Y,5,Block_GFC,GFC,block_cv,dev_ma_12m,total_cover,0.0,curve
NOR_5Y,5,Block_GFC,GFC,block_cv,vol_20d,total_cover,0.0,vol
NOR_5Y,5,Block_GFC,GFC,block_cv,vol_regime,total_cover,0.0,vol
NOR_5Y,5,Block_GFC,GFC,block_cv,vol_zscore,total_cover,0.0,vol
NOR_5Y,5,Block_GFC,GFC,block_cv,level_zscore,total_cover,0.0,curve
NOR_5Y,5,Block_GFC,GFC,block_cv,slope_10_1,total_cover,0.0,curve
NOR_5Y,5,Block_GFC,GFC,block_cv,slope_10_5,total_cover,0.0,curve
NOR_5Y,5,Block_GFC,GFC,block_cv,slope_5_1,total_cover,0.0,curve
NOR_5Y,5,Block_GFC,GFC,block_cv,sofr_mom_1m,total_cover,0.0,macro
NOR_5Y,5,Block_GFC,GFC,block_cv,ibor_level,total_cover,0.0,macro
NOR_5Y,5,Block_GFC,GFC,block_cv,ibor_chg_1d,total_cover,0.0,macro
NOR_5Y,5,Block_GFC,GFC,block_cv,ibor_mom_1m,total_cover,0.0,macro
NOR_5Y,5,Block_GFC,GFC,block_cv,ibor_term_slope,total_cover,0.0,macro
NOR_5Y,5,Block_GFC,GFC,block_cv,swap_ibor_basis,total_cover,0.0,curve
NOR_5Y,5,Block_GFC,GFC,block_cv,move_level,total_cover,0.0,vol
NOR_5Y,5,Block_GFC,GFC,block_cv,move_zscore,total_cover,0.0,vol
NOR_5Y,5,Block_GFC,GFC,block_cv,vix_level,total_cover,0.0,vol
NOR_5Y,5,Block_GFC,GFC,block_cv,vix_zscore,total_cover,0.0,vol
NOR_5Y,5,Block_GFC,GFC,block_cv,v2x_level,total_cover,0.0,vol
NOR_5Y,5,Block_GFC,GFC,block_cv,vxn_level,total_cover,0.0,vol
NOR_5Y,5,Block_GFC,GFC,block_cv,ovx_level,total_cover,0.0,vol
NOR_5Y,5,Block_GFC,GFC,block_cv,gvz_level,total_cover,50.0,vol
NOR_5Y,5,Block_GFC,GFC,block_cv,spx_mom_1m,total_cover,0.0,macro
NOR_5Y,5,Block_GFC,GFC,block_cv,spx_mom_3m,total_cover,0.0,macro
NOR_5Y,5,Block_GFC,GFC,block_cv,sx5e_mom_1m,total_cover,0.0,macro
NOR_5Y,5,Block_GFC,GFC,block_cv,sx5e_mom_3m,total_cover,0.0,macro
NOR_5Y,5,Block_GFC,GFC,block_cv,mxwo_mom_1m,total_cover,0.0,macro
NOR_5Y,5,Block_GFC,GFC,block_cv,ndx_mom_1m,total_cover,1720.0,macro
NOR_5Y,5,Block_GFC,GFC,block_cv,oil_mom_1m,total_cover,1577.0,macro
NOR_5Y,5,Block_GFC,GFC,block_cv,oil_mom_3m,total_cover,0.0,macro
NOR_5Y,5,Block_GFC,GFC,block_cv,copper_mom_1m,total_cover,0.0,macro
NOR_5Y,5,Block_GFC,GFC,block_cv,opec_prod,total_cover,0.0,macro
NOR_5Y,5,Block_GFC,GFC,block_cv,natgas_mom_1m,total_cover,0.0,macro
NOR_5Y,5,Block_GFC,GFC,block_cv,be5y_level,total_cover,0.0,macro
NOR_5Y,5,Block_GFC,GFC,block_cv,be10y_level,total_cover,0.0,macro
NOR_5Y,5,Block_GFC,GFC,block_cv,be_slope,total_cover,0.0,macro
NOR_5Y,5,Block_GFC,GFC,block_cv,be5y_chg_1m,total_cover,0.0,macro
NOR_5Y,5,Block_GFC,GFC,block_cv,ig_spread,total_cover,0.0,credit
NOR_5Y,5,Block_GFC,GFC,block_cv,hy_spread,total_cover,0.0,credit
NOR_5Y,5,Block_GFC,GFC,block_cv,ig_chg_1m,total_cover,0.0,credit
NOR_5Y,5,Block_GFC,GFC,block_cv,hy_chg_1m,total_cover,0.0,credit
NOR_5Y,5,Block_GFC,GFC,block_cv,cpi_yoy,total_cover,0.0,macro
NOR_5Y,5,Block_GFC,GFC,block_cv,pce_core_chg,total_cover,0.0,macro
NOR_5Y,5,Block_GFC,GFC,block_cv,nfp_change,total_cover,0.0,macro
NOR_5Y,5,Block_GFC,GFC,block_cv,pmi_us,total_cover,0.0,macro
NOR_5Y,5,Block_GFC,GFC,block_cv,pmi_eur,total_cover,3941.0,macro
NOR_5Y,5,Block_GFC,GFC,block_cv,unemp_eur,total_cover,0.0,macro
NOR_5Y,5,Block_GFC,GFC,block_cv,cpi_nsa_level,total_cover,0.0,macro
NOR_5Y,5,Block_GFC,GFC,block_cv,pce_core_level,total_cover,0.0,macro
NOR_5Y,5,Block_GFC,GFC,block_cv,eur_3m,total_cover,0.0,macro
NOR_5Y,5,Block_GFC,GFC,block_cv,eur_1w,total_cover,0.0,macro
NOR_5Y,5,Block_GFC,GFC,block_cv,nor_ibor_1m,total_cover,0.0,norway
NOR_5Y,5,Block_GFC,GFC,block_cv,nor_ibor_6m,total_cover,0.0,norway
NOR_5Y,5,Block_GFC,GFC,block_cv,nor_ecb_dfr_chg,total_cover,0.0,norway
NOR_5Y,5,Block_GFC,GFC,block_cv,nor_ecb_dfr_level,total_cover,0.0,norway
NOR_5Y,5,Block_GFC,GFC,block_cv,nor_eurnok_chg_1d,total_cover,0.0,norway
NOR_5Y,5,Block_GFC,GFC,block_cv,nor_eurnok_level,total_cover,0.0,norway
NOR_5Y,5,Block_GFC,GFC,block_cv,nor_eurnok_mom_1m,total_cover,0.0,norway
NOR_5Y,5,Block_GFC,GFC,block_cv,nor_eurnok_mom_3m,total_cover,0.0,norway
NOR_5Y,5,Block_GFC,GFC,block_cv,nor_eurnok_rvol_20d,total_cover,0.0,norway
NOR_5Y,5,Block_GFC,GFC,block_cv,nor_govt_10y,total_cover,0.0,norway
NOR_5Y,5,Block_GFC,GFC,block_cv,nor_govt_3y,total_cover,0.0,norway
NOR_5Y,5,Block_GFC,GFC,block_cv,nor_govt_5y,total_cover,0.0,norway
NOR_5Y,5,Block_GFC,GFC,block_cv,nor_i44_chg_1d,total_cover,0.0,norway
NOR_5Y,5,Block_GFC,GFC,block_cv,nor_i44_level,total_cover,0.0,norway
NOR_5Y,5,Block_GFC,GFC,block_cv,nor_i44_mom_1m,total_cover,728.0,norway
NOR_5Y,5,Block_GFC,GFC,block_cv,nor_i44_mom_3m,total_cover,37.0,norway
NOR_5Y,5,Block_GFC,GFC,block_cv,nor_i44_rvol_20d,total_cover,0.0,norway
NOR_5Y,5,Block_GFC,GFC,block_cv,nor_kpi_yoy,total_cover,0.0,norway
NOR_5Y,5,Block_GFC,GFC,block_cv,nor_kpijae_yoy,total_cover,0.0,norway
NOR_5Y,5,Block_GFC,GFC,block_cv,nor_nibor_nowa_spread,total_cover,0.0,norway
NOR_5Y,5,Block_GFC,GFC,block_cv,nor_nowa_level,total_cover,0.0,norway
NOR_5Y,5,Block_GFC,GFC,block_cv,nor_polrate_chg_1d,total_cover,0.0,norway
NOR_5Y,5,Block_GFC,GFC,block_cv,nor_polrate_days_since_chg,total_cover,0.0,norway
NOR_5Y,5,Block_GFC,GFC,block_cv,nor_polrate_level,total_cover,0.0,norway
NOR_5Y,5,Block_GFC,GFC,block_cv,nor_rb_rate_chg,total_cover,0.0,norway
NOR_5Y,5,Block_GFC,GFC,block_cv,nor_rb_rate_level,total_cover,0.0,norway
NOR_5Y,5,Block_GFC,GFC,block_cv,nor_unemp,total_cover,0.0,norway
NOR_5Y,5,Block_GFC,GFC,block_cv,nor_usdnok_chg_1d,total_cover,0.0,norway
NOR_5Y,5,Block_GFC,GFC,block_cv,nor_usdnok_level,total_cover,0.0,norway
NOR_5Y,5,Block_GFC,GFC,block_cv,nor_usdnok_mom_1m,total_cover,0.0,norway
NOR_5Y,5,Block_GFC,GFC,block_cv,nor_usdnok_mom_3m,total_cover,2021.0,norway
NOR_5Y,5,Block_GFC,GFC,block_cv,nor_usdnok_rvol_20d,total_cover,0.0,norway
NOR_5Y,5,Block_GFC,GFC,block_cv,swap_govt_spread,total_cover,0.0,norway
NOR_5Y,5,Block_GFC,GFC,block_cv,xmpca_01,total_cover,0.0,cross_market
NOR_5Y,5,Block_GFC,GFC,block_cv,xmpca_02,total_cover,0.0,cross_market
NOR_5Y,5,Block_GFC,GFC,block_cv,xmpca_03,total_cover,0.0,cross_market
NOR_5Y,5,Block_GFC,GFC,block_cv,xmpca_04,total_cover,0.0,cross_market
NOR_5Y,5,Block_GFC,GFC,block_cv,xmpca_05,total_cover,0.0,cross_market
NOR_5Y,5,Block_GFC,GFC,block_cv,xmpca_06,total_cover,0.0,cross_market
NOR_5Y,5,Block_GFC,GFC,block_cv,xmpca_07,total_cover,0.0,cross_market
NOR_5Y,5,Block_GFC,GFC,block_cv,xmpca_08,total_cover,0.0,cross_market
NOR_5Y,5,Block_GFC,GFC,block_cv,xmpca_09,total_cover,0.0,cross_market
NOR_5Y,5,Block_GFC,GFC,block_cv,xmpca_10,total_cover,0.0,cross_market
NOR_5Y,5,Block_GFC,GFC,block_cv,xmpca_11,total_cover,0.0,cross_market
NOR_5Y,5,Block_GFC,GFC,block_cv,xmpca_12,total_cover,0.0,cross_market
NOR_5Y,5,Block_GFC,GFC,block_cv,chg_lag1,shap_mean_abs,0.0001564043777761981,momentum
NOR_5Y,5,Block_GFC,GFC,block_cv,chg_lag2,shap_mean_abs,0.0,momentum
NOR_5Y,5,Block_GFC,GFC,block_cv,chg_lag3,shap_mean_abs,0.0,momentum
NOR_5Y,5,Block_GFC,GFC,block_cv,chg_lag4,shap_mean_abs,0.0,momentum
NOR_5Y,5,Block_GFC,GFC,block_cv,chg_lag5,shap_mean_abs,0.0,momentum
NOR_5Y,5,Block_GFC,GFC,block_cv,carry_roll,shap_mean_abs,0.0,carry_roll
NOR_5Y,5,Block_GFC,GFC,block_cv,mom_63d,shap_mean_abs,0.0,momentum
NOR_5Y,5,Block_GFC,GFC,block_cv,mom_1m,shap_mean_abs,0.0,momentum
NOR_5Y,5,Block_GFC,GFC,block_cv,mom_3m,shap_mean_abs,0.0006785521400161088,momentum
NOR_5Y,5,Block_GFC,GFC,block_cv,mom_6m,shap_mean_abs,0.0,momentum
NOR_5Y,5,Block_GFC,GFC,block_cv,mom_12m,shap_mean_abs,0.0,momentum
NOR_5Y,5,Block_GFC,GFC,block_cv,dev_ma_3m,shap_mean_abs,0.00015741662355139852,curve
NOR_5Y,5,Block_GFC,GFC,block_cv,dev_ma_12m,shap_mean_abs,0.0,curve
NOR_5Y,5,Block_GFC,GFC,block_cv,vol_20d,shap_mean_abs,0.0,vol
NOR_5Y,5,Block_GFC,GFC,block_cv,vol_regime,shap_mean_abs,0.0,vol
NOR_5Y,5,Block_GFC,GFC,block_cv,vol_zscore,shap_mean_abs,0.0,vol
NOR_5Y,5,Block_GFC,GFC,block_cv,level_zscore,shap_mean_abs,0.0,curve
NOR_5Y,5,Block_GFC,GFC,block_cv,slope_10_1,shap_mean_abs,0.0,curve
NOR_5Y,5,Block_GFC,GFC,block_cv,slope_10_5,shap_mean_abs,0.0,curve
NOR_5Y,5,Block_GFC,GFC,block_cv,slope_5_1,shap_mean_abs,0.0,curve
NOR_5Y,5,Block_GFC,GFC,block_cv,sofr_mom_1m,shap_mean_abs,0.0,macro
NOR_5Y,5,Block_GFC,GFC,block_cv,ibor_level,shap_mean_abs,0.0,macro
NOR_5Y,5,Block_GFC,GFC,block_cv,ibor_chg_1d,shap_mean_abs,0.0,macro
NOR_5Y,5,Block_GFC,GFC,block_cv,ibor_mom_1m,shap_mean_abs,0.0,macro
NOR_5Y,5,Block_GFC,GFC,block_cv,ibor_term_slope,shap_mean_abs,0.0,macro
NOR_5Y,5,Block_GFC,GFC,block_cv,swap_ibor_basis,shap_mean_abs,0.0,curve
NOR_5Y,5,Block_GFC,GFC,block_cv,move_level,shap_mean_abs,0.0,vol
NOR_5Y,5,Block_GFC,GFC,block_cv,move_zscore,shap_mean_abs,0.0,vol
NOR_5Y,5,Block_GFC,GFC,block_cv,vix_level,shap_mean_abs,0.0,vol
NOR_5Y,5,Block_GFC,GFC,block_cv,vix_zscore,shap_mean_abs,0.0,vol
NOR_5Y,5,Block_GFC,GFC,block_cv,v2x_level,shap_mean_abs,0.0,vol
NOR_5Y,5,Block_GFC,GFC,block_cv,vxn_level,shap_mean_abs,0.0,vol
NOR_5Y,5,Block_GFC,GFC,block_cv,ovx_level,shap_mean_abs,0.0,vol
NOR_5Y,5,Block_GFC,GFC,block_cv,gvz_level,shap_mean_abs,9.814502118388191e-05,vol
NOR_5Y,5,Block_GFC,GFC,block_cv,spx_mom_1m,shap_mean_abs,0.0,macro
NOR_5Y,5,Block_GFC,GFC,block_cv,spx_mom_3m,shap_mean_abs,0.0,macro
NOR_5Y,5,Block_GFC,GFC,block_cv,sx5e_mom_1m,shap_mean_abs,0.0,macro
NOR_5Y,5,Block_GFC,GFC,block_cv,sx5e_mom_3m,shap_mean_abs,0.0,macro
NOR_5Y,5,Block_GFC,GFC,block_cv,mxwo_mom_1m,shap_mean_abs,0.0,macro
NOR_5Y,5,Block_GFC,GFC,block_cv,ndx_mom_1m,shap_mean_abs,0.00042025584843941033,macro
NOR_5Y,5,Block_GFC,GFC,block_cv,oil_mom_1m,shap_mean_abs,0.00040732111665420234,macro
NOR_5Y,5,Block_GFC,GFC,block_cv,oil_mom_3m,shap_mean_abs,0.0,macro
NOR_5Y,5,Block_GFC,GFC,block_cv,copper_mom_1m,shap_mean_abs,0.0,macro
NOR_5Y,5,Block_GFC,GFC,block_cv,opec_prod,shap_mean_abs,0.0,macro
NOR_5Y,5,Block_GFC,GFC,block_cv,natgas_mom_1m,shap_mean_abs,0.0,macro
NOR_5Y,5,Block_GFC,GFC,block_cv,be5y_level,shap_mean_abs,0.0,macro
NOR_5Y,5,Block_GFC,GFC,block_cv,be10y_level,shap_mean_abs,0.0,macro
NOR_5Y,5,Block_GFC,GFC,block_cv,be_slope,shap_mean_abs,0.0,macro
NOR_5Y,5,Block_GFC,GFC,block_cv,be5y_chg_1m,shap_mean_abs,0.0,macro
NOR_5Y,5,Block_GFC,GFC,block_cv,ig_spread,shap_mean_abs,0.0,credit
NOR_5Y,5,Block_GFC,GFC,block_cv,hy_spread,shap_mean_abs,0.0,credit
NOR_5Y,5,Block_GFC,GFC,block_cv,ig_chg_1m,shap_mean_abs,0.0,credit
NOR_5Y,5,Block_GFC,GFC,block_cv,hy_chg_1m,shap_mean_abs,0.0,credit
NOR_5Y,5,Block_GFC,GFC,block_cv,cpi_yoy,shap_mean_abs,0.0,macro
NOR_5Y,5,Block_GFC,GFC,block_cv,pce_core_chg,shap_mean_abs,0.0,macro
NOR_5Y,5,Block_GFC,GFC,block_cv,nfp_change,shap_mean_abs,0.0,macro
NOR_5Y,5,Block_GFC,GFC,block_cv,pmi_us,shap_mean_abs,0.0,macro
NOR_5Y,5,Block_GFC,GFC,block_cv,pmi_eur,shap_mean_abs,0.0009817532263696194,macro
NOR_5Y,5,Block_GFC,GFC,block_cv,unemp_eur,shap_mean_abs,0.0,macro
NOR_5Y,5,Block_GFC,GFC,block_cv,cpi_nsa_level,shap_mean_abs,0.0,macro
NOR_5Y,5,Block_GFC,GFC,block_cv,pce_core_level,shap_mean_abs,0.0,macro
NOR_5Y,5,Block_GFC,GFC,block_cv,eur_3m,shap_mean_abs,0.0,macro
NOR_5Y,5,Block_GFC,GFC,block_cv,eur_1w,shap_mean_abs,0.0,macro
NOR_5Y,5,Block_GFC,GFC,block_cv,nor_ibor_1m,shap_mean_abs,0.0,norway
NOR_5Y,5,Block_GFC,GFC,block_cv,nor_ibor_6m,shap_mean_abs,0.0,norway
NOR_5Y,5,Block_GFC,GFC,block_cv,nor_ecb_dfr_chg,shap_mean_abs,0.0,norway
NOR_5Y,5,Block_GFC,GFC,block_cv,nor_ecb_dfr_level,shap_mean_abs,0.0,norway
NOR_5Y,5,Block_GFC,GFC,block_cv,nor_eurnok_chg_1d,shap_mean_abs,0.0,norway
NOR_5Y,5,Block_GFC,GFC,block_cv,nor_eurnok_level,shap_mean_abs,0.0,norway
NOR_5Y,5,Block_GFC,GFC,block_cv,nor_eurnok_mom_1m,shap_mean_abs,0.0,norway
NOR_5Y,5,Block_GFC,GFC,block_cv,nor_eurnok_mom_3m,shap_mean_abs,0.0,norway
NOR_5Y,5,Block_GFC,GFC,block_cv,nor_eurnok_rvol_20d,shap_mean_abs,0.0,norway
NOR_5Y,5,Block_GFC,GFC,block_cv,nor_govt_10y,shap_mean_abs,0.0,norway
NOR_5Y,5,Block_GFC,GFC,block_cv,nor_govt_3y,shap_mean_abs,0.0,norway
NOR_5Y,5,Block_GFC,GFC,block_cv,nor_govt_5y,shap_mean_abs,0.0,norway
NOR_5Y,5,Block_GFC,GFC,block_cv,nor_i44_chg_1d,shap_mean_abs,0.0,norway
NOR_5Y,5,Block_GFC,GFC,block_cv,nor_i44_level,shap_mean_abs,0.0,norway
NOR_5Y,5,Block_GFC,GFC,block_cv,nor_i44_mom_1m,shap_mean_abs,0.000979966251179576,norway
NOR_5Y,5,Block_GFC,GFC,block_cv,nor_i44_mom_3m,shap_mean_abs,4.514222018769942e-05,norway
NOR_5Y,5,Block_GFC,GFC,block_cv,nor_i44_rvol_20d,shap_mean_abs,0.0,norway
NOR_5Y,5,Block_GFC,GFC,block_cv,nor_kpi_yoy,shap_mean_abs,0.0,norway
NOR_5Y,5,Block_GFC,GFC,block_cv,nor_kpijae_yoy,shap_mean_abs,0.0,norway
NOR_5Y,5,Block_GFC,GFC,block_cv,nor_nibor_nowa_spread,shap_mean_abs,0.0,norway
NOR_5Y,5,Block_GFC,GFC,block_cv,nor_nowa_level,shap_mean_abs,0.0,norway
NOR_5Y,5,Block_GFC,GFC,block_cv,nor_polrate_chg_1d,shap_mean_abs,0.0,norway
NOR_5Y,5,Block_GFC,GFC,block_cv,nor_polrate_days_since_chg,shap_mean_abs,0.0,norway
NOR_5Y,5,Block_GFC,GFC,block_cv,nor_polrate_level,shap_mean_abs,0.0,norway
NOR_5Y,5,Block_GFC,GFC,block_cv,nor_rb_rate_chg,shap_mean_abs,0.0,norway
NOR_5Y,5,Block_GFC,GFC,block_cv,nor_rb_rate_level,shap_mean_abs,0.0,norway
NOR_5Y,5,Block_GFC,GFC,block_cv,nor_unemp,shap_mean_abs,0.0,norway
NOR_5Y,5,Block_GFC,GFC,block_cv,nor_usdnok_chg_1d,shap_mean_abs,0.0,norway
NOR_5Y,5,Block_GFC,GFC,block_cv,nor_usdnok_level,shap_mean_abs,0.0,norway
NOR_5Y,5,Block_GFC,GFC,block_cv,nor_usdnok_mom_1m,shap_mean_abs,0.0,norway
NOR_5Y,5,Block_GFC,GFC,block_cv,nor_usdnok_mom_3m,shap_mean_abs,0.00046363152796402574,norway
NOR_5Y,5,Block_GFC,GFC,block_cv,nor_usdnok_rvol_20d,shap_mean_abs,0.0,norway
NOR_5Y,5,Block_GFC,GFC,block_cv,swap_govt_spread,shap_mean_abs,0.0,norway
NOR_5Y,5,Block_GFC,GFC,block_cv,xmpca_01,shap_mean_abs,0.0,cross_market
NOR_5Y,5,Block_GFC,GFC,block_cv,xmpca_02,shap_mean_abs,0.0,cross_market
NOR_5Y,5,Block_GFC,GFC,block_cv,xmpca_03,shap_mean_abs,0.0,cross_market
NOR_5Y,5,Block_GFC,GFC,block_cv,xmpca_04,shap_mean_abs,0.0,cross_market
NOR_5Y,5,Block_GFC,GFC,block_cv,xmpca_05,shap_mean_abs,0.0,cross_market
NOR_5Y,5,Block_GFC,GFC,block_cv,xmpca_06,shap_mean_abs,0.0,cross_market
NOR_5Y,5,Block_GFC,GFC,block_cv,xmpca_07,shap_mean_abs,0.0,cross_market
NOR_5Y,5,Block_GFC,GFC,block_cv,xmpca_08,shap_mean_abs,0.0,cross_market
NOR_5Y,5,Block_GFC,GFC,block_cv,xmpca_09,shap_mean_abs,0.0,cross_market
NOR_5Y,5,Block_GFC,GFC,block_cv,xmpca_10,shap_mean_abs,0.0,cross_market
NOR_5Y,5,Block_GFC,GFC,block_cv,xmpca_11,shap_mean_abs,0.0,cross_market
NOR_5Y,5,Block_GFC,GFC,block_cv,xmpca_12,shap_mean_abs,0.0,cross_market
NOR_5Y,5,Block_ZIRP,ZIRP,block_cv,chg_lag1,gain,0.02878916636109352,momentum
NOR_5Y,5,Block_ZIRP,ZIRP,block_cv,chg_lag2,gain,0.011888917535543442,momentum
NOR_5Y,5,Block_ZIRP,ZIRP,block_cv,chg_lag3,gain,0.0,momentum
NOR_5Y,5,Block_ZIRP,ZIRP,block_cv,chg_lag4,gain,0.0,momentum
NOR_5Y,5,Block_ZIRP,ZIRP,block_cv,chg_lag5,gain,0.0,momentum
NOR_5Y,5,Block_ZIRP,ZIRP,block_cv,carry_roll,gain,0.0640898048877716,carry_roll
NOR_5Y,5,Block_ZIRP,ZIRP,block_cv,mom_63d,gain,0.06601860374212265,momentum
NOR_5Y,5,Block_ZIRP,ZIRP,block_cv,mom_1m,gain,0.014748981222510338,momentum
NOR_5Y,5,Block_ZIRP,ZIRP,block_cv,mom_3m,gain,0.0702216774225235,momentum
NOR_5Y,5,Block_ZIRP,ZIRP,block_cv,mom_6m,gain,0.11863183975219727,momentum
NOR_5Y,5,Block_ZIRP,ZIRP,block_cv,mom_12m,gain,0.0816415473818779,momentum
NOR_5Y,5,Block_ZIRP,ZIRP,block_cv,dev_ma_3m,gain,0.07656088471412659,curve
NOR_5Y,5,Block_ZIRP,ZIRP,block_cv,dev_ma_12m,gain,0.0,curve
NOR_5Y,5,Block_ZIRP,ZIRP,block_cv,vol_20d,gain,0.07671836018562317,vol
NOR_5Y,5,Block_ZIRP,ZIRP,block_cv,vol_regime,gain,0.0,vol
NOR_5Y,5,Block_ZIRP,ZIRP,block_cv,vol_zscore,gain,0.1663929671049118,vol
NOR_5Y,5,Block_ZIRP,ZIRP,block_cv,level_zscore,gain,0.0,curve
NOR_5Y,5,Block_ZIRP,ZIRP,block_cv,slope_10_1,gain,0.0,curve
NOR_5Y,5,Block_ZIRP,ZIRP,block_cv,slope_10_5,gain,0.0,curve
NOR_5Y,5,Block_ZIRP,ZIRP,block_cv,slope_5_1,gain,0.0496278740465641,curve
NOR_5Y,5,Block_ZIRP,ZIRP,block_cv,sofr_mom_1m,gain,0.12695300579071045,macro
NOR_5Y,5,Block_ZIRP,ZIRP,block_cv,ibor_level,gain,0.0,macro
NOR_5Y,5,Block_ZIRP,ZIRP,block_cv,ibor_chg_1d,gain,0.0,macro
NOR_5Y,5,Block_ZIRP,ZIRP,block_cv,ibor_mom_1m,gain,0.11097662150859833,macro
NOR_5Y,5,Block_ZIRP,ZIRP,block_cv,ibor_term_slope,gain,0.05535728484392166,macro
NOR_5Y,5,Block_ZIRP,ZIRP,block_cv,swap_ibor_basis,gain,0.08847009390592575,curve
NOR_5Y,5,Block_ZIRP,ZIRP,block_cv,move_level,gain,0.045520391315221786,vol
NOR_5Y,5,Block_ZIRP,ZIRP,block_cv,move_zscore,gain,0.0,vol
NOR_5Y,5,Block_ZIRP,ZIRP,block_cv,vix_level,gain,0.09457314759492874,vol
NOR_5Y,5,Block_ZIRP,ZIRP,block_cv,vix_zscore,gain,0.0,vol
NOR_5Y,5,Block_ZIRP,ZIRP,block_cv,v2x_level,gain,0.0,vol
NOR_5Y,5,Block_ZIRP,ZIRP,block_cv,vxn_level,gain,0.078530453145504,vol
NOR_5Y,5,Block_ZIRP,ZIRP,block_cv,ovx_level,gain,0.047251127660274506,vol
NOR_5Y,5,Block_ZIRP,ZIRP,block_cv,gvz_level,gain,0.14862172305583954,vol
NOR_5Y,5,Block_ZIRP,ZIRP,block_cv,spx_mom_1m,gain,0.28582027554512024,macro
NOR_5Y,5,Block_ZIRP,ZIRP,block_cv,spx_mom_3m,gain,0.0,macro
NOR_5Y,5,Block_ZIRP,ZIRP,block_cv,sx5e_mom_1m,gain,0.0,macro
NOR_5Y,5,Block_ZIRP,ZIRP,block_cv,sx5e_mom_3m,gain,0.0,macro
NOR_5Y,5,Block_ZIRP,ZIRP,block_cv,mxwo_mom_1m,gain,0.0,macro
NOR_5Y,5,Block_ZIRP,ZIRP,block_cv,ndx_mom_1m,gain,0.14316678047180176,macro
NOR_5Y,5,Block_ZIRP,ZIRP,block_cv,oil_mom_1m,gain,0.08175212144851685,macro
NOR_5Y,5,Block_ZIRP,ZIRP,block_cv,oil_mom_3m,gain,0.0,macro
NOR_5Y,5,Block_ZIRP,ZIRP,block_cv,copper_mom_1m,gain,0.08229097723960876,macro
NOR_5Y,5,Block_ZIRP,ZIRP,block_cv,opec_prod,gain,0.10021934658288956,macro
NOR_5Y,5,Block_ZIRP,ZIRP,block_cv,natgas_mom_1m,gain,0.12627524137496948,macro
NOR_5Y,5,Block_ZIRP,ZIRP,block_cv,be5y_level,gain,0.0,macro
NOR_5Y,5,Block_ZIRP,ZIRP,block_cv,be10y_level,gain,0.0,macro
NOR_5Y,5,Block_ZIRP,ZIRP,block_cv,be_slope,gain,0.0,macro
NOR_5Y,5,Block_ZIRP,ZIRP,block_cv,be5y_chg_1m,gain,0.0,macro
NOR_5Y,5,Block_ZIRP,ZIRP,block_cv,ig_spread,gain,0.0,credit
NOR_5Y,5,Block_ZIRP,ZIRP,block_cv,hy_spread,gain,0.0,credit
NOR_5Y,5,Block_ZIRP,ZIRP,block_cv,ig_chg_1m,gain,0.0,credit
NOR_5Y,5,Block_ZIRP,ZIRP,block_cv,hy_chg_1m,gain,0.0,credit
NOR_5Y,5,Block_ZIRP,ZIRP,block_cv,cpi_yoy,gain,0.0786396935582161,macro
NOR_5Y,5,Block_ZIRP,ZIRP,block_cv,pce_core_chg,gain,0.0901167169213295,macro
NOR_5Y,5,Block_ZIRP,ZIRP,block_cv,nfp_change,gain,0.08403358608484268,macro
NOR_5Y,5,Block_ZIRP,ZIRP,block_cv,pmi_us,gain,0.05538259446620941,macro
NOR_5Y,5,Block_ZIRP,ZIRP,block_cv,pmi_eur,gain,0.17904873192310333,macro
NOR_5Y,5,Block_ZIRP,ZIRP,block_cv,unemp_eur,gain,0.0,macro
NOR_5Y,5,Block_ZIRP,ZIRP,block_cv,cpi_nsa_level,gain,0.0,macro
NOR_5Y,5,Block_ZIRP,ZIRP,block_cv,pce_core_level,gain,0.0,macro
NOR_5Y,5,Block_ZIRP,ZIRP,block_cv,eur_3m,gain,0.0,macro
NOR_5Y,5,Block_ZIRP,ZIRP,block_cv,eur_1w,gain,0.0,macro
NOR_5Y,5,Block_ZIRP,ZIRP,block_cv,nor_ibor_1m,gain,0.01589621603488922,norway
NOR_5Y,5,Block_ZIRP,ZIRP,block_cv,nor_ibor_6m,gain,0.0,norway
NOR_5Y,5,Block_ZIRP,ZIRP,block_cv,nor_ecb_dfr_chg,gain,0.0,norway
NOR_5Y,5,Block_ZIRP,ZIRP,block_cv,nor_ecb_dfr_level,gain,0.11990584433078766,norway
NOR_5Y,5,Block_ZIRP,ZIRP,block_cv,nor_eurnok_chg_1d,gain,0.04966510087251663,norway
NOR_5Y,5,Block_ZIRP,ZIRP,block_cv,nor_eurnok_level,gain,0.0,norway
NOR_5Y,5,Block_ZIRP,ZIRP,block_cv,nor_eurnok_mom_1m,gain,0.11937230825424194,norway
NOR_5Y,5,Block_ZIRP,ZIRP,block_cv,nor_eurnok_mom_3m,gain,0.06957346200942993,norway
NOR_5Y,5,Block_ZIRP,ZIRP,block_cv,nor_eurnok_rvol_20d,gain,0.07282542437314987,norway
NOR_5Y,5,Block_ZIRP,ZIRP,block_cv,nor_govt_10y,gain,0.0,norway
NOR_5Y,5,Block_ZIRP,ZIRP,block_cv,nor_govt_3y,gain,0.0,norway
NOR_5Y,5,Block_ZIRP,ZIRP,block_cv,nor_govt_5y,gain,0.032162874937057495,norway
NOR_5Y,5,Block_ZIRP,ZIRP,block_cv,nor_i44_chg_1d,gain,0.005374999716877937,norway
NOR_5Y,5,Block_ZIRP,ZIRP,block_cv,nor_i44_level,gain,0.054400552064180374,norway
NOR_5Y,5,Block_ZIRP,ZIRP,block_cv,nor_i44_mom_1m,gain,0.14659564197063446,norway
NOR_5Y,5,Block_ZIRP,ZIRP,block_cv,nor_i44_mom_3m,gain,0.03769001364707947,norway
NOR_5Y,5,Block_ZIRP,ZIRP,block_cv,nor_i44_rvol_20d,gain,0.0,norway
NOR_5Y,5,Block_ZIRP,ZIRP,block_cv,nor_kpi_yoy,gain,0.15013495087623596,norway
NOR_5Y,5,Block_ZIRP,ZIRP,block_cv,nor_kpijae_yoy,gain,0.0,norway
NOR_5Y,5,Block_ZIRP,ZIRP,block_cv,nor_nibor_nowa_spread,gain,0.0,norway
NOR_5Y,5,Block_ZIRP,ZIRP,block_cv,nor_nowa_level,gain,0.0,norway
NOR_5Y,5,Block_ZIRP,ZIRP,block_cv,nor_polrate_chg_1d,gain,0.0,norway
NOR_5Y,5,Block_ZIRP,ZIRP,block_cv,nor_polrate_days_since_chg,gain,0.0,norway
NOR_5Y,5,Block_ZIRP,ZIRP,block_cv,nor_polrate_level,gain,0.0,norway
NOR_5Y,5,Block_ZIRP,ZIRP,block_cv,nor_rb_rate_chg,gain,0.0,norway
NOR_5Y,5,Block_ZIRP,ZIRP,block_cv,nor_rb_rate_level,gain,0.0,norway
NOR_5Y,5,Block_ZIRP,ZIRP,block_cv,nor_unemp,gain,0.0,norway
NOR_5Y,5,Block_ZIRP,ZIRP,block_cv,nor_usdnok_chg_1d,gain,0.0,norway
NOR_5Y,5,Block_ZIRP,ZIRP,block_cv,nor_usdnok_level,gain,0.0,norway
NOR_5Y,5,Block_ZIRP,ZIRP,block_cv,nor_usdnok_mom_1m,gain,0.0,norway
NOR_5Y,5,Block_ZIRP,ZIRP,block_cv,nor_usdnok_mom_3m,gain,0.17002728581428528,norway
NOR_5Y,5,Block_ZIRP,ZIRP,block_cv,nor_usdnok_rvol_20d,gain,0.0,norway
NOR_5Y,5,Block_ZIRP,ZIRP,block_cv,swap_govt_spread,gain,0.11497195065021515,norway
NOR_5Y,5,Block_ZIRP,ZIRP,block_cv,xmpca_01,gain,0.034710824489593506,cross_market
NOR_5Y,5,Block_ZIRP,ZIRP,block_cv,xmpca_02,gain,0.10544746369123459,cross_market
NOR_5Y,5,Block_ZIRP,ZIRP,block_cv,xmpca_03,gain,0.04199798405170441,cross_market
NOR_5Y,5,Block_ZIRP,ZIRP,block_cv,xmpca_04,gain,0.0035745035856962204,cross_market
NOR_5Y,5,Block_ZIRP,ZIRP,block_cv,xmpca_05,gain,0.20102670788764954,cross_market
NOR_5Y,5,Block_ZIRP,ZIRP,block_cv,xmpca_06,gain,0.08173460513353348,cross_market
NOR_5Y,5,Block_ZIRP,ZIRP,block_cv,xmpca_07,gain,0.0,cross_market
NOR_5Y,5,Block_ZIRP,ZIRP,block_cv,xmpca_08,gain,0.0,cross_market
NOR_5Y,5,Block_ZIRP,ZIRP,block_cv,xmpca_09,gain,0.009817354381084442,cross_market
NOR_5Y,5,Block_ZIRP,ZIRP,block_cv,xmpca_10,gain,0.046460118144750595,cross_market
NOR_5Y,5,Block_ZIRP,ZIRP,block_cv,xmpca_11,gain,0.04251723736524582,cross_market
NOR_5Y,5,Block_ZIRP,ZIRP,block_cv,xmpca_12,gain,0.08638022094964981,cross_market
NOR_5Y,5,Block_ZIRP,ZIRP,block_cv,chg_lag1,weight,1.0,momentum
NOR_5Y,5,Block_ZIRP,ZIRP,block_cv,chg_lag2,weight,2.0,momentum
NOR_5Y,5,Block_ZIRP,ZIRP,block_cv,chg_lag3,weight,0.0,momentum
NOR_5Y,5,Block_ZIRP,ZIRP,block_cv,chg_lag4,weight,0.0,momentum
NOR_5Y,5,Block_ZIRP,ZIRP,block_cv,chg_lag5,weight,0.0,momentum
NOR_5Y,5,Block_ZIRP,ZIRP,block_cv,carry_roll,weight,2.0,carry_roll
NOR_5Y,5,Block_ZIRP,ZIRP,block_cv,mom_63d,weight,4.0,momentum
NOR_5Y,5,Block_ZIRP,ZIRP,block_cv,mom_1m,weight,1.0,momentum
NOR_5Y,5,Block_ZIRP,ZIRP,block_cv,mom_3m,weight,1.0,momentum
NOR_5Y,5,Block_ZIRP,ZIRP,block_cv,mom_6m,weight,1.0,momentum
NOR_5Y,5,Block_ZIRP,ZIRP,block_cv,mom_12m,weight,2.0,momentum
NOR_5Y,5,Block_ZIRP,ZIRP,block_cv,dev_ma_3m,weight,2.0,curve
NOR_5Y,5,Block_ZIRP,ZIRP,block_cv,dev_ma_12m,weight,0.0,curve
NOR_5Y,5,Block_ZIRP,ZIRP,block_cv,vol_20d,weight,1.0,vol
NOR_5Y,5,Block_ZIRP,ZIRP,block_cv,vol_regime,weight,0.0,vol
NOR_5Y,5,Block_ZIRP,ZIRP,block_cv,vol_zscore,weight,2.0,vol
NOR_5Y,5,Block_ZIRP,ZIRP,block_cv,level_zscore,weight,0.0,curve
NOR_5Y,5,Block_ZIRP,ZIRP,block_cv,slope_10_1,weight,0.0,curve
NOR_5Y,5,Block_ZIRP,ZIRP,block_cv,slope_10_5,weight,0.0,curve
NOR_5Y,5,Block_ZIRP,ZIRP,block_cv,slope_5_1,weight,2.0,curve
NOR_5Y,5,Block_ZIRP,ZIRP,block_cv,sofr_mom_1m,weight,4.0,macro
NOR_5Y,5,Block_ZIRP,ZIRP,block_cv,ibor_level,weight,0.0,macro
NOR_5Y,5,Block_ZIRP,ZIRP,block_cv,ibor_chg_1d,weight,0.0,macro
NOR_5Y,5,Block_ZIRP,ZIRP,block_cv,ibor_mom_1m,weight,1.0,macro
NOR_5Y,5,Block_ZIRP,ZIRP,block_cv,ibor_term_slope,weight,1.0,macro
NOR_5Y,5,Block_ZIRP,ZIRP,block_cv,swap_ibor_basis,weight,1.0,curve
NOR_5Y,5,Block_ZIRP,ZIRP,block_cv,move_level,weight,2.0,vol
NOR_5Y,5,Block_ZIRP,ZIRP,block_cv,move_zscore,weight,0.0,vol
NOR_5Y,5,Block_ZIRP,ZIRP,block_cv,vix_level,weight,1.0,vol
NOR_5Y,5,Block_ZIRP,ZIRP,block_cv,vix_zscore,weight,0.0,vol
NOR_5Y,5,Block_ZIRP,ZIRP,block_cv,v2x_level,weight,0.0,vol
NOR_5Y,5,Block_ZIRP,ZIRP,block_cv,vxn_level,weight,1.0,vol
NOR_5Y,5,Block_ZIRP,ZIRP,block_cv,ovx_level,weight,2.0,vol
NOR_5Y,5,Block_ZIRP,ZIRP,block_cv,gvz_level,weight,1.0,vol
NOR_5Y,5,Block_ZIRP,ZIRP,block_cv,spx_mom_1m,weight,1.0,macro
NOR_5Y,5,Block_ZIRP,ZIRP,block_cv,spx_mom_3m,weight,0.0,macro
NOR_5Y,5,Block_ZIRP,ZIRP,block_cv,sx5e_mom_1m,weight,0.0,macro
NOR_5Y,5,Block_ZIRP,ZIRP,block_cv,sx5e_mom_3m,weight,0.0,macro
NOR_5Y,5,Block_ZIRP,ZIRP,block_cv,mxwo_mom_1m,weight,0.0,macro
NOR_5Y,5,Block_ZIRP,ZIRP,block_cv,ndx_mom_1m,weight,1.0,macro
NOR_5Y,5,Block_ZIRP,ZIRP,block_cv,oil_mom_1m,weight,1.0,macro
NOR_5Y,5,Block_ZIRP,ZIRP,block_cv,oil_mom_3m,weight,0.0,macro
NOR_5Y,5,Block_ZIRP,ZIRP,block_cv,copper_mom_1m,weight,1.0,macro
NOR_5Y,5,Block_ZIRP,ZIRP,block_cv,opec_prod,weight,1.0,macro
NOR_5Y,5,Block_ZIRP,ZIRP,block_cv,natgas_mom_1m,weight,3.0,macro
NOR_5Y,5,Block_ZIRP,ZIRP,block_cv,be5y_level,weight,0.0,macro
NOR_5Y,5,Block_ZIRP,ZIRP,block_cv,be10y_level,weight,0.0,macro
NOR_5Y,5,Block_ZIRP,ZIRP,block_cv,be_slope,weight,0.0,macro
NOR_5Y,5,Block_ZIRP,ZIRP,block_cv,be5y_chg_1m,weight,0.0,macro
NOR_5Y,5,Block_ZIRP,ZIRP,block_cv,ig_spread,weight,0.0,credit
NOR_5Y,5,Block_ZIRP,ZIRP,block_cv,hy_spread,weight,0.0,credit
NOR_5Y,5,Block_ZIRP,ZIRP,block_cv,ig_chg_1m,weight,0.0,credit
NOR_5Y,5,Block_ZIRP,ZIRP,block_cv,hy_chg_1m,weight,0.0,credit
NOR_5Y,5,Block_ZIRP,ZIRP,block_cv,cpi_yoy,weight,2.0,macro
NOR_5Y,5,Block_ZIRP,ZIRP,block_cv,pce_core_chg,weight,2.0,macro
NOR_5Y,5,Block_ZIRP,ZIRP,block_cv,nfp_change,weight,1.0,macro
NOR_5Y,5,Block_ZIRP,ZIRP,block_cv,pmi_us,weight,1.0,macro
NOR_5Y,5,Block_ZIRP,ZIRP,block_cv,pmi_eur,weight,2.0,macro
NOR_5Y,5,Block_ZIRP,ZIRP,block_cv,unemp_eur,weight,0.0,macro
NOR_5Y,5,Block_ZIRP,ZIRP,block_cv,cpi_nsa_level,weight,0.0,macro
NOR_5Y,5,Block_ZIRP,ZIRP,block_cv,pce_core_level,weight,0.0,macro
NOR_5Y,5,Block_ZIRP,ZIRP,block_cv,eur_3m,weight,0.0,macro
NOR_5Y,5,Block_ZIRP,ZIRP,block_cv,eur_1w,weight,0.0,macro
NOR_5Y,5,Block_ZIRP,ZIRP,block_cv,nor_ibor_1m,weight,1.0,norway
NOR_5Y,5,Block_ZIRP,ZIRP,block_cv,nor_ibor_6m,weight,0.0,norway
NOR_5Y,5,Block_ZIRP,ZIRP,block_cv,nor_ecb_dfr_chg,weight,0.0,norway
NOR_5Y,5,Block_ZIRP,ZIRP,block_cv,nor_ecb_dfr_level,weight,1.0,norway
NOR_5Y,5,Block_ZIRP,ZIRP,block_cv,nor_eurnok_chg_1d,weight,2.0,norway
NOR_5Y,5,Block_ZIRP,ZIRP,block_cv,nor_eurnok_level,weight,0.0,norway
NOR_5Y,5,Block_ZIRP,ZIRP,block_cv,nor_eurnok_mom_1m,weight,1.0,norway
NOR_5Y,5,Block_ZIRP,ZIRP,block_cv,nor_eurnok_mom_3m,weight,1.0,norway
NOR_5Y,5,Block_ZIRP,ZIRP,block_cv,nor_eurnok_rvol_20d,weight,2.0,norway
NOR_5Y,5,Block_ZIRP,ZIRP,block_cv,nor_govt_10y,weight,0.0,norway
NOR_5Y,5,Block_ZIRP,ZIRP,block_cv,nor_govt_3y,weight,0.0,norway
NOR_5Y,5,Block_ZIRP,ZIRP,block_cv,nor_govt_5y,weight,3.0,norway
NOR_5Y,5,Block_ZIRP,ZIRP,block_cv,nor_i44_chg_1d,weight,1.0,norway
NOR_5Y,5,Block_ZIRP,ZIRP,block_cv,nor_i44_level,weight,2.0,norway
NOR_5Y,5,Block_ZIRP,ZIRP,block_cv,nor_i44_mom_1m,weight,2.0,norway
NOR_5Y,5,Block_ZIRP,ZIRP,block_cv,nor_i44_mom_3m,weight,1.0,norway
NOR_5Y,5,Block_ZIRP,ZIRP,block_cv,nor_i44_rvol_20d,weight,0.0,norway
NOR_5Y,5,Block_ZIRP,ZIRP,block_cv,nor_kpi_yoy,weight,1.0,norway
NOR_5Y,5,Block_ZIRP,ZIRP,block_cv,nor_kpijae_yoy,weight,0.0,norway
NOR_5Y,5,Block_ZIRP,ZIRP,block_cv,nor_nibor_nowa_spread,weight,0.0,norway
NOR_5Y,5,Block_ZIRP,ZIRP,block_cv,nor_nowa_level,weight,0.0,norway
NOR_5Y,5,Block_ZIRP,ZIRP,block_cv,nor_polrate_chg_1d,weight,0.0,norway
NOR_5Y,5,Block_ZIRP,ZIRP,block_cv,nor_polrate_days_since_chg,weight,0.0,norway
NOR_5Y,5,Block_ZIRP,ZIRP,block_cv,nor_polrate_level,weight,0.0,norway
NOR_5Y,5,Block_ZIRP,ZIRP,block_cv,nor_rb_rate_chg,weight,0.0,norway
NOR_5Y,5,Block_ZIRP,ZIRP,block_cv,nor_rb_rate_level,weight,0.0,norway
NOR_5Y,5,Block_ZIRP,ZIRP,block_cv,nor_unemp,weight,0.0,norway
NOR_5Y,5,Block_ZIRP,ZIRP,block_cv,nor_usdnok_chg_1d,weight,0.0,norway
NOR_5Y,5,Block_ZIRP,ZIRP,block_cv,nor_usdnok_level,weight,0.0,norway
NOR_5Y,5,Block_ZIRP,ZIRP,block_cv,nor_usdnok_mom_1m,weight,0.0,norway
NOR_5Y,5,Block_ZIRP,ZIRP,block_cv,nor_usdnok_mom_3m,weight,2.0,norway
NOR_5Y,5,Block_ZIRP,ZIRP,block_cv,nor_usdnok_rvol_20d,weight,0.0,norway
NOR_5Y,5,Block_ZIRP,ZIRP,block_cv,swap_govt_spread,weight,2.0,norway
NOR_5Y,5,Block_ZIRP,ZIRP,block_cv,xmpca_01,weight,1.0,cross_market
NOR_5Y,5,Block_ZIRP,ZIRP,block_cv,xmpca_02,weight,2.0,cross_market
NOR_5Y,5,Block_ZIRP,ZIRP,block_cv,xmpca_03,weight,2.0,cross_market
NOR_5Y,5,Block_ZIRP,ZIRP,block_cv,xmpca_04,weight,1.0,cross_market
NOR_5Y,5,Block_ZIRP,ZIRP,block_cv,xmpca_05,weight,1.0,cross_market
NOR_5Y,5,Block_ZIRP,ZIRP,block_cv,xmpca_06,weight,2.0,cross_market
NOR_5Y,5,Block_ZIRP,ZIRP,block_cv,xmpca_07,weight,0.0,cross_market
NOR_5Y,5,Block_ZIRP,ZIRP,block_cv,xmpca_08,weight,0.0,cross_market
NOR_5Y,5,Block_ZIRP,ZIRP,block_cv,xmpca_09,weight,1.0,cross_market
NOR_5Y,5,Block_ZIRP,ZIRP,block_cv,xmpca_10,weight,2.0,cross_market
NOR_5Y,5,Block_ZIRP,ZIRP,block_cv,xmpca_11,weight,1.0,cross_market
NOR_5Y,5,Block_ZIRP,ZIRP,block_cv,xmpca_12,weight,1.0,cross_market
NOR_5Y,5,Block_ZIRP,ZIRP,block_cv,chg_lag1,cover,36.0,momentum
NOR_5Y,5,Block_ZIRP,ZIRP,block_cv,chg_lag2,cover,16.0,momentum
NOR_5Y,5,Block_ZIRP,ZIRP,block_cv,chg_lag3,cover,0.0,momentum
NOR_5Y,5,Block_ZIRP,ZIRP,block_cv,chg_lag4,cover,0.0,momentum
NOR_5Y,5,Block_ZIRP,ZIRP,block_cv,chg_lag5,cover,0.0,momentum
NOR_5Y,5,Block_ZIRP,ZIRP,block_cv,carry_roll,cover,732.5,carry_roll
NOR_5Y,5,Block_ZIRP,ZIRP,block_cv,mom_63d,cover,196.5,momentum
NOR_5Y,5,Block_ZIRP,ZIRP,block_cv,mom_1m,cover,15.0,momentum
NOR_5Y,5,Block_ZIRP,ZIRP,block_cv,mom_3m,cover,244.0,momentum
NOR_5Y,5,Block_ZIRP,ZIRP,block_cv,mom_6m,cover,94.0,momentum
NOR_5Y,5,Block_ZIRP,ZIRP,block_cv,mom_12m,cover,308.5,momentum
NOR_5Y,5,Block_ZIRP,ZIRP,block_cv,dev_ma_3m,cover,83.0,curve
NOR_5Y,5,Block_ZIRP,ZIRP,block_cv,dev_ma_12m,cover,0.0,curve
NOR_5Y,5,Block_ZIRP,ZIRP,block_cv,vol_20d,cover,41.0,vol
NOR_5Y,5,Block_ZIRP,ZIRP,block_cv,vol_regime,cover,0.0,vol
NOR_5Y,5,Block_ZIRP,ZIRP,block_cv,vol_zscore,cover,1057.0,vol
NOR_5Y,5,Block_ZIRP,ZIRP,block_cv,level_zscore,cover,0.0,curve
NOR_5Y,5,Block_ZIRP,ZIRP,block_cv,slope_10_1,cover,0.0,curve
NOR_5Y,5,Block_ZIRP,ZIRP,block_cv,slope_10_5,cover,0.0,curve
NOR_5Y,5,Block_ZIRP,ZIRP,block_cv,slope_5_1,cover,295.0,curve
NOR_5Y,5,Block_ZIRP,ZIRP,block_cv,sofr_mom_1m,cover,1181.0,macro
NOR_5Y,5,Block_ZIRP,ZIRP,block_cv,ibor_level,cover,0.0,macro
NOR_5Y,5,Block_ZIRP,ZIRP,block_cv,ibor_chg_1d,cover,0.0,macro
NOR_5Y,5,Block_ZIRP,ZIRP,block_cv,ibor_mom_1m,cover,363.0,macro
NOR_5Y,5,Block_ZIRP,ZIRP,block_cv,ibor_term_slope,cover,1264.0,macro
NOR_5Y,5,Block_ZIRP,ZIRP,block_cv,swap_ibor_basis,cover,756.0,curve
NOR_5Y,5,Block_ZIRP,ZIRP,block_cv,move_level,cover,121.5,vol
NOR_5Y,5,Block_ZIRP,ZIRP,block_cv,move_zscore,cover,0.0,vol
NOR_5Y,5,Block_ZIRP,ZIRP,block_cv,vix_level,cover,57.0,vol
NOR_5Y,5,Block_ZIRP,ZIRP,block_cv,vix_zscore,cover,0.0,vol
NOR_5Y,5,Block_ZIRP,ZIRP,block_cv,v2x_level,cover,0.0,vol
NOR_5Y,5,Block_ZIRP,ZIRP,block_cv,vxn_level,cover,243.0,vol
NOR_5Y,5,Block_ZIRP,ZIRP,block_cv,ovx_level,cover,154.5,vol
NOR_5Y,5,Block_ZIRP,ZIRP,block_cv,gvz_level,cover,1381.0,vol
NOR_5Y,5,Block_ZIRP,ZIRP,block_cv,spx_mom_1m,cover,1818.0,macro
NOR_5Y,5,Block_ZIRP,ZIRP,block_cv,spx_mom_3m,cover,0.0,macro
NOR_5Y,5,Block_ZIRP,ZIRP,block_cv,sx5e_mom_1m,cover,0.0,macro
NOR_5Y,5,Block_ZIRP,ZIRP,block_cv,sx5e_mom_3m,cover,0.0,macro
NOR_5Y,5,Block_ZIRP,ZIRP,block_cv,mxwo_mom_1m,cover,0.0,macro
NOR_5Y,5,Block_ZIRP,ZIRP,block_cv,ndx_mom_1m,cover,415.0,macro
NOR_5Y,5,Block_ZIRP,ZIRP,block_cv,oil_mom_1m,cover,157.0,macro
NOR_5Y,5,Block_ZIRP,ZIRP,block_cv,oil_mom_3m,cover,0.0,macro
NOR_5Y,5,Block_ZIRP,ZIRP,block_cv,copper_mom_1m,cover,97.0,macro
NOR_5Y,5,Block_ZIRP,ZIRP,block_cv,opec_prod,cover,831.0,macro
NOR_5Y,5,Block_ZIRP,ZIRP,block_cv,natgas_mom_1m,cover,657.0,macro
NOR_5Y,5,Block_ZIRP,ZIRP,block_cv,be5y_level,cover,0.0,macro
NOR_5Y,5,Block_ZIRP,ZIRP,block_cv,be10y_level,cover,0.0,macro
NOR_5Y,5,Block_ZIRP,ZIRP,block_cv,be_slope,cover,0.0,macro
NOR_5Y,5,Block_ZIRP,ZIRP,block_cv,be5y_chg_1m,cover,0.0,macro
NOR_5Y,5,Block_ZIRP,ZIRP,block_cv,ig_spread,cover,0.0,credit
NOR_5Y,5,Block_ZIRP,ZIRP,block_cv,hy_spread,cover,0.0,credit
NOR_5Y,5,Block_ZIRP,ZIRP,block_cv,ig_chg_1m,cover,0.0,credit
NOR_5Y,5,Block_ZIRP,ZIRP,block_cv,hy_chg_1m,cover,0.0,credit
NOR_5Y,5,Block_ZIRP,ZIRP,block_cv,cpi_yoy,cover,102.0,macro
NOR_5Y,5,Block_ZIRP,ZIRP,block_cv,pce_core_chg,cover,61.0,macro
NOR_5Y,5,Block_ZIRP,ZIRP,block_cv,nfp_change,cover,1280.0,macro
NOR_5Y,5,Block_ZIRP,ZIRP,block_cv,pmi_us,cover,184.0,macro
NOR_5Y,5,Block_ZIRP,ZIRP,block_cv,pmi_eur,cover,1656.0,macro
NOR_5Y,5,Block_ZIRP,ZIRP,block_cv,unemp_eur,cover,0.0,macro
NOR_5Y,5,Block_ZIRP,ZIRP,block_cv,cpi_nsa_level,cover,0.0,macro
NOR_5Y,5,Block_ZIRP,ZIRP,block_cv,pce_core_level,cover,0.0,macro
NOR_5Y,5,Block_ZIRP,ZIRP,block_cv,eur_3m,cover,0.0,macro
NOR_5Y,5,Block_ZIRP,ZIRP,block_cv,eur_1w,cover,0.0,macro
NOR_5Y,5,Block_ZIRP,ZIRP,block_cv,nor_ibor_1m,cover,20.0,norway
NOR_5Y,5,Block_ZIRP,ZIRP,block_cv,nor_ibor_6m,cover,0.0,norway
NOR_5Y,5,Block_ZIRP,ZIRP,block_cv,nor_ecb_dfr_chg,cover,0.0,norway
NOR_5Y,5,Block_ZIRP,ZIRP,block_cv,nor_ecb_dfr_level,cover,702.0,norway
NOR_5Y,5,Block_ZIRP,ZIRP,block_cv,nor_eurnok_chg_1d,cover,146.0,norway
NOR_5Y,5,Block_ZIRP,ZIRP,block_cv,nor_eurnok_level,cover,0.0,norway
NOR_5Y,5,Block_ZIRP,ZIRP,block_cv,nor_eurnok_mom_1m,cover,68.0,norway
NOR_5Y,5,Block_ZIRP,ZIRP,block_cv,nor_eurnok_mom_3m,cover,42.0,norway
NOR_5Y,5,Block_ZIRP,ZIRP,block_cv,nor_eurnok_rvol_20d,cover,768.0,norway
NOR_5Y,5,Block_ZIRP,ZIRP,block_cv,nor_govt_10y,cover,0.0,norway
NOR_5Y,5,Block_ZIRP,ZIRP,block_cv,nor_govt_3y,cover,0.0,norway
NOR_5Y,5,Block_ZIRP,ZIRP,block_cv,nor_govt_5y,cover,189.0,norway
NOR_5Y,5,Block_ZIRP,ZIRP,block_cv,nor_i44_chg_1d,cover,10.0,norway
NOR_5Y,5,Block_ZIRP,ZIRP,block_cv,nor_i44_level,cover,412.0,norway
NOR_5Y,5,Block_ZIRP,ZIRP,block_cv,nor_i44_mom_1m,cover,154.5,norway
NOR_5Y,5,Block_ZIRP,ZIRP,block_cv,nor_i44_mom_3m,cover,25.0,norway
NOR_5Y,5,Block_ZIRP,ZIRP,block_cv,nor_i44_rvol_20d,cover,0.0,norway
NOR_5Y,5,Block_ZIRP,ZIRP,block_cv,nor_kpi_yoy,cover,151.0,norway
NOR_5Y,5,Block_ZIRP,ZIRP,block_cv,nor_kpijae_yoy,cover,0.0,norway
NOR_5Y,5,Block_ZIRP,ZIRP,block_cv,nor_nibor_nowa_spread,cover,0.0,norway
NOR_5Y,5,Block_ZIRP,ZIRP,block_cv,nor_nowa_level,cover,0.0,norway
NOR_5Y,5,Block_ZIRP,ZIRP,block_cv,nor_polrate_chg_1d,cover,0.0,norway
NOR_5Y,5,Block_ZIRP,ZIRP,block_cv,nor_polrate_days_since_chg,cover,0.0,norway
NOR_5Y,5,Block_ZIRP,ZIRP,block_cv,nor_polrate_level,cover,0.0,norway
NOR_5Y,5,Block_ZIRP,ZIRP,block_cv,nor_rb_rate_chg,cover,0.0,norway
NOR_5Y,5,Block_ZIRP,ZIRP,block_cv,nor_rb_rate_level,cover,0.0,norway
NOR_5Y,5,Block_ZIRP,ZIRP,block_cv,nor_unemp,cover,0.0,norway
NOR_5Y,5,Block_ZIRP,ZIRP,block_cv,nor_usdnok_chg_1d,cover,0.0,norway
NOR_5Y,5,Block_ZIRP,ZIRP,block_cv,nor_usdnok_level,cover,0.0,norway
NOR_5Y,5,Block_ZIRP,ZIRP,block_cv,nor_usdnok_mom_1m,cover,0.0,norway
NOR_5Y,5,Block_ZIRP,ZIRP,block_cv,nor_usdnok_mom_3m,cover,1645.0,norway
NOR_5Y,5,Block_ZIRP,ZIRP,block_cv,nor_usdnok_rvol_20d,cover,0.0,norway
NOR_5Y,5,Block_ZIRP,ZIRP,block_cv,swap_govt_spread,cover,218.5,norway
NOR_5Y,5,Block_ZIRP,ZIRP,block_cv,xmpca_01,cover,43.0,cross_market
NOR_5Y,5,Block_ZIRP,ZIRP,block_cv,xmpca_02,cover,220.5,cross_market
NOR_5Y,5,Block_ZIRP,ZIRP,block_cv,xmpca_03,cover,33.0,cross_market
NOR_5Y,5,Block_ZIRP,ZIRP,block_cv,xmpca_04,cover,19.0,cross_market
NOR_5Y,5,Block_ZIRP,ZIRP,block_cv,xmpca_05,cover,53.0,cross_market
NOR_5Y,5,Block_ZIRP,ZIRP,block_cv,xmpca_06,cover,80.0,cross_market
NOR_5Y,5,Block_ZIRP,ZIRP,block_cv,xmpca_07,cover,0.0,cross_market
NOR_5Y,5,Block_ZIRP,ZIRP,block_cv,xmpca_08,cover,0.0,cross_market
NOR_5Y,5,Block_ZIRP,ZIRP,block_cv,xmpca_09,cover,18.0,cross_market
NOR_5Y,5,Block_ZIRP,ZIRP,block_cv,xmpca_10,cover,30.5,cross_market
NOR_5Y,5,Block_ZIRP,ZIRP,block_cv,xmpca_11,cover,62.0,cross_market
NOR_5Y,5,Block_ZIRP,ZIRP,block_cv,xmpca_12,cover,449.0,cross_market
NOR_5Y,5,Block_ZIRP,ZIRP,block_cv,chg_lag1,total_gain,0.02878916636109352,momentum
NOR_5Y,5,Block_ZIRP,ZIRP,block_cv,chg_lag2,total_gain,0.023777835071086884,momentum
NOR_5Y,5,Block_ZIRP,ZIRP,block_cv,chg_lag3,total_gain,0.0,momentum
NOR_5Y,5,Block_ZIRP,ZIRP,block_cv,chg_lag4,total_gain,0.0,momentum
NOR_5Y,5,Block_ZIRP,ZIRP,block_cv,chg_lag5,total_gain,0.0,momentum
NOR_5Y,5,Block_ZIRP,ZIRP,block_cv,carry_roll,total_gain,0.1281796097755432,carry_roll
NOR_5Y,5,Block_ZIRP,ZIRP,block_cv,mom_63d,total_gain,0.2640744149684906,momentum
NOR_5Y,5,Block_ZIRP,ZIRP,block_cv,mom_1m,total_gain,0.014748981222510338,momentum
NOR_5Y,5,Block_ZIRP,ZIRP,block_cv,mom_3m,total_gain,0.0702216774225235,momentum
NOR_5Y,5,Block_ZIRP,ZIRP,block_cv,mom_6m,total_gain,0.11863183975219727,momentum
NOR_5Y,5,Block_ZIRP,ZIRP,block_cv,mom_12m,total_gain,0.1632830947637558,momentum
NOR_5Y,5,Block_ZIRP,ZIRP,block_cv,dev_ma_3m,total_gain,0.15312176942825317,curve
NOR_5Y,5,Block_ZIRP,ZIRP,block_cv,dev_ma_12m,total_gain,0.0,curve
NOR_5Y,5,Block_ZIRP,ZIRP,block_cv,vol_20d,total_gain,0.07671836018562317,vol
NOR_5Y,5,Block_ZIRP,ZIRP,block_cv,vol_regime,total_gain,0.0,vol
NOR_5Y,5,Block_ZIRP,ZIRP,block_cv,vol_zscore,total_gain,0.3327859342098236,vol
NOR_5Y,5,Block_ZIRP,ZIRP,block_cv,level_zscore,total_gain,0.0,curve
NOR_5Y,5,Block_ZIRP,ZIRP,block_cv,slope_10_1,total_gain,0.0,curve
NOR_5Y,5,Block_ZIRP,ZIRP,block_cv,slope_10_5,total_gain,0.0,curve
NOR_5Y,5,Block_ZIRP,ZIRP,block_cv,slope_5_1,total_gain,0.0992557480931282,curve
NOR_5Y,5,Block_ZIRP,ZIRP,block_cv,sofr_mom_1m,total_gain,0.5078120231628418,macro
NOR_5Y,5,Block_ZIRP,ZIRP,block_cv,ibor_level,total_gain,0.0,macro
NOR_5Y,5,Block_ZIRP,ZIRP,block_cv,ibor_chg_1d,total_gain,0.0,macro
NOR_5Y,5,Block_ZIRP,ZIRP,block_cv,ibor_mom_1m,total_gain,0.11097662150859833,macro
NOR_5Y,5,Block_ZIRP,ZIRP,block_cv,ibor_term_slope,total_gain,0.05535728484392166,macro
NOR_5Y,5,Block_ZIRP,ZIRP,block_cv,swap_ibor_basis,total_gain,0.08847009390592575,curve
NOR_5Y,5,Block_ZIRP,ZIRP,block_cv,move_level,total_gain,0.09104078263044357,vol
NOR_5Y,5,Block_ZIRP,ZIRP,block_cv,move_zscore,total_gain,0.0,vol
NOR_5Y,5,Block_ZIRP,ZIRP,block_cv,vix_level,total_gain,0.09457314759492874,vol
NOR_5Y,5,Block_ZIRP,ZIRP,block_cv,vix_zscore,total_gain,0.0,vol
NOR_5Y,5,Block_ZIRP,ZIRP,block_cv,v2x_level,total_gain,0.0,vol
NOR_5Y,5,Block_ZIRP,ZIRP,block_cv,vxn_level,total_gain,0.078530453145504,vol
NOR_5Y,5,Block_ZIRP,ZIRP,block_cv,ovx_level,total_gain,0.09450225532054901,vol
NOR_5Y,5,Block_ZIRP,ZIRP,block_cv,gvz_level,total_gain,0.14862172305583954,vol
NOR_5Y,5,Block_ZIRP,ZIRP,block_cv,spx_mom_1m,total_gain,0.28582027554512024,macro
NOR_5Y,5,Block_ZIRP,ZIRP,block_cv,spx_mom_3m,total_gain,0.0,macro
NOR_5Y,5,Block_ZIRP,ZIRP,block_cv,sx5e_mom_1m,total_gain,0.0,macro
NOR_5Y,5,Block_ZIRP,ZIRP,block_cv,sx5e_mom_3m,total_gain,0.0,macro
NOR_5Y,5,Block_ZIRP,ZIRP,block_cv,mxwo_mom_1m,total_gain,0.0,macro
NOR_5Y,5,Block_ZIRP,ZIRP,block_cv,ndx_mom_1m,total_gain,0.14316678047180176,macro
NOR_5Y,5,Block_ZIRP,ZIRP,block_cv,oil_mom_1m,total_gain,0.08175212144851685,macro
NOR_5Y,5,Block_ZIRP,ZIRP,block_cv,oil_mom_3m,total_gain,0.0,macro
NOR_5Y,5,Block_ZIRP,ZIRP,block_cv,copper_mom_1m,total_gain,0.08229097723960876,macro
NOR_5Y,5,Block_ZIRP,ZIRP,block_cv,opec_prod,total_gain,0.10021934658288956,macro
NOR_5Y,5,Block_ZIRP,ZIRP,block_cv,natgas_mom_1m,total_gain,0.37882572412490845,macro
NOR_5Y,5,Block_ZIRP,ZIRP,block_cv,be5y_level,total_gain,0.0,macro
NOR_5Y,5,Block_ZIRP,ZIRP,block_cv,be10y_level,total_gain,0.0,macro
NOR_5Y,5,Block_ZIRP,ZIRP,block_cv,be_slope,total_gain,0.0,macro
NOR_5Y,5,Block_ZIRP,ZIRP,block_cv,be5y_chg_1m,total_gain,0.0,macro
NOR_5Y,5,Block_ZIRP,ZIRP,block_cv,ig_spread,total_gain,0.0,credit
NOR_5Y,5,Block_ZIRP,ZIRP,block_cv,hy_spread,total_gain,0.0,credit
NOR_5Y,5,Block_ZIRP,ZIRP,block_cv,ig_chg_1m,total_gain,0.0,credit
NOR_5Y,5,Block_ZIRP,ZIRP,block_cv,hy_chg_1m,total_gain,0.0,credit
NOR_5Y,5,Block_ZIRP,ZIRP,block_cv,cpi_yoy,total_gain,0.1572793871164322,macro
NOR_5Y,5,Block_ZIRP,ZIRP,block_cv,pce_core_chg,total_gain,0.180233433842659,macro
NOR_5Y,5,Block_ZIRP,ZIRP,block_cv,nfp_change,total_gain,0.08403358608484268,macro
NOR_5Y,5,Block_ZIRP,ZIRP,block_cv,pmi_us,total_gain,0.05538259446620941,macro
NOR_5Y,5,Block_ZIRP,ZIRP,block_cv,pmi_eur,total_gain,0.35809746384620667,macro
NOR_5Y,5,Block_ZIRP,ZIRP,block_cv,unemp_eur,total_gain,0.0,macro
NOR_5Y,5,Block_ZIRP,ZIRP,block_cv,cpi_nsa_level,total_gain,0.0,macro
NOR_5Y,5,Block_ZIRP,ZIRP,block_cv,pce_core_level,total_gain,0.0,macro
NOR_5Y,5,Block_ZIRP,ZIRP,block_cv,eur_3m,total_gain,0.0,macro
NOR_5Y,5,Block_ZIRP,ZIRP,block_cv,eur_1w,total_gain,0.0,macro
NOR_5Y,5,Block_ZIRP,ZIRP,block_cv,nor_ibor_1m,total_gain,0.01589621603488922,norway
NOR_5Y,5,Block_ZIRP,ZIRP,block_cv,nor_ibor_6m,total_gain,0.0,norway
NOR_5Y,5,Block_ZIRP,ZIRP,block_cv,nor_ecb_dfr_chg,total_gain,0.0,norway
NOR_5Y,5,Block_ZIRP,ZIRP,block_cv,nor_ecb_dfr_level,total_gain,0.11990584433078766,norway
NOR_5Y,5,Block_ZIRP,ZIRP,block_cv,nor_eurnok_chg_1d,total_gain,0.09933020174503326,norway
NOR_5Y,5,Block_ZIRP,ZIRP,block_cv,nor_eurnok_level,total_gain,0.0,norway
NOR_5Y,5,Block_ZIRP,ZIRP,block_cv,nor_eurnok_mom_1m,total_gain,0.11937230825424194,norway
NOR_5Y,5,Block_ZIRP,ZIRP,block_cv,nor_eurnok_mom_3m,total_gain,0.06957346200942993,norway
NOR_5Y,5,Block_ZIRP,ZIRP,block_cv,nor_eurnok_rvol_20d,total_gain,0.14565084874629974,norway
NOR_5Y,5,Block_ZIRP,ZIRP,block_cv,nor_govt_10y,total_gain,0.0,norway
NOR_5Y,5,Block_ZIRP,ZIRP,block_cv,nor_govt_3y,total_gain,0.0,norway
NOR_5Y,5,Block_ZIRP,ZIRP,block_cv,nor_govt_5y,total_gain,0.09648862481117249,norway
NOR_5Y,5,Block_ZIRP,ZIRP,block_cv,nor_i44_chg_1d,total_gain,0.005374999716877937,norway
NOR_5Y,5,Block_ZIRP,ZIRP,block_cv,nor_i44_level,total_gain,0.10880110412836075,norway
NOR_5Y,5,Block_ZIRP,ZIRP,block_cv,nor_i44_mom_1m,total_gain,0.2931912839412689,norway
NOR_5Y,5,Block_ZIRP,ZIRP,block_cv,nor_i44_mom_3m,total_gain,0.03769001364707947,norway
NOR_5Y,5,Block_ZIRP,ZIRP,block_cv,nor_i44_rvol_20d,total_gain,0.0,norway
NOR_5Y,5,Block_ZIRP,ZIRP,block_cv,nor_kpi_yoy,total_gain,0.15013495087623596,norway
NOR_5Y,5,Block_ZIRP,ZIRP,block_cv,nor_kpijae_yoy,total_gain,0.0,norway
NOR_5Y,5,Block_ZIRP,ZIRP,block_cv,nor_nibor_nowa_spread,total_gain,0.0,norway
NOR_5Y,5,Block_ZIRP,ZIRP,block_cv,nor_nowa_level,total_gain,0.0,norway
NOR_5Y,5,Block_ZIRP,ZIRP,block_cv,nor_polrate_chg_1d,total_gain,0.0,norway
NOR_5Y,5,Block_ZIRP,ZIRP,block_cv,nor_polrate_days_since_chg,total_gain,0.0,norway
NOR_5Y,5,Block_ZIRP,ZIRP,block_cv,nor_polrate_level,total_gain,0.0,norway
NOR_5Y,5,Block_ZIRP,ZIRP,block_cv,nor_rb_rate_chg,total_gain,0.0,norway
NOR_5Y,5,Block_ZIRP,ZIRP,block_cv,nor_rb_rate_level,total_gain,0.0,norway
NOR_5Y,5,Block_ZIRP,ZIRP,block_cv,nor_unemp,total_gain,0.0,norway
NOR_5Y,5,Block_ZIRP,ZIRP,block_cv,nor_usdnok_chg_1d,total_gain,0.0,norway
NOR_5Y,5,Block_ZIRP,ZIRP,block_cv,nor_usdnok_level,total_gain,0.0,norway
NOR_5Y,5,Block_ZIRP,ZIRP,block_cv,nor_usdnok_mom_1m,total_gain,0.0,norway
NOR_5Y,5,Block_ZIRP,ZIRP,block_cv,nor_usdnok_mom_3m,total_gain,0.34005457162857056,norway
NOR_5Y,5,Block_ZIRP,ZIRP,block_cv,nor_usdnok_rvol_20d,total_gain,0.0,norway
NOR_5Y,5,Block_ZIRP,ZIRP,block_cv,swap_govt_spread,total_gain,0.2299439013004303,norway
NOR_5Y,5,Block_ZIRP,ZIRP,block_cv,xmpca_01,total_gain,0.034710824489593506,cross_market
NOR_5Y,5,Block_ZIRP,ZIRP,block_cv,xmpca_02,total_gain,0.21089492738246918,cross_market
NOR_5Y,5,Block_ZIRP,ZIRP,block_cv,xmpca_03,total_gain,0.08399596810340881,cross_market
NOR_5Y,5,Block_ZIRP,ZIRP,block_cv,xmpca_04,total_gain,0.0035745035856962204,cross_market
NOR_5Y,5,Block_ZIRP,ZIRP,block_cv,xmpca_05,total_gain,0.20102670788764954,cross_market
NOR_5Y,5,Block_ZIRP,ZIRP,block_cv,xmpca_06,total_gain,0.16346921026706696,cross_market
NOR_5Y,5,Block_ZIRP,ZIRP,block_cv,xmpca_07,total_gain,0.0,cross_market
NOR_5Y,5,Block_ZIRP,ZIRP,block_cv,xmpca_08,total_gain,0.0,cross_market
NOR_5Y,5,Block_ZIRP,ZIRP,block_cv,xmpca_09,total_gain,0.009817354381084442,cross_market
NOR_5Y,5,Block_ZIRP,ZIRP,block_cv,xmpca_10,total_gain,0.09292023628950119,cross_market
NOR_5Y,5,Block_ZIRP,ZIRP,block_cv,xmpca_11,total_gain,0.04251723736524582,cross_market
NOR_5Y,5,Block_ZIRP,ZIRP,block_cv,xmpca_12,total_gain,0.08638022094964981,cross_market
NOR_5Y,5,Block_ZIRP,ZIRP,block_cv,chg_lag1,total_cover,36.0,momentum
NOR_5Y,5,Block_ZIRP,ZIRP,block_cv,chg_lag2,total_cover,32.0,momentum
NOR_5Y,5,Block_ZIRP,ZIRP,block_cv,chg_lag3,total_cover,0.0,momentum
NOR_5Y,5,Block_ZIRP,ZIRP,block_cv,chg_lag4,total_cover,0.0,momentum
NOR_5Y,5,Block_ZIRP,ZIRP,block_cv,chg_lag5,total_cover,0.0,momentum
NOR_5Y,5,Block_ZIRP,ZIRP,block_cv,carry_roll,total_cover,1465.0,carry_roll
NOR_5Y,5,Block_ZIRP,ZIRP,block_cv,mom_63d,total_cover,786.0,momentum
NOR_5Y,5,Block_ZIRP,ZIRP,block_cv,mom_1m,total_cover,15.0,momentum
NOR_5Y,5,Block_ZIRP,ZIRP,block_cv,mom_3m,total_cover,244.0,momentum
NOR_5Y,5,Block_ZIRP,ZIRP,block_cv,mom_6m,total_cover,94.0,momentum
NOR_5Y,5,Block_ZIRP,ZIRP,block_cv,mom_12m,total_cover,617.0,momentum
NOR_5Y,5,Block_ZIRP,ZIRP,block_cv,dev_ma_3m,total_cover,166.0,curve
NOR_5Y,5,Block_ZIRP,ZIRP,block_cv,dev_ma_12m,total_cover,0.0,curve
NOR_5Y,5,Block_ZIRP,ZIRP,block_cv,vol_20d,total_cover,41.0,vol
NOR_5Y,5,Block_ZIRP,ZIRP,block_cv,vol_regime,total_cover,0.0,vol
NOR_5Y,5,Block_ZIRP,ZIRP,block_cv,vol_zscore,total_cover,2114.0,vol
NOR_5Y,5,Block_ZIRP,ZIRP,block_cv,level_zscore,total_cover,0.0,curve
NOR_5Y,5,Block_ZIRP,ZIRP,block_cv,slope_10_1,total_cover,0.0,curve
NOR_5Y,5,Block_ZIRP,ZIRP,block_cv,slope_10_5,total_cover,0.0,curve
NOR_5Y,5,Block_ZIRP,ZIRP,block_cv,slope_5_1,total_cover,590.0,curve
NOR_5Y,5,Block_ZIRP,ZIRP,block_cv,sofr_mom_1m,total_cover,4724.0,macro
NOR_5Y,5,Block_ZIRP,ZIRP,block_cv,ibor_level,total_cover,0.0,macro
NOR_5Y,5,Block_ZIRP,ZIRP,block_cv,ibor_chg_1d,total_cover,0.0,macro
NOR_5Y,5,Block_ZIRP,ZIRP,block_cv,ibor_mom_1m,total_cover,363.0,macro
NOR_5Y,5,Block_ZIRP,ZIRP,block_cv,ibor_term_slope,total_cover,1264.0,macro
NOR_5Y,5,Block_ZIRP,ZIRP,block_cv,swap_ibor_basis,total_cover,756.0,curve
NOR_5Y,5,Block_ZIRP,ZIRP,block_cv,move_level,total_cover,243.0,vol
NOR_5Y,5,Block_ZIRP,ZIRP,block_cv,move_zscore,total_cover,0.0,vol
NOR_5Y,5,Block_ZIRP,ZIRP,block_cv,vix_level,total_cover,57.0,vol
NOR_5Y,5,Block_ZIRP,ZIRP,block_cv,vix_zscore,total_cover,0.0,vol
NOR_5Y,5,Block_ZIRP,ZIRP,block_cv,v2x_level,total_cover,0.0,vol
NOR_5Y,5,Block_ZIRP,ZIRP,block_cv,vxn_level,total_cover,243.0,vol
NOR_5Y,5,Block_ZIRP,ZIRP,block_cv,ovx_level,total_cover,309.0,vol
NOR_5Y,5,Block_ZIRP,ZIRP,block_cv,gvz_level,total_cover,1381.0,vol
NOR_5Y,5,Block_ZIRP,ZIRP,block_cv,spx_mom_1m,total_cover,1818.0,macro
NOR_5Y,5,Block_ZIRP,ZIRP,block_cv,spx_mom_3m,total_cover,0.0,macro
NOR_5Y,5,Block_ZIRP,ZIRP,block_cv,sx5e_mom_1m,total_cover,0.0,macro
NOR_5Y,5,Block_ZIRP,ZIRP,block_cv,sx5e_mom_3m,total_cover,0.0,macro
NOR_5Y,5,Block_ZIRP,ZIRP,block_cv,mxwo_mom_1m,total_cover,0.0,macro
NOR_5Y,5,Block_ZIRP,ZIRP,block_cv,ndx_mom_1m,total_cover,415.0,macro
NOR_5Y,5,Block_ZIRP,ZIRP,block_cv,oil_mom_1m,total_cover,157.0,macro
NOR_5Y,5,Block_ZIRP,ZIRP,block_cv,oil_mom_3m,total_cover,0.0,macro
NOR_5Y,5,Block_ZIRP,ZIRP,block_cv,copper_mom_1m,total_cover,97.0,macro
NOR_5Y,5,Block_ZIRP,ZIRP,block_cv,opec_prod,total_cover,831.0,macro
NOR_5Y,5,Block_ZIRP,ZIRP,block_cv,natgas_mom_1m,total_cover,1971.0,macro
NOR_5Y,5,Block_ZIRP,ZIRP,block_cv,be5y_level,total_cover,0.0,macro
NOR_5Y,5,Block_ZIRP,ZIRP,block_cv,be10y_level,total_cover,0.0,macro
NOR_5Y,5,Block_ZIRP,ZIRP,block_cv,be_slope,total_cover,0.0,macro
NOR_5Y,5,Block_ZIRP,ZIRP,block_cv,be5y_chg_1m,total_cover,0.0,macro
NOR_5Y,5,Block_ZIRP,ZIRP,block_cv,ig_spread,total_cover,0.0,credit
NOR_5Y,5,Block_ZIRP,ZIRP,block_cv,hy_spread,total_cover,0.0,credit
NOR_5Y,5,Block_ZIRP,ZIRP,block_cv,ig_chg_1m,total_cover,0.0,credit
NOR_5Y,5,Block_ZIRP,ZIRP,block_cv,hy_chg_1m,total_cover,0.0,credit
NOR_5Y,5,Block_ZIRP,ZIRP,block_cv,cpi_yoy,total_cover,204.0,macro
NOR_5Y,5,Block_ZIRP,ZIRP,block_cv,pce_core_chg,total_cover,122.0,macro
NOR_5Y,5,Block_ZIRP,ZIRP,block_cv,nfp_change,total_cover,1280.0,macro
NOR_5Y,5,Block_ZIRP,ZIRP,block_cv,pmi_us,total_cover,184.0,macro
NOR_5Y,5,Block_ZIRP,ZIRP,block_cv,pmi_eur,total_cover,3312.0,macro
NOR_5Y,5,Block_ZIRP,ZIRP,block_cv,unemp_eur,total_cover,0.0,macro
NOR_5Y,5,Block_ZIRP,ZIRP,block_cv,cpi_nsa_level,total_cover,0.0,macro
NOR_5Y,5,Block_ZIRP,ZIRP,block_cv,pce_core_level,total_cover,0.0,macro
NOR_5Y,5,Block_ZIRP,ZIRP,block_cv,eur_3m,total_cover,0.0,macro
NOR_5Y,5,Block_ZIRP,ZIRP,block_cv,eur_1w,total_cover,0.0,macro
NOR_5Y,5,Block_ZIRP,ZIRP,block_cv,nor_ibor_1m,total_cover,20.0,norway
NOR_5Y,5,Block_ZIRP,ZIRP,block_cv,nor_ibor_6m,total_cover,0.0,norway
NOR_5Y,5,Block_ZIRP,ZIRP,block_cv,nor_ecb_dfr_chg,total_cover,0.0,norway
NOR_5Y,5,Block_ZIRP,ZIRP,block_cv,nor_ecb_dfr_level,total_cover,702.0,norway
NOR_5Y,5,Block_ZIRP,ZIRP,block_cv,nor_eurnok_chg_1d,total_cover,292.0,norway
NOR_5Y,5,Block_ZIRP,ZIRP,block_cv,nor_eurnok_level,total_cover,0.0,norway
NOR_5Y,5,Block_ZIRP,ZIRP,block_cv,nor_eurnok_mom_1m,total_cover,68.0,norway
NOR_5Y,5,Block_ZIRP,ZIRP,block_cv,nor_eurnok_mom_3m,total_cover,42.0,norway
NOR_5Y,5,Block_ZIRP,ZIRP,block_cv,nor_eurnok_rvol_20d,total_cover,1536.0,norway
NOR_5Y,5,Block_ZIRP,ZIRP,block_cv,nor_govt_10y,total_cover,0.0,norway
NOR_5Y,5,Block_ZIRP,ZIRP,block_cv,nor_govt_3y,total_cover,0.0,norway
NOR_5Y,5,Block_ZIRP,ZIRP,block_cv,nor_govt_5y,total_cover,567.0,norway
NOR_5Y,5,Block_ZIRP,ZIRP,block_cv,nor_i44_chg_1d,total_cover,10.0,norway
NOR_5Y,5,Block_ZIRP,ZIRP,block_cv,nor_i44_level,total_cover,824.0,norway
NOR_5Y,5,Block_ZIRP,ZIRP,block_cv,nor_i44_mom_1m,total_cover,309.0,norway
NOR_5Y,5,Block_ZIRP,ZIRP,block_cv,nor_i44_mom_3m,total_cover,25.0,norway
NOR_5Y,5,Block_ZIRP,ZIRP,block_cv,nor_i44_rvol_20d,total_cover,0.0,norway
NOR_5Y,5,Block_ZIRP,ZIRP,block_cv,nor_kpi_yoy,total_cover,151.0,norway
NOR_5Y,5,Block_ZIRP,ZIRP,block_cv,nor_kpijae_yoy,total_cover,0.0,norway
NOR_5Y,5,Block_ZIRP,ZIRP,block_cv,nor_nibor_nowa_spread,total_cover,0.0,norway
NOR_5Y,5,Block_ZIRP,ZIRP,block_cv,nor_nowa_level,total_cover,0.0,norway
NOR_5Y,5,Block_ZIRP,ZIRP,block_cv,nor_polrate_chg_1d,total_cover,0.0,norway
NOR_5Y,5,Block_ZIRP,ZIRP,block_cv,nor_polrate_days_since_chg,total_cover,0.0,norway
NOR_5Y,5,Block_ZIRP,ZIRP,block_cv,nor_polrate_level,total_cover,0.0,norway
NOR_5Y,5,Block_ZIRP,ZIRP,block_cv,nor_rb_rate_chg,total_cover,0.0,norway
NOR_5Y,5,Block_ZIRP,ZIRP,block_cv,nor_rb_rate_level,total_cover,0.0,norway
NOR_5Y,5,Block_ZIRP,ZIRP,block_cv,nor_unemp,total_cover,0.0,norway
NOR_5Y,5,Block_ZIRP,ZIRP,block_cv,nor_usdnok_chg_1d,total_cover,0.0,norway
NOR_5Y,5,Block_ZIRP,ZIRP,block_cv,nor_usdnok_level,total_cover,0.0,norway
NOR_5Y,5,Block_ZIRP,ZIRP,block_cv,nor_usdnok_mom_1m,total_cover,0.0,norway
NOR_5Y,5,Block_ZIRP,ZIRP,block_cv,nor_usdnok_mom_3m,total_cover,3290.0,norway
NOR_5Y,5,Block_ZIRP,ZIRP,block_cv,nor_usdnok_rvol_20d,total_cover,0.0,norway
NOR_5Y,5,Block_ZIRP,ZIRP,block_cv,swap_govt_spread,total_cover,437.0,norway
NOR_5Y,5,Block_ZIRP,ZIRP,block_cv,xmpca_01,total_cover,43.0,cross_market
NOR_5Y,5,Block_ZIRP,ZIRP,block_cv,xmpca_02,total_cover,441.0,cross_market
NOR_5Y,5,Block_ZIRP,ZIRP,block_cv,xmpca_03,total_cover,66.0,cross_market
NOR_5Y,5,Block_ZIRP,ZIRP,block_cv,xmpca_04,total_cover,19.0,cross_market
NOR_5Y,5,Block_ZIRP,ZIRP,block_cv,xmpca_05,total_cover,53.0,cross_market
NOR_5Y,5,Block_ZIRP,ZIRP,block_cv,xmpca_06,total_cover,160.0,cross_market
NOR_5Y,5,Block_ZIRP,ZIRP,block_cv,xmpca_07,total_cover,0.0,cross_market
NOR_5Y,5,Block_ZIRP,ZIRP,block_cv,xmpca_08,total_cover,0.0,cross_market
NOR_5Y,5,Block_ZIRP,ZIRP,block_cv,xmpca_09,total_cover,18.0,cross_market
NOR_5Y,5,Block_ZIRP,ZIRP,block_cv,xmpca_10,total_cover,61.0,cross_market
NOR_5Y,5,Block_ZIRP,ZIRP,block_cv,xmpca_11,total_cover,62.0,cross_market
NOR_5Y,5,Block_ZIRP,ZIRP,block_cv,xmpca_12,total_cover,449.0,cross_market
NOR_5Y,5,Block_ZIRP,ZIRP,block_cv,chg_lag1,shap_mean_abs,1.942739254445769e-05,momentum
NOR_5Y,5,Block_ZIRP,ZIRP,block_cv,chg_lag2,shap_mean_abs,5.1073951908620074e-05,momentum
NOR_5Y,5,Block_ZIRP,ZIRP,block_cv,chg_lag3,shap_mean_abs,0.0,momentum
NOR_5Y,5,Block_ZIRP,ZIRP,block_cv,chg_lag4,shap_mean_abs,0.0,momentum
NOR_5Y,5,Block_ZIRP,ZIRP,block_cv,chg_lag5,shap_mean_abs,0.0,momentum
NOR_5Y,5,Block_ZIRP,ZIRP,block_cv,carry_roll,shap_mean_abs,0.0002656993456184864,carry_roll
NOR_5Y,5,Block_ZIRP,ZIRP,block_cv,mom_63d,shap_mean_abs,0.00020094012143090367,momentum
NOR_5Y,5,Block_ZIRP,ZIRP,block_cv,mom_1m,shap_mean_abs,1.3929620763519779e-05,momentum
NOR_5Y,5,Block_ZIRP,ZIRP,block_cv,mom_3m,shap_mean_abs,0.00016420373867731541,momentum
NOR_5Y,5,Block_ZIRP,ZIRP,block_cv,mom_6m,shap_mean_abs,5.220424282015301e-05,momentum
NOR_5Y,5,Block_ZIRP,ZIRP,block_cv,mom_12m,shap_mean_abs,0.00013103632954880595,momentum
NOR_5Y,5,Block_ZIRP,ZIRP,block_cv,dev_ma_3m,shap_mean_abs,7.940912473713979e-05,curve
NOR_5Y,5,Block_ZIRP,ZIRP,block_cv,dev_ma_12m,shap_mean_abs,0.0,curve
NOR_5Y,5,Block_ZIRP,ZIRP,block_cv,vol_20d,shap_mean_abs,3.816332173300907e-05,vol
NOR_5Y,5,Block_ZIRP,ZIRP,block_cv,vol_regime,shap_mean_abs,0.0,vol
NOR_5Y,5,Block_ZIRP,ZIRP,block_cv,vol_zscore,shap_mean_abs,0.0006410270580090582,vol
NOR_5Y,5,Block_ZIRP,ZIRP,block_cv,level_zscore,shap_mean_abs,0.0,curve
NOR_5Y,5,Block_ZIRP,ZIRP,block_cv,slope_10_1,shap_mean_abs,0.0,curve
NOR_5Y,5,Block_ZIRP,ZIRP,block_cv,slope_10_5,shap_mean_abs,0.0,curve
NOR_5Y,5,Block_ZIRP,ZIRP,block_cv,slope_5_1,shap_mean_abs,0.0001144246562034823,curve
NOR_5Y,5,Block_ZIRP,ZIRP,block_cv,sofr_mom_1m,shap_mean_abs,0.0016438906313851476,macro
NOR_5Y,5,Block_ZIRP,ZIRP,block_cv,ibor_level,shap_mean_abs,0.0,macro
NOR_5Y,5,Block_ZIRP,ZIRP,block_cv,ibor_chg_1d,shap_mean_abs,0.0,macro
NOR_5Y,5,Block_ZIRP,ZIRP,block_cv,ibor_mom_1m,shap_mean_abs,0.00015020476712379605,macro
NOR_5Y,5,Block_ZIRP,ZIRP,block_cv,ibor_term_slope,shap_mean_abs,0.00034321090788580477,macro
NOR_5Y,5,Block_ZIRP,ZIRP,block_cv,swap_ibor_basis,shap_mean_abs,0.0002553843369241804,curve
NOR_5Y,5,Block_ZIRP,ZIRP,block_cv,move_level,shap_mean_abs,9.819855768000707e-05,vol
NOR_5Y,5,Block_ZIRP,ZIRP,block_cv,move_zscore,shap_mean_abs,0.0,vol
NOR_5Y,5,Block_ZIRP,ZIRP,block_cv,vix_level,shap_mean_abs,2.7109575967187993e-05,vol
NOR_5Y,5,Block_ZIRP,ZIRP,block_cv,vix_zscore,shap_mean_abs,0.0,vol
NOR_5Y,5,Block_ZIRP,ZIRP,block_cv,v2x_level,shap_mean_abs,0.0,vol
NOR_5Y,5,Block_ZIRP,ZIRP,block_cv,vxn_level,shap_mean_abs,0.00022159631771501154,vol
NOR_5Y,5,Block_ZIRP,ZIRP,block_cv,ovx_level,shap_mean_abs,0.00013983837561681867,vol
NOR_5Y,5,Block_ZIRP,ZIRP,block_cv,gvz_level,shap_mean_abs,8.708975656190887e-05,vol
NOR_5Y,5,Block_ZIRP,ZIRP,block_cv,spx_mom_1m,shap_mean_abs,8.517168316757306e-05,macro
NOR_5Y,5,Block_ZIRP,ZIRP,block_cv,spx_mom_3m,shap_mean_abs,0.0,macro
NOR_5Y,5,Block_ZIRP,ZIRP,block_cv,sx5e_mom_1m,shap_mean_abs,0.0,macro
NOR_5Y,5,Block_ZIRP,ZIRP,block_cv,sx5e_mom_3m,shap_mean_abs,0.0,macro
NOR_5Y,5,Block_ZIRP,ZIRP,block_cv,mxwo_mom_1m,shap_mean_abs,0.0,macro
NOR_5Y,5,Block_ZIRP,ZIRP,block_cv,ndx_mom_1m,shap_mean_abs,4.954647374688648e-05,macro
NOR_5Y,5,Block_ZIRP,ZIRP,block_cv,oil_mom_1m,shap_mean_abs,3.2771597034297884e-05,macro
NOR_5Y,5,Block_ZIRP,ZIRP,block_cv,oil_mom_3m,shap_mean_abs,0.0,macro
NOR_5Y,5,Block_ZIRP,ZIRP,block_cv,copper_mom_1m,shap_mean_abs,6.556473090313375e-05,macro
NOR_5Y,5,Block_ZIRP,ZIRP,block_cv,opec_prod,shap_mean_abs,0.0006557799060828984,macro
NOR_5Y,5,Block_ZIRP,ZIRP,block_cv,natgas_mom_1m,shap_mean_abs,0.0007396694854833186,macro
NOR_5Y,5,Block_ZIRP,ZIRP,block_cv,be5y_level,shap_mean_abs,0.0,macro
NOR_5Y,5,Block_ZIRP,ZIRP,block_cv,be10y_level,shap_mean_abs,0.0,macro
NOR_5Y,5,Block_ZIRP,ZIRP,block_cv,be_slope,shap_mean_abs,0.0,macro
NOR_5Y,5,Block_ZIRP,ZIRP,block_cv,be5y_chg_1m,shap_mean_abs,0.0,macro
NOR_5Y,5,Block_ZIRP,ZIRP,block_cv,ig_spread,shap_mean_abs,0.0,credit
NOR_5Y,5,Block_ZIRP,ZIRP,block_cv,hy_spread,shap_mean_abs,0.0,credit
NOR_5Y,5,Block_ZIRP,ZIRP,block_cv,ig_chg_1m,shap_mean_abs,0.0,credit
NOR_5Y,5,Block_ZIRP,ZIRP,block_cv,hy_chg_1m,shap_mean_abs,0.0,credit
NOR_5Y,5,Block_ZIRP,ZIRP,block_cv,cpi_yoy,shap_mean_abs,0.00042058402323164046,macro
NOR_5Y,5,Block_ZIRP,ZIRP,block_cv,pce_core_chg,shap_mean_abs,0.00011040073150070384,macro
NOR_5Y,5,Block_ZIRP,ZIRP,block_cv,nfp_change,shap_mean_abs,0.0004333881661295891,macro
NOR_5Y,5,Block_ZIRP,ZIRP,block_cv,pmi_us,shap_mean_abs,0.0002193385298596695,macro
NOR_5Y,5,Block_ZIRP,ZIRP,block_cv,pmi_eur,shap_mean_abs,0.0010216864757239819,macro
NOR_5Y,5,Block_ZIRP,ZIRP,block_cv,unemp_eur,shap_mean_abs,0.0,macro
NOR_5Y,5,Block_ZIRP,ZIRP,block_cv,cpi_nsa_level,shap_mean_abs,0.0,macro
NOR_5Y,5,Block_ZIRP,ZIRP,block_cv,pce_core_level,shap_mean_abs,0.0,macro
NOR_5Y,5,Block_ZIRP,ZIRP,block_cv,eur_3m,shap_mean_abs,0.0,macro
NOR_5Y,5,Block_ZIRP,ZIRP,block_cv,eur_1w,shap_mean_abs,0.0,macro
NOR_5Y,5,Block_ZIRP,ZIRP,block_cv,nor_ibor_1m,shap_mean_abs,1.2084240552212577e-05,norway
NOR_5Y,5,Block_ZIRP,ZIRP,block_cv,nor_ibor_6m,shap_mean_abs,0.0,norway
NOR_5Y,5,Block_ZIRP,ZIRP,block_cv,nor_ecb_dfr_chg,shap_mean_abs,0.0,norway
NOR_5Y,5,Block_ZIRP,ZIRP,block_cv,nor_ecb_dfr_level,shap_mean_abs,0.00020075676729902625,norway
NOR_5Y,5,Block_ZIRP,ZIRP,block_cv,nor_eurnok_chg_1d,shap_mean_abs,4.556975909508765e-05,norway
NOR_5Y,5,Block_ZIRP,ZIRP,block_cv,nor_eurnok_level,shap_mean_abs,0.0,norway
NOR_5Y,5,Block_ZIRP,ZIRP,block_cv,nor_eurnok_mom_1m,shap_mean_abs,6.736687646480277e-05,norway
NOR_5Y,5,Block_ZIRP,ZIRP,block_cv,nor_eurnok_mom_3m,shap_mean_abs,8.66283880895935e-05,norway
NOR_5Y,5,Block_ZIRP,ZIRP,block_cv,nor_eurnok_rvol_20d,shap_mean_abs,0.00024792447220534086,norway
NOR_5Y,5,Block_ZIRP,ZIRP,block_cv,nor_govt_10y,shap_mean_abs,0.0,norway
NOR_5Y,5,Block_ZIRP,ZIRP,block_cv,nor_govt_3y,shap_mean_abs,0.0,norway
NOR_5Y,5,Block_ZIRP,ZIRP,block_cv,nor_govt_5y,shap_mean_abs,5.2394625527085736e-05,norway
NOR_5Y,5,Block_ZIRP,ZIRP,block_cv,nor_i44_chg_1d,shap_mean_abs,1.0121617378899828e-05,norway
NOR_5Y,5,Block_ZIRP,ZIRP,block_cv,nor_i44_level,shap_mean_abs,0.00031807966297492385,norway
NOR_5Y,5,Block_ZIRP,ZIRP,block_cv,nor_i44_mom_1m,shap_mean_abs,0.00011113343498436734,norway
NOR_5Y,5,Block_ZIRP,ZIRP,block_cv,nor_i44_mom_3m,shap_mean_abs,1.608419552212581e-05,norway
NOR_5Y,5,Block_ZIRP,ZIRP,block_cv,nor_i44_rvol_20d,shap_mean_abs,0.0,norway
NOR_5Y,5,Block_ZIRP,ZIRP,block_cv,nor_kpi_yoy,shap_mean_abs,0.00012389295443426818,norway
NOR_5Y,5,Block_ZIRP,ZIRP,block_cv,nor_kpijae_yoy,shap_mean_abs,0.0,norway
NOR_5Y,5,Block_ZIRP,ZIRP,block_cv,nor_nibor_nowa_spread,shap_mean_abs,0.0,norway
NOR_5Y,5,Block_ZIRP,ZIRP,block_cv,nor_nowa_level,shap_mean_abs,0.0,norway
NOR_5Y,5,Block_ZIRP,ZIRP,block_cv,nor_polrate_chg_1d,shap_mean_abs,0.0,norway
NOR_5Y,5,Block_ZIRP,ZIRP,block_cv,nor_polrate_days_since_chg,shap_mean_abs,0.0,norway
NOR_5Y,5,Block_ZIRP,ZIRP,block_cv,nor_polrate_level,shap_mean_abs,0.0,norway
NOR_5Y,5,Block_ZIRP,ZIRP,block_cv,nor_rb_rate_chg,shap_mean_abs,0.0,norway
NOR_5Y,5,Block_ZIRP,ZIRP,block_cv,nor_rb_rate_level,shap_mean_abs,0.0,norway
NOR_5Y,5,Block_ZIRP,ZIRP,block_cv,nor_unemp,shap_mean_abs,0.0,norway
NOR_5Y,5,Block_ZIRP,ZIRP,block_cv,nor_usdnok_chg_1d,shap_mean_abs,0.0,norway
NOR_5Y,5,Block_ZIRP,ZIRP,block_cv,nor_usdnok_level,shap_mean_abs,0.0,norway
NOR_5Y,5,Block_ZIRP,ZIRP,block_cv,nor_usdnok_mom_1m,shap_mean_abs,0.0,norway
NOR_5Y,5,Block_ZIRP,ZIRP,block_cv,nor_usdnok_mom_3m,shap_mean_abs,0.0006270240992307663,norway
NOR_5Y,5,Block_ZIRP,ZIRP,block_cv,nor_usdnok_rvol_20d,shap_mean_abs,0.0,norway
NOR_5Y,5,Block_ZIRP,ZIRP,block_cv,swap_govt_spread,shap_mean_abs,0.0002051972405752167,norway
NOR_5Y,5,Block_ZIRP,ZIRP,block_cv,xmpca_01,shap_mean_abs,1.209249603562057e-05,cross_market
NOR_5Y,5,Block_ZIRP,ZIRP,block_cv,xmpca_02,shap_mean_abs,3.143935828120448e-05,cross_market
NOR_5Y,5,Block_ZIRP,ZIRP,block_cv,xmpca_03,shap_mean_abs,4.713444286608137e-05,cross_market
NOR_5Y,5,Block_ZIRP,ZIRP,block_cv,xmpca_04,shap_mean_abs,1.8643855582922697e-05,cross_market
NOR_5Y,5,Block_ZIRP,ZIRP,block_cv,xmpca_05,shap_mean_abs,2.3853950551711023e-05,cross_market
NOR_5Y,5,Block_ZIRP,ZIRP,block_cv,xmpca_06,shap_mean_abs,8.374644676223397e-05,cross_market
NOR_5Y,5,Block_ZIRP,ZIRP,block_cv,xmpca_07,shap_mean_abs,0.0,cross_market
NOR_5Y,5,Block_ZIRP,ZIRP,block_cv,xmpca_08,shap_mean_abs,0.0,cross_market
NOR_5Y,5,Block_ZIRP,ZIRP,block_cv,xmpca_09,shap_mean_abs,9.956937901733909e-06,cross_market
NOR_5Y,5,Block_ZIRP,ZIRP,block_cv,xmpca_10,shap_mean_abs,2.182549360441044e-05,cross_market
NOR_5Y,5,Block_ZIRP,ZIRP,block_cv,xmpca_11,shap_mean_abs,1.8065473341266625e-05,cross_market
NOR_5Y,5,Block_ZIRP,ZIRP,block_cv,xmpca_12,shap_mean_abs,0.00035810834378935397,cross_market
NOR_5Y,5,Block_COVID,COVID,block_cv,chg_lag1,gain,0.006321609951555729,momentum
NOR_5Y,5,Block_COVID,COVID,block_cv,chg_lag2,gain,0.0027866987511515617,momentum
NOR_5Y,5,Block_COVID,COVID,block_cv,chg_lag3,gain,0.0031762192957103252,momentum
NOR_5Y,5,Block_COVID,COVID,block_cv,chg_lag4,gain,0.0,momentum
NOR_5Y,5,Block_COVID,COVID,block_cv,chg_lag5,gain,0.04826756939291954,momentum
NOR_5Y,5,Block_COVID,COVID,block_cv,carry_roll,gain,0.11319853365421295,carry_roll
NOR_5Y,5,Block_COVID,COVID,block_cv,mom_63d,gain,0.043600134551525116,momentum
NOR_5Y,5,Block_COVID,COVID,block_cv,mom_1m,gain,0.0,momentum
NOR_5Y,5,Block_COVID,COVID,block_cv,mom_3m,gain,0.0,momentum
NOR_5Y,5,Block_COVID,COVID,block_cv,mom_6m,gain,0.1032763123512268,momentum
NOR_5Y,5,Block_COVID,COVID,block_cv,mom_12m,gain,0.0,momentum
NOR_5Y,5,Block_COVID,COVID,block_cv,dev_ma_3m,gain,0.054457902908325195,curve
NOR_5Y,5,Block_COVID,COVID,block_cv,dev_ma_12m,gain,0.031321167945861816,curve
NOR_5Y,5,Block_COVID,COVID,block_cv,vol_20d,gain,0.1009613499045372,vol
NOR_5Y,5,Block_COVID,COVID,block_cv,vol_regime,gain,0.0,vol
NOR_5Y,5,Block_COVID,COVID,block_cv,vol_zscore,gain,0.0,vol
NOR_5Y,5,Block_COVID,COVID,block_cv,level_zscore,gain,0.0,curve
NOR_5Y,5,Block_COVID,COVID,block_cv,slope_10_1,gain,0.09373761713504791,curve
NOR_5Y,5,Block_COVID,COVID,block_cv,slope_10_5,gain,0.0,curve
NOR_5Y,5,Block_COVID,COVID,block_cv,slope_5_1,gain,0.04353976622223854,curve
NOR_5Y,5,Block_COVID,COVID,block_cv,sofr_mom_1m,gain,0.08930927515029907,macro
NOR_5Y,5,Block_COVID,COVID,block_cv,ibor_level,gain,0.0,macro
NOR_5Y,5,Block_COVID,COVID,block_cv,ibor_chg_1d,gain,0.03871820122003555,macro
NOR_5Y,5,Block_COVID,COVID,block_cv,ibor_mom_1m,gain,0.05099014937877655,macro
NOR_5Y,5,Block_COVID,COVID,block_cv,ibor_term_slope,gain,0.04320952296257019,macro
NOR_5Y,5,Block_COVID,COVID,block_cv,swap_ibor_basis,gain,0.08134693652391434,curve
NOR_5Y,5,Block_COVID,COVID,block_cv,move_level,gain,0.057105034589767456,vol
NOR_5Y,5,Block_COVID,COVID,block_cv,move_zscore,gain,0.016557225957512856,vol
NOR_5Y,5,Block_COVID,COVID,block_cv,vix_level,gain,0.05188978463411331,vol
NOR_5Y,5,Block_COVID,COVID,block_cv,vix_zscore,gain,0.0,vol
NOR_5Y,5,Block_COVID,COVID,block_cv,v2x_level,gain,0.10733988136053085,vol
NOR_5Y,5,Block_COVID,COVID,block_cv,vxn_level,gain,0.0,vol
NOR_5Y,5,Block_COVID,COVID,block_cv,ovx_level,gain,0.07289640605449677,vol
NOR_5Y,5,Block_COVID,COVID,block_cv,gvz_level,gain,0.07711400836706161,vol
NOR_5Y,5,Block_COVID,COVID,block_cv,spx_mom_1m,gain,0.0,macro
NOR_5Y,5,Block_COVID,COVID,block_cv,spx_mom_3m,gain,0.023981381207704544,macro
NOR_5Y,5,Block_COVID,COVID,block_cv,sx5e_mom_1m,gain,0.006894722580909729,macro
NOR_5Y,5,Block_COVID,COVID,block_cv,sx5e_mom_3m,gain,0.0,macro
NOR_5Y,5,Block_COVID,COVID,block_cv,mxwo_mom_1m,gain,0.0,macro
NOR_5Y,5,Block_COVID,COVID,block_cv,ndx_mom_1m,gain,0.07650076597929001,macro
NOR_5Y,5,Block_COVID,COVID,block_cv,oil_mom_1m,gain,0.0503627173602581,macro
NOR_5Y,5,Block_COVID,COVID,block_cv,oil_mom_3m,gain,0.0,macro
NOR_5Y,5,Block_COVID,COVID,block_cv,copper_mom_1m,gain,0.02841069921851158,macro
NOR_5Y,5,Block_COVID,COVID,block_cv,opec_prod,gain,0.09149251133203506,macro
NOR_5Y,5,Block_COVID,COVID,block_cv,natgas_mom_1m,gain,0.0,macro
NOR_5Y,5,Block_COVID,COVID,block_cv,be5y_level,gain,0.04103650152683258,macro
NOR_5Y,5,Block_COVID,COVID,block_cv,be10y_level,gain,0.07019495964050293,macro
NOR_5Y,5,Block_COVID,COVID,block_cv,be_slope,gain,0.0,macro
NOR_5Y,5,Block_COVID,COVID,block_cv,be5y_chg_1m,gain,0.0,macro
NOR_5Y,5,Block_COVID,COVID,block_cv,ig_spread,gain,0.0,credit
NOR_5Y,5,Block_COVID,COVID,block_cv,hy_spread,gain,0.0,credit
NOR_5Y,5,Block_COVID,COVID,block_cv,ig_chg_1m,gain,0.0,credit
NOR_5Y,5,Block_COVID,COVID,block_cv,hy_chg_1m,gain,0.0,credit
NOR_5Y,5,Block_COVID,COVID,block_cv,cpi_yoy,gain,0.0,macro
NOR_5Y,5,Block_COVID,COVID,block_cv,pce_core_chg,gain,0.09587412327528,macro
NOR_5Y,5,Block_COVID,COVID,block_cv,nfp_change,gain,0.24777400493621826,macro
NOR_5Y,5,Block_COVID,COVID,block_cv,pmi_us,gain,0.0,macro
NOR_5Y,5,Block_COVID,COVID,block_cv,pmi_eur,gain,0.20876872539520264,macro
NOR_5Y,5,Block_COVID,COVID,block_cv,unemp_eur,gain,0.0,macro
NOR_5Y,5,Block_COVID,COVID,block_cv,cpi_nsa_level,gain,0.0,macro
NOR_5Y,5,Block_COVID,COVID,block_cv,pce_core_level,gain,0.0,macro
NOR_5Y,5,Block_COVID,COVID,block_cv,eur_3m,gain,0.0,macro
NOR_5Y,5,Block_COVID,COVID,block_cv,eur_1w,gain,0.030999204143881798,macro
NOR_5Y,5,Block_COVID,COVID,block_cv,nor_ibor_1m,gain,0.0,norway
NOR_5Y,5,Block_COVID,COVID,block_cv,nor_ibor_6m,gain,0.06873080879449844,norway
NOR_5Y,5,Block_COVID,COVID,block_cv,nor_ecb_dfr_chg,gain,0.0,norway
NOR_5Y,5,Block_COVID,COVID,block_cv,nor_ecb_dfr_level,gain,0.0,norway
NOR_5Y,5,Block_COVID,COVID,block_cv,nor_eurnok_chg_1d,gain,0.15661105513572693,norway
NOR_5Y,5,Block_COVID,COVID,block_cv,nor_eurnok_level,gain,0.094059519469738,norway
NOR_5Y,5,Block_COVID,COVID,block_cv,nor_eurnok_mom_1m,gain,0.0,norway
NOR_5Y,5,Block_COVID,COVID,block_cv,nor_eurnok_mom_3m,gain,0.07124409079551697,norway
NOR_5Y,5,Block_COVID,COVID,block_cv,nor_eurnok_rvol_20d,gain,0.0,norway
NOR_5Y,5,Block_COVID,COVID,block_cv,nor_govt_10y,gain,0.0,norway
NOR_5Y,5,Block_COVID,COVID,block_cv,nor_govt_3y,gain,0.0,norway
NOR_5Y,5,Block_COVID,COVID,block_cv,nor_govt_5y,gain,0.0,norway
NOR_5Y,5,Block_COVID,COVID,block_cv,nor_i44_chg_1d,gain,0.0,norway
NOR_5Y,5,Block_COVID,COVID,block_cv,nor_i44_level,gain,0.0,norway
NOR_5Y,5,Block_COVID,COVID,block_cv,nor_i44_mom_1m,gain,0.17216353118419647,norway
NOR_5Y,5,Block_COVID,COVID,block_cv,nor_i44_mom_3m,gain,0.07963144779205322,norway
NOR_5Y,5,Block_COVID,COVID,block_cv,nor_i44_rvol_20d,gain,0.03845401853322983,norway
NOR_5Y,5,Block_COVID,COVID,block_cv,nor_kpi_yoy,gain,0.2588120698928833,norway
NOR_5Y,5,Block_COVID,COVID,block_cv,nor_kpijae_yoy,gain,0.0,norway
NOR_5Y,5,Block_COVID,COVID,block_cv,nor_nibor_nowa_spread,gain,0.0,norway
NOR_5Y,5,Block_COVID,COVID,block_cv,nor_nowa_level,gain,0.0,norway
NOR_5Y,5,Block_COVID,COVID,block_cv,nor_polrate_chg_1d,gain,0.0,norway
NOR_5Y,5,Block_COVID,COVID,block_cv,nor_polrate_days_since_chg,gain,0.06305160373449326,norway
NOR_5Y,5,Block_COVID,COVID,block_cv,nor_polrate_level,gain,0.0,norway
NOR_5Y,5,Block_COVID,COVID,block_cv,nor_rb_rate_chg,gain,0.0,norway
NOR_5Y,5,Block_COVID,COVID,block_cv,nor_rb_rate_level,gain,0.0,norway
NOR_5Y,5,Block_COVID,COVID,block_cv,nor_unemp,gain,0.0,norway
NOR_5Y,5,Block_COVID,COVID,block_cv,nor_usdnok_chg_1d,gain,0.00734180212020874,norway
NOR_5Y,5,Block_COVID,COVID,block_cv,nor_usdnok_level,gain,0.0,norway
NOR_5Y,5,Block_COVID,COVID,block_cv,nor_usdnok_mom_1m,gain,0.0,norway
NOR_5Y,5,Block_COVID,COVID,block_cv,nor_usdnok_mom_3m,gain,0.09982774406671524,norway
NOR_5Y,5,Block_COVID,COVID,block_cv,nor_usdnok_rvol_20d,gain,0.006962940096855164,norway
NOR_5Y,5,Block_COVID,COVID,block_cv,swap_govt_spread,gain,0.07335115224123001,norway
NOR_5Y,5,Block_COVID,COVID,block_cv,xmpca_01,gain,0.0,cross_market
NOR_5Y,5,Block_COVID,COVID,block_cv,xmpca_02,gain,0.02527126669883728,cross_market
NOR_5Y,5,Block_COVID,COVID,block_cv,xmpca_03,gain,0.0,cross_market
NOR_5Y,5,Block_COVID,COVID,block_cv,xmpca_04,gain,0.0,cross_market
NOR_5Y,5,Block_COVID,COVID,block_cv,xmpca_05,gain,0.11863343417644501,cross_market
NOR_5Y,5,Block_COVID,COVID,block_cv,xmpca_06,gain,0.0,cross_market
NOR_5Y,5,Block_COVID,COVID,block_cv,xmpca_07,gain,0.0,cross_market
NOR_5Y,5,Block_COVID,COVID,block_cv,xmpca_08,gain,0.0,cross_market
NOR_5Y,5,Block_COVID,COVID,block_cv,xmpca_09,gain,0.0015552341938018799,cross_market
NOR_5Y,5,Block_COVID,COVID,block_cv,xmpca_10,gain,0.0,cross_market
NOR_5Y,5,Block_COVID,COVID,block_cv,xmpca_11,gain,0.0,cross_market
NOR_5Y,5,Block_COVID,COVID,block_cv,xmpca_12,gain,0.03688259795308113,cross_market
NOR_5Y,5,Block_COVID,COVID,block_cv,chg_lag1,weight,5.0,momentum
NOR_5Y,5,Block_COVID,COVID,block_cv,chg_lag2,weight,3.0,momentum
NOR_5Y,5,Block_COVID,COVID,block_cv,chg_lag3,weight,2.0,momentum
NOR_5Y,5,Block_COVID,COVID,block_cv,chg_lag4,weight,0.0,momentum
NOR_5Y,5,Block_COVID,COVID,block_cv,chg_lag5,weight,2.0,momentum
NOR_5Y,5,Block_COVID,COVID,block_cv,carry_roll,weight,1.0,carry_roll
NOR_5Y,5,Block_COVID,COVID,block_cv,mom_63d,weight,2.0,momentum
NOR_5Y,5,Block_COVID,COVID,block_cv,mom_1m,weight,0.0,momentum
NOR_5Y,5,Block_COVID,COVID,block_cv,mom_3m,weight,0.0,momentum
NOR_5Y,5,Block_COVID,COVID,block_cv,mom_6m,weight,1.0,momentum
NOR_5Y,5,Block_COVID,COVID,block_cv,mom_12m,weight,0.0,momentum
NOR_5Y,5,Block_COVID,COVID,block_cv,dev_ma_3m,weight,1.0,curve
NOR_5Y,5,Block_COVID,COVID,block_cv,dev_ma_12m,weight,1.0,curve
NOR_5Y,5,Block_COVID,COVID,block_cv,vol_20d,weight,4.0,vol
NOR_5Y,5,Block_COVID,COVID,block_cv,vol_regime,weight,0.0,vol
NOR_5Y,5,Block_COVID,COVID,block_cv,vol_zscore,weight,0.0,vol
NOR_5Y,5,Block_COVID,COVID,block_cv,level_zscore,weight,0.0,curve
NOR_5Y,5,Block_COVID,COVID,block_cv,slope_10_1,weight,1.0,curve
NOR_5Y,5,Block_COVID,COVID,block_cv,slope_10_5,weight,0.0,curve
NOR_5Y,5,Block_COVID,COVID,block_cv,slope_5_1,weight,2.0,curve
NOR_5Y,5,Block_COVID,COVID,block_cv,sofr_mom_1m,weight,2.0,macro
NOR_5Y,5,Block_COVID,COVID,block_cv,ibor_level,weight,0.0,macro
NOR_5Y,5,Block_COVID,COVID,block_cv,ibor_chg_1d,weight,2.0,macro
NOR_5Y,5,Block_COVID,COVID,block_cv,ibor_mom_1m,weight,1.0,macro
NOR_5Y,5,Block_COVID,COVID,block_cv,ibor_term_slope,weight,1.0,macro
NOR_5Y,5,Block_COVID,COVID,block_cv,swap_ibor_basis,weight,3.0,curve
NOR_5Y,5,Block_COVID,COVID,block_cv,move_level,weight,1.0,vol
NOR_5Y,5,Block_COVID,COVID,block_cv,move_zscore,weight,1.0,vol
NOR_5Y,5,Block_COVID,COVID,block_cv,vix_level,weight,2.0,vol
NOR_5Y,5,Block_COVID,COVID,block_cv,vix_zscore,weight,0.0,vol
NOR_5Y,5,Block_COVID,COVID,block_cv,v2x_level,weight,1.0,vol
NOR_5Y,5,Block_COVID,COVID,block_cv,vxn_level,weight,0.0,vol
NOR_5Y,5,Block_COVID,COVID,block_cv,ovx_level,weight,1.0,vol
NOR_5Y,5,Block_COVID,COVID,block_cv,gvz_level,weight,3.0,vol
NOR_5Y,5,Block_COVID,COVID,block_cv,spx_mom_1m,weight,0.0,macro
NOR_5Y,5,Block_COVID,COVID,block_cv,spx_mom_3m,weight,1.0,macro
NOR_5Y,5,Block_COVID,COVID,block_cv,sx5e_mom_1m,weight,1.0,macro
NOR_5Y,5,Block_COVID,COVID,block_cv,sx5e_mom_3m,weight,0.0,macro
NOR_5Y,5,Block_COVID,COVID,block_cv,mxwo_mom_1m,weight,0.0,macro
NOR_5Y,5,Block_COVID,COVID,block_cv,ndx_mom_1m,weight,1.0,macro
NOR_5Y,5,Block_COVID,COVID,block_cv,oil_mom_1m,weight,6.0,macro
NOR_5Y,5,Block_COVID,COVID,block_cv,oil_mom_3m,weight,0.0,macro
NOR_5Y,5,Block_COVID,COVID,block_cv,copper_mom_1m,weight,1.0,macro
NOR_5Y,5,Block_COVID,COVID,block_cv,opec_prod,weight,2.0,macro
NOR_5Y,5,Block_COVID,COVID,block_cv,natgas_mom_1m,weight,0.0,macro
NOR_5Y,5,Block_COVID,COVID,block_cv,be5y_level,weight,1.0,macro
NOR_5Y,5,Block_COVID,COVID,block_cv,be10y_level,weight,1.0,macro
NOR_5Y,5,Block_COVID,COVID,block_cv,be_slope,weight,0.0,macro
NOR_5Y,5,Block_COVID,COVID,block_cv,be5y_chg_1m,weight,0.0,macro
NOR_5Y,5,Block_COVID,COVID,block_cv,ig_spread,weight,0.0,credit
NOR_5Y,5,Block_COVID,COVID,block_cv,hy_spread,weight,0.0,credit
NOR_5Y,5,Block_COVID,COVID,block_cv,ig_chg_1m,weight,0.0,credit
NOR_5Y,5,Block_COVID,COVID,block_cv,hy_chg_1m,weight,0.0,credit
NOR_5Y,5,Block_COVID,COVID,block_cv,cpi_yoy,weight,0.0,macro
NOR_5Y,5,Block_COVID,COVID,block_cv,pce_core_chg,weight,1.0,macro
NOR_5Y,5,Block_COVID,COVID,block_cv,nfp_change,weight,2.0,macro
NOR_5Y,5,Block_COVID,COVID,block_cv,pmi_us,weight,0.0,macro
NOR_5Y,5,Block_COVID,COVID,block_cv,pmi_eur,weight,2.0,macro
NOR_5Y,5,Block_COVID,COVID,block_cv,unemp_eur,weight,0.0,macro
NOR_5Y,5,Block_COVID,COVID,block_cv,cpi_nsa_level,weight,0.0,macro
NOR_5Y,5,Block_COVID,COVID,block_cv,pce_core_level,weight,0.0,macro
NOR_5Y,5,Block_COVID,COVID,block_cv,eur_3m,weight,0.0,macro
NOR_5Y,5,Block_COVID,COVID,block_cv,eur_1w,weight,1.0,macro
NOR_5Y,5,Block_COVID,COVID,block_cv,nor_ibor_1m,weight,0.0,norway
NOR_5Y,5,Block_COVID,COVID,block_cv,nor_ibor_6m,weight,1.0,norway
NOR_5Y,5,Block_COVID,COVID,block_cv,nor_ecb_dfr_chg,weight,0.0,norway
NOR_5Y,5,Block_COVID,COVID,block_cv,nor_ecb_dfr_level,weight,0.0,norway
NOR_5Y,5,Block_COVID,COVID,block_cv,nor_eurnok_chg_1d,weight,1.0,norway
NOR_5Y,5,Block_COVID,COVID,block_cv,nor_eurnok_level,weight,3.0,norway
NOR_5Y,5,Block_COVID,COVID,block_cv,nor_eurnok_mom_1m,weight,0.0,norway
NOR_5Y,5,Block_COVID,COVID,block_cv,nor_eurnok_mom_3m,weight,1.0,norway
NOR_5Y,5,Block_COVID,COVID,block_cv,nor_eurnok_rvol_20d,weight,0.0,norway
NOR_5Y,5,Block_COVID,COVID,block_cv,nor_govt_10y,weight,0.0,norway
NOR_5Y,5,Block_COVID,COVID,block_cv,nor_govt_3y,weight,0.0,norway
NOR_5Y,5,Block_COVID,COVID,block_cv,nor_govt_5y,weight,0.0,norway
NOR_5Y,5,Block_COVID,COVID,block_cv,nor_i44_chg_1d,weight,0.0,norway
NOR_5Y,5,Block_COVID,COVID,block_cv,nor_i44_level,weight,0.0,norway
NOR_5Y,5,Block_COVID,COVID,block_cv,nor_i44_mom_1m,weight,2.0,norway
NOR_5Y,5,Block_COVID,COVID,block_cv,nor_i44_mom_3m,weight,2.0,norway
NOR_5Y,5,Block_COVID,COVID,block_cv,nor_i44_rvol_20d,weight,2.0,norway
NOR_5Y,5,Block_COVID,COVID,block_cv,nor_kpi_yoy,weight,1.0,norway
NOR_5Y,5,Block_COVID,COVID,block_cv,nor_kpijae_yoy,weight,0.0,norway
NOR_5Y,5,Block_COVID,COVID,block_cv,nor_nibor_nowa_spread,weight,0.0,norway
NOR_5Y,5,Block_COVID,COVID,block_cv,nor_nowa_level,weight,0.0,norway
NOR_5Y,5,Block_COVID,COVID,block_cv,nor_polrate_chg_1d,weight,0.0,norway
NOR_5Y,5,Block_COVID,COVID,block_cv,nor_polrate_days_since_chg,weight,1.0,norway
NOR_5Y,5,Block_COVID,COVID,block_cv,nor_polrate_level,weight,0.0,norway
NOR_5Y,5,Block_COVID,COVID,block_cv,nor_rb_rate_chg,weight,0.0,norway
NOR_5Y,5,Block_COVID,COVID,block_cv,nor_rb_rate_level,weight,0.0,norway
NOR_5Y,5,Block_COVID,COVID,block_cv,nor_unemp,weight,0.0,norway
NOR_5Y,5,Block_COVID,COVID,block_cv,nor_usdnok_chg_1d,weight,2.0,norway
NOR_5Y,5,Block_COVID,COVID,block_cv,nor_usdnok_level,weight,0.0,norway
NOR_5Y,5,Block_COVID,COVID,block_cv,nor_usdnok_mom_1m,weight,0.0,norway
NOR_5Y,5,Block_COVID,COVID,block_cv,nor_usdnok_mom_3m,weight,5.0,norway
NOR_5Y,5,Block_COVID,COVID,block_cv,nor_usdnok_rvol_20d,weight,1.0,norway
NOR_5Y,5,Block_COVID,COVID,block_cv,swap_govt_spread,weight,3.0,norway
NOR_5Y,5,Block_COVID,COVID,block_cv,xmpca_01,weight,0.0,cross_market
NOR_5Y,5,Block_COVID,COVID,block_cv,xmpca_02,weight,1.0,cross_market
NOR_5Y,5,Block_COVID,COVID,block_cv,xmpca_03,weight,0.0,cross_market
NOR_5Y,5,Block_COVID,COVID,block_cv,xmpca_04,weight,0.0,cross_market
NOR_5Y,5,Block_COVID,COVID,block_cv,xmpca_05,weight,2.0,cross_market
NOR_5Y,5,Block_COVID,COVID,block_cv,xmpca_06,weight,0.0,cross_market
NOR_5Y,5,Block_COVID,COVID,block_cv,xmpca_07,weight,0.0,cross_market
NOR_5Y,5,Block_COVID,COVID,block_cv,xmpca_08,weight,0.0,cross_market
NOR_5Y,5,Block_COVID,COVID,block_cv,xmpca_09,weight,1.0,cross_market
NOR_5Y,5,Block_COVID,COVID,block_cv,xmpca_10,weight,0.0,cross_market
NOR_5Y,5,Block_COVID,COVID,block_cv,xmpca_11,weight,0.0,cross_market
NOR_5Y,5,Block_COVID,COVID,block_cv,xmpca_12,weight,2.0,cross_market
NOR_5Y,5,Block_COVID,COVID,block_cv,chg_lag1,cover,10.0,momentum
NOR_5Y,5,Block_COVID,COVID,block_cv,chg_lag2,cover,4.333333492279053,momentum
NOR_5Y,5,Block_COVID,COVID,block_cv,chg_lag3,cover,9.5,momentum
NOR_5Y,5,Block_COVID,COVID,block_cv,chg_lag4,cover,0.0,momentum
NOR_5Y,5,Block_COVID,COVID,block_cv,chg_lag5,cover,123.5,momentum
NOR_5Y,5,Block_COVID,COVID,block_cv,carry_roll,cover,1959.0,carry_roll
NOR_5Y,5,Block_COVID,COVID,block_cv,mom_63d,cover,999.0,momentum
NOR_5Y,5,Block_COVID,COVID,block_cv,mom_1m,cover,0.0,momentum
NOR_5Y,5,Block_COVID,COVID,block_cv,mom_3m,cover,0.0,momentum
NOR_5Y,5,Block_COVID,COVID,block_cv,mom_6m,cover,73.0,momentum
NOR_5Y,5,Block_COVID,COVID,block_cv,mom_12m,cover,0.0,momentum
NOR_5Y,5,Block_COVID,COVID,block_cv,dev_ma_3m,cover,35.0,curve
NOR_5Y,5,Block_COVID,COVID,block_cv,dev_ma_12m,cover,46.0,curve
NOR_5Y,5,Block_COVID,COVID,block_cv,vol_20d,cover,1082.75,vol
NOR_5Y,5,Block_COVID,COVID,block_cv,vol_regime,cover,0.0,vol
NOR_5Y,5,Block_COVID,COVID,block_cv,vol_zscore,cover,0.0,vol
NOR_5Y,5,Block_COVID,COVID,block_cv,level_zscore,cover,0.0,curve
NOR_5Y,5,Block_COVID,COVID,block_cv,slope_10_1,cover,1127.0,curve
NOR_5Y,5,Block_COVID,COVID,block_cv,slope_10_5,cover,0.0,curve
NOR_5Y,5,Block_COVID,COVID,block_cv,slope_5_1,cover,785.0,curve
NOR_5Y,5,Block_COVID,COVID,block_cv,sofr_mom_1m,cover,1710.5,macro
NOR_5Y,5,Block_COVID,COVID,block_cv,ibor_level,cover,0.0,macro
NOR_5Y,5,Block_COVID,COVID,block_cv,ibor_chg_1d,cover,32.0,macro
NOR_5Y,5,Block_COVID,COVID,block_cv,ibor_mom_1m,cover,77.0,macro
NOR_5Y,5,Block_COVID,COVID,block_cv,ibor_term_slope,cover,33.0,macro
NOR_5Y,5,Block_COVID,COVID,block_cv,swap_ibor_basis,cover,1426.6666259765625,curve
NOR_5Y,5,Block_COVID,COVID,block_cv,move_level,cover,26.0,vol
NOR_5Y,5,Block_COVID,COVID,block_cv,move_zscore,cover,21.0,vol
NOR_5Y,5,Block_COVID,COVID,block_cv,vix_level,cover,26.5,vol
NOR_5Y,5,Block_COVID,COVID,block_cv,vix_zscore,cover,0.0,vol
NOR_5Y,5,Block_COVID,COVID,block_cv,v2x_level,cover,2120.0,vol
NOR_5Y,5,Block_COVID,COVID,block_cv,vxn_level,cover,0.0,vol
NOR_5Y,5,Block_COVID,COVID,block_cv,ovx_level,cover,316.0,vol
NOR_5Y,5,Block_COVID,COVID,block_cv,gvz_level,cover,708.6666870117188,vol
NOR_5Y,5,Block_COVID,COVID,block_cv,spx_mom_1m,cover,0.0,macro
NOR_5Y,5,Block_COVID,COVID,block_cv,spx_mom_3m,cover,86.0,macro
NOR_5Y,5,Block_COVID,COVID,block_cv,sx5e_mom_1m,cover,13.0,macro
NOR_5Y,5,Block_COVID,COVID,block_cv,sx5e_mom_3m,cover,0.0,macro
NOR_5Y,5,Block_COVID,COVID,block_cv,mxwo_mom_1m,cover,0.0,macro
NOR_5Y,5,Block_COVID,COVID,block_cv,ndx_mom_1m,cover,1785.0,macro
NOR_5Y,5,Block_COVID,COVID,block_cv,oil_mom_1m,cover,396.8333435058594,macro
NOR_5Y,5,Block_COVID,COVID,block_cv,oil_mom_3m,cover,0.0,macro
NOR_5Y,5,Block_COVID,COVID,block_cv,copper_mom_1m,cover,22.0,macro
NOR_5Y,5,Block_COVID,COVID,block_cv,opec_prod,cover,1169.5,macro
NOR_5Y,5,Block_COVID,COVID,block_cv,natgas_mom_1m,cover,0.0,macro
NOR_5Y,5,Block_COVID,COVID,block_cv,be5y_level,cover,56.0,macro
NOR_5Y,5,Block_COVID,COVID,block_cv,be10y_level,cover,37.0,macro
NOR_5Y,5,Block_COVID,COVID,block_cv,be_slope,cover,0.0,macro
NOR_5Y,5,Block_COVID,COVID,block_cv,be5y_chg_1m,cover,0.0,macro
NOR_5Y,5,Block_COVID,COVID,block_cv,ig_spread,cover,0.0,credit
NOR_5Y,5,Block_COVID,COVID,block_cv,hy_spread,cover,0.0,credit
NOR_5Y,5,Block_COVID,COVID,block_cv,ig_chg_1m,cover,0.0,credit
NOR_5Y,5,Block_COVID,COVID,block_cv,hy_chg_1m,cover,0.0,credit
NOR_5Y,5,Block_COVID,COVID,block_cv,cpi_yoy,cover,0.0,macro
NOR_5Y,5,Block_COVID,COVID,block_cv,pce_core_chg,cover,2285.0,macro
NOR_5Y,5,Block_COVID,COVID,block_cv,nfp_change,cover,2347.5,macro
NOR_5Y,5,Block_COVID,COVID,block_cv,pmi_us,cover,0.0,macro
NOR_5Y,5,Block_COVID,COVID,block_cv,pmi_eur,cover,2349.5,macro
NOR_5Y,5,Block_COVID,COVID,block_cv,unemp_eur,cover,0.0,macro
NOR_5Y,5,Block_COVID,COVID,block_cv,cpi_nsa_level,cover,0.0,macro
NOR_5Y,5,Block_COVID,COVID,block_cv,pce_core_level,cover,0.0,macro
NOR_5Y,5,Block_COVID,COVID,block_cv,eur_3m,cover,0.0,macro
NOR_5Y,5,Block_COVID,COVID,block_cv,eur_1w,cover,31.0,macro
NOR_5Y,5,Block_COVID,COVID,block_cv,nor_ibor_1m,cover,0.0,norway
NOR_5Y,5,Block_COVID,COVID,block_cv,nor_ibor_6m,cover,531.0,norway
NOR_5Y,5,Block_COVID,COVID,block_cv,nor_ecb_dfr_chg,cover,0.0,norway
NOR_5Y,5,Block_COVID,COVID,block_cv,nor_ecb_dfr_level,cover,0.0,norway
NOR_5Y,5,Block_COVID,COVID,block_cv,nor_eurnok_chg_1d,cover,74.0,norway
NOR_5Y,5,Block_COVID,COVID,block_cv,nor_eurnok_level,cover,42.0,norway
NOR_5Y,5,Block_COVID,COVID,block_cv,nor_eurnok_mom_1m,cover,0.0,norway
NOR_5Y,5,Block_COVID,COVID,block_cv,nor_eurnok_mom_3m,cover,30.0,norway
NOR_5Y,5,Block_COVID,COVID,block_cv,nor_eurnok_rvol_20d,cover,0.0,norway
NOR_5Y,5,Block_COVID,COVID,block_cv,nor_govt_10y,cover,0.0,norway
NOR_5Y,5,Block_COVID,COVID,block_cv,nor_govt_3y,cover,0.0,norway
NOR_5Y,5,Block_COVID,COVID,block_cv,nor_govt_5y,cover,0.0,norway
NOR_5Y,5,Block_COVID,COVID,block_cv,nor_i44_chg_1d,cover,0.0,norway
NOR_5Y,5,Block_COVID,COVID,block_cv,nor_i44_level,cover,0.0,norway
NOR_5Y,5,Block_COVID,COVID,block_cv,nor_i44_mom_1m,cover,177.5,norway
NOR_5Y,5,Block_COVID,COVID,block_cv,nor_i44_mom_3m,cover,39.0,norway
NOR_5Y,5,Block_COVID,COVID,block_cv,nor_i44_rvol_20d,cover,31.5,norway
NOR_5Y,5,Block_COVID,COVID,block_cv,nor_kpi_yoy,cover,213.0,norway
NOR_5Y,5,Block_COVID,COVID,block_cv,nor_kpijae_yoy,cover,0.0,norway
NOR_5Y,5,Block_COVID,COVID,block_cv,nor_nibor_nowa_spread,cover,0.0,norway
NOR_5Y,5,Block_COVID,COVID,block_cv,nor_nowa_level,cover,0.0,norway
NOR_5Y,5,Block_COVID,COVID,block_cv,nor_polrate_chg_1d,cover,0.0,norway
NOR_5Y,5,Block_COVID,COVID,block_cv,nor_polrate_days_since_chg,cover,26.0,norway
NOR_5Y,5,Block_COVID,COVID,block_cv,nor_polrate_level,cover,0.0,norway
NOR_5Y,5,Block_COVID,COVID,block_cv,nor_rb_rate_chg,cover,0.0,norway
NOR_5Y,5,Block_COVID,COVID,block_cv,nor_rb_rate_level,cover,0.0,norway
NOR_5Y,5,Block_COVID,COVID,block_cv,nor_unemp,cover,0.0,norway
NOR_5Y,5,Block_COVID,COVID,block_cv,nor_usdnok_chg_1d,cover,23.0,norway
NOR_5Y,5,Block_COVID,COVID,block_cv,nor_usdnok_level,cover,0.0,norway
NOR_5Y,5,Block_COVID,COVID,block_cv,nor_usdnok_mom_1m,cover,0.0,norway
NOR_5Y,5,Block_COVID,COVID,block_cv,nor_usdnok_mom_3m,cover,499.3999938964844,norway
NOR_5Y,5,Block_COVID,COVID,block_cv,nor_usdnok_rvol_20d,cover,22.0,norway
NOR_5Y,5,Block_COVID,COVID,block_cv,swap_govt_spread,cover,65.0,norway
NOR_5Y,5,Block_COVID,COVID,block_cv,xmpca_01,cover,0.0,cross_market
NOR_5Y,5,Block_COVID,COVID,block_cv,xmpca_02,cover,17.0,cross_market
NOR_5Y,5,Block_COVID,COVID,block_cv,xmpca_03,cover,0.0,cross_market
NOR_5Y,5,Block_COVID,COVID,block_cv,xmpca_04,cover,0.0,cross_market
NOR_5Y,5,Block_COVID,COVID,block_cv,xmpca_05,cover,65.5,cross_market
NOR_5Y,5,Block_COVID,COVID,block_cv,xmpca_06,cover,0.0,cross_market
NOR_5Y,5,Block_COVID,COVID,block_cv,xmpca_07,cover,0.0,cross_market
NOR_5Y,5,Block_COVID,COVID,block_cv,xmpca_08,cover,0.0,cross_market
NOR_5Y,5,Block_COVID,COVID,block_cv,xmpca_09,cover,23.0,cross_market
NOR_5Y,5,Block_COVID,COVID,block_cv,xmpca_10,cover,0.0,cross_market
NOR_5Y,5,Block_COVID,COVID,block_cv,xmpca_11,cover,0.0,cross_market
NOR_5Y,5,Block_COVID,COVID,block_cv,xmpca_12,cover,23.0,cross_market
NOR_5Y,5,Block_COVID,COVID,block_cv,chg_lag1,total_gain,0.03160804882645607,momentum
NOR_5Y,5,Block_COVID,COVID,block_cv,chg_lag2,total_gain,0.008360096253454685,momentum
NOR_5Y,5,Block_COVID,COVID,block_cv,chg_lag3,total_gain,0.0063524385914206505,momentum
NOR_5Y,5,Block_COVID,COVID,block_cv,chg_lag4,total_gain,0.0,momentum
NOR_5Y,5,Block_COVID,COVID,block_cv,chg_lag5,total_gain,0.09653513878583908,momentum
NOR_5Y,5,Block_COVID,COVID,block_cv,carry_roll,total_gain,0.11319853365421295,carry_roll
NOR_5Y,5,Block_COVID,COVID,block_cv,mom_63d,total_gain,0.08720026910305023,momentum
NOR_5Y,5,Block_COVID,COVID,block_cv,mom_1m,total_gain,0.0,momentum
NOR_5Y,5,Block_COVID,COVID,block_cv,mom_3m,total_gain,0.0,momentum
NOR_5Y,5,Block_COVID,COVID,block_cv,mom_6m,total_gain,0.1032763123512268,momentum
NOR_5Y,5,Block_COVID,COVID,block_cv,mom_12m,total_gain,0.0,momentum
NOR_5Y,5,Block_COVID,COVID,block_cv,dev_ma_3m,total_gain,0.054457902908325195,curve
NOR_5Y,5,Block_COVID,COVID,block_cv,dev_ma_12m,total_gain,0.031321167945861816,curve
NOR_5Y,5,Block_COVID,COVID,block_cv,vol_20d,total_gain,0.4038453996181488,vol
NOR_5Y,5,Block_COVID,COVID,block_cv,vol_regime,total_gain,0.0,vol
NOR_5Y,5,Block_COVID,COVID,block_cv,vol_zscore,total_gain,0.0,vol
NOR_5Y,5,Block_COVID,COVID,block_cv,level_zscore,total_gain,0.0,curve
NOR_5Y,5,Block_COVID,COVID,block_cv,slope_10_1,total_gain,0.09373761713504791,curve
NOR_5Y,5,Block_COVID,COVID,block_cv,slope_10_5,total_gain,0.0,curve
NOR_5Y,5,Block_COVID,COVID,block_cv,slope_5_1,total_gain,0.08707953244447708,curve
NOR_5Y,5,Block_COVID,COVID,block_cv,sofr_mom_1m,total_gain,0.17861855030059814,macro
NOR_5Y,5,Block_COVID,COVID,block_cv,ibor_level,total_gain,0.0,macro
NOR_5Y,5,Block_COVID,COVID,block_cv,ibor_chg_1d,total_gain,0.0774364024400711,macro
NOR_5Y,5,Block_COVID,COVID,block_cv,ibor_mom_1m,total_gain,0.05099014937877655,macro
NOR_5Y,5,Block_COVID,COVID,block_cv,ibor_term_slope,total_gain,0.04320952296257019,macro
NOR_5Y,5,Block_COVID,COVID,block_cv,swap_ibor_basis,total_gain,0.2440408170223236,curve
NOR_5Y,5,Block_COVID,COVID,block_cv,move_level,total_gain,0.057105034589767456,vol
NOR_5Y,5,Block_COVID,COVID,block_cv,move_zscore,total_gain,0.016557225957512856,vol
NOR_5Y,5,Block_COVID,COVID,block_cv,vix_level,total_gain,0.10377956926822662,vol
NOR_5Y,5,Block_COVID,COVID,block_cv,vix_zscore,total_gain,0.0,vol
NOR_5Y,5,Block_COVID,COVID,block_cv,v2x_level,total_gain,0.10733988136053085,vol
NOR_5Y,5,Block_COVID,COVID,block_cv,vxn_level,total_gain,0.0,vol
NOR_5Y,5,Block_COVID,COVID,block_cv,ovx_level,total_gain,0.07289640605449677,vol
NOR_5Y,5,Block_COVID,COVID,block_cv,gvz_level,total_gain,0.23134201765060425,vol
NOR_5Y,5,Block_COVID,COVID,block_cv,spx_mom_1m,total_gain,0.0,macro
NOR_5Y,5,Block_COVID,COVID,block_cv,spx_mom_3m,total_gain,0.023981381207704544,macro
NOR_5Y,5,Block_COVID,COVID,block_cv,sx5e_mom_1m,total_gain,0.006894722580909729,macro
NOR_5Y,5,Block_COVID,COVID,block_cv,sx5e_mom_3m,total_gain,0.0,macro
NOR_5Y,5,Block_COVID,COVID,block_cv,mxwo_mom_1m,total_gain,0.0,macro
NOR_5Y,5,Block_COVID,COVID,block_cv,ndx_mom_1m,total_gain,0.07650076597929001,macro
NOR_5Y,5,Block_COVID,COVID,block_cv,oil_mom_1m,total_gain,0.302176296710968,macro
NOR_5Y,5,Block_COVID,COVID,block_cv,oil_mom_3m,total_gain,0.0,macro
NOR_5Y,5,Block_COVID,COVID,block_cv,copper_mom_1m,total_gain,0.02841069921851158,macro
NOR_5Y,5,Block_COVID,COVID,block_cv,opec_prod,total_gain,0.18298502266407013,macro
NOR_5Y,5,Block_COVID,COVID,block_cv,natgas_mom_1m,total_gain,0.0,macro
NOR_5Y,5,Block_COVID,COVID,block_cv,be5y_level,total_gain,0.04103650152683258,macro
NOR_5Y,5,Block_COVID,COVID,block_cv,be10y_level,total_gain,0.07019495964050293,macro
NOR_5Y,5,Block_COVID,COVID,block_cv,be_slope,total_gain,0.0,macro
NOR_5Y,5,Block_COVID,COVID,block_cv,be5y_chg_1m,total_gain,0.0,macro
NOR_5Y,5,Block_COVID,COVID,block_cv,ig_spread,total_gain,0.0,credit
NOR_5Y,5,Block_COVID,COVID,block_cv,hy_spread,total_gain,0.0,credit
NOR_5Y,5,Block_COVID,COVID,block_cv,ig_chg_1m,total_gain,0.0,credit
NOR_5Y,5,Block_COVID,COVID,block_cv,hy_chg_1m,total_gain,0.0,credit
NOR_5Y,5,Block_COVID,COVID,block_cv,cpi_yoy,total_gain,0.0,macro
NOR_5Y,5,Block_COVID,COVID,block_cv,pce_core_chg,total_gain,0.09587412327528,macro
NOR_5Y,5,Block_COVID,COVID,block_cv,nfp_change,total_gain,0.4955480098724365,macro
NOR_5Y,5,Block_COVID,COVID,block_cv,pmi_us,total_gain,0.0,macro
NOR_5Y,5,Block_COVID,COVID,block_cv,pmi_eur,total_gain,0.4175374507904053,macro
NOR_5Y,5,Block_COVID,COVID,block_cv,unemp_eur,total_gain,0.0,macro
NOR_5Y,5,Block_COVID,COVID,block_cv,cpi_nsa_level,total_gain,0.0,macro
NOR_5Y,5,Block_COVID,COVID,block_cv,pce_core_level,total_gain,0.0,macro
NOR_5Y,5,Block_COVID,COVID,block_cv,eur_3m,total_gain,0.0,macro
NOR_5Y,5,Block_COVID,COVID,block_cv,eur_1w,total_gain,0.030999204143881798,macro
NOR_5Y,5,Block_COVID,COVID,block_cv,nor_ibor_1m,total_gain,0.0,norway
NOR_5Y,5,Block_COVID,COVID,block_cv,nor_ibor_6m,total_gain,0.06873080879449844,norway
NOR_5Y,5,Block_COVID,COVID,block_cv,nor_ecb_dfr_chg,total_gain,0.0,norway
NOR_5Y,5,Block_COVID,COVID,block_cv,nor_ecb_dfr_level,total_gain,0.0,norway
NOR_5Y,5,Block_COVID,COVID,block_cv,nor_eurnok_chg_1d,total_gain,0.15661105513572693,norway
NOR_5Y,5,Block_COVID,COVID,block_cv,nor_eurnok_level,total_gain,0.2821785509586334,norway
NOR_5Y,5,Block_COVID,COVID,block_cv,nor_eurnok_mom_1m,total_gain,0.0,norway
NOR_5Y,5,Block_COVID,COVID,block_cv,nor_eurnok_mom_3m,total_gain,0.07124409079551697,norway
NOR_5Y,5,Block_COVID,COVID,block_cv,nor_eurnok_rvol_20d,total_gain,0.0,norway
NOR_5Y,5,Block_COVID,COVID,block_cv,nor_govt_10y,total_gain,0.0,norway
NOR_5Y,5,Block_COVID,COVID,block_cv,nor_govt_3y,total_gain,0.0,norway
NOR_5Y,5,Block_COVID,COVID,block_cv,nor_govt_5y,total_gain,0.0,norway
NOR_5Y,5,Block_COVID,COVID,block_cv,nor_i44_chg_1d,total_gain,0.0,norway
NOR_5Y,5,Block_COVID,COVID,block_cv,nor_i44_level,total_gain,0.0,norway
NOR_5Y,5,Block_COVID,COVID,block_cv,nor_i44_mom_1m,total_gain,0.34432706236839294,norway
NOR_5Y,5,Block_COVID,COVID,block_cv,nor_i44_mom_3m,total_gain,0.15926289558410645,norway
NOR_5Y,5,Block_COVID,COVID,block_cv,nor_i44_rvol_20d,total_gain,0.07690803706645966,norway
NOR_5Y,5,Block_COVID,COVID,block_cv,nor_kpi_yoy,total_gain,0.2588120698928833,norway
NOR_5Y,5,Block_COVID,COVID,block_cv,nor_kpijae_yoy,total_gain,0.0,norway
NOR_5Y,5,Block_COVID,COVID,block_cv,nor_nibor_nowa_spread,total_gain,0.0,norway
NOR_5Y,5,Block_COVID,COVID,block_cv,nor_nowa_level,total_gain,0.0,norway
NOR_5Y,5,Block_COVID,COVID,block_cv,nor_polrate_chg_1d,total_gain,0.0,norway
NOR_5Y,5,Block_COVID,COVID,block_cv,nor_polrate_days_since_chg,total_gain,0.06305160373449326,norway
NOR_5Y,5,Block_COVID,COVID,block_cv,nor_polrate_level,total_gain,0.0,norway
NOR_5Y,5,Block_COVID,COVID,block_cv,nor_rb_rate_chg,total_gain,0.0,norway
NOR_5Y,5,Block_COVID,COVID,block_cv,nor_rb_rate_level,total_gain,0.0,norway
NOR_5Y,5,Block_COVID,COVID,block_cv,nor_unemp,total_gain,0.0,norway
NOR_5Y,5,Block_COVID,COVID,block_cv,nor_usdnok_chg_1d,total_gain,0.01468360424041748,norway
NOR_5Y,5,Block_COVID,COVID,block_cv,nor_usdnok_level,total_gain,0.0,norway
NOR_5Y,5,Block_COVID,COVID,block_cv,nor_usdnok_mom_1m,total_gain,0.0,norway
NOR_5Y,5,Block_COVID,COVID,block_cv,nor_usdnok_mom_3m,total_gain,0.4991387128829956,norway
NOR_5Y,5,Block_COVID,COVID,block_cv,nor_usdnok_rvol_20d,total_gain,0.006962940096855164,norway
NOR_5Y,5,Block_COVID,COVID,block_cv,swap_govt_spread,total_gain,0.22005346417427063,norway
NOR_5Y,5,Block_COVID,COVID,block_cv,xmpca_01,total_gain,0.0,cross_market
NOR_5Y,5,Block_COVID,COVID,block_cv,xmpca_02,total_gain,0.02527126669883728,cross_market
NOR_5Y,5,Block_COVID,COVID,block_cv,xmpca_03,total_gain,0.0,cross_market
NOR_5Y,5,Block_COVID,COVID,block_cv,xmpca_04,total_gain,0.0,cross_market
NOR_5Y,5,Block_COVID,COVID,block_cv,xmpca_05,total_gain,0.23726686835289001,cross_market
NOR_5Y,5,Block_COVID,COVID,block_cv,xmpca_06,total_gain,0.0,cross_market
NOR_5Y,5,Block_COVID,COVID,block_cv,xmpca_07,total_gain,0.0,cross_market
NOR_5Y,5,Block_COVID,COVID,block_cv,xmpca_08,total_gain,0.0,cross_market
NOR_5Y,5,Block_COVID,COVID,block_cv,xmpca_09,total_gain,0.0015552341938018799,cross_market
NOR_5Y,5,Block_COVID,COVID,block_cv,xmpca_10,total_gain,0.0,cross_market
NOR_5Y,5,Block_COVID,COVID,block_cv,xmpca_11,total_gain,0.0,cross_market
NOR_5Y,5,Block_COVID,COVID,block_cv,xmpca_12,total_gain,0.07376519590616226,cross_market
NOR_5Y,5,Block_COVID,COVID,block_cv,chg_lag1,total_cover,50.0,momentum
NOR_5Y,5,Block_COVID,COVID,block_cv,chg_lag2,total_cover,13.0,momentum
NOR_5Y,5,Block_COVID,COVID,block_cv,chg_lag3,total_cover,19.0,momentum
NOR_5Y,5,Block_COVID,COVID,block_cv,chg_lag4,total_cover,0.0,momentum
NOR_5Y,5,Block_COVID,COVID,block_cv,chg_lag5,total_cover,247.0,momentum
NOR_5Y,5,Block_COVID,COVID,block_cv,carry_roll,total_cover,1959.0,carry_roll
NOR_5Y,5,Block_COVID,COVID,block_cv,mom_63d,total_cover,1998.0,momentum
NOR_5Y,5,Block_COVID,COVID,block_cv,mom_1m,total_cover,0.0,momentum
NOR_5Y,5,Block_COVID,COVID,block_cv,mom_3m,total_cover,0.0,momentum
NOR_5Y,5,Block_COVID,COVID,block_cv,mom_6m,total_cover,73.0,momentum
NOR_5Y,5,Block_COVID,COVID,block_cv,mom_12m,total_cover,0.0,momentum
NOR_5Y,5,Block_COVID,COVID,block_cv,dev_ma_3m,total_cover,35.0,curve
NOR_5Y,5,Block_COVID,COVID,block_cv,dev_ma_12m,total_cover,46.0,curve
NOR_5Y,5,Block_COVID,COVID,block_cv,vol_20d,total_cover,4331.0,vol
NOR_5Y,5,Block_COVID,COVID,block_cv,vol_regime,total_cover,0.0,vol
NOR_5Y,5,Block_COVID,COVID,block_cv,vol_zscore,total_cover,0.0,vol
NOR_5Y,5,Block_COVID,COVID,block_cv,level_zscore,total_cover,0.0,curve
NOR_5Y,5,Block_COVID,COVID,block_cv,slope_10_1,total_cover,1127.0,curve
NOR_5Y,5,Block_COVID,COVID,block_cv,slope_10_5,total_cover,0.0,curve
NOR_5Y,5,Block_COVID,COVID,block_cv,slope_5_1,total_cover,1570.0,curve
NOR_5Y,5,Block_COVID,COVID,block_cv,sofr_mom_1m,total_cover,3421.0,macro
NOR_5Y,5,Block_COVID,COVID,block_cv,ibor_level,total_cover,0.0,macro
NOR_5Y,5,Block_COVID,COVID,block_cv,ibor_chg_1d,total_cover,64.0,macro
NOR_5Y,5,Block_COVID,COVID,block_cv,ibor_mom_1m,total_cover,77.0,macro
NOR_5Y,5,Block_COVID,COVID,block_cv,ibor_term_slope,total_cover,33.0,macro
NOR_5Y,5,Block_COVID,COVID,block_cv,swap_ibor_basis,total_cover,4280.0,curve
NOR_5Y,5,Block_COVID,COVID,block_cv,move_level,total_cover,26.0,vol
NOR_5Y,5,Block_COVID,COVID,block_cv,move_zscore,total_cover,21.0,vol
NOR_5Y,5,Block_COVID,COVID,block_cv,vix_level,total_cover,53.0,vol
NOR_5Y,5,Block_COVID,COVID,block_cv,vix_zscore,total_cover,0.0,vol
NOR_5Y,5,Block_COVID,COVID,block_cv,v2x_level,total_cover,2120.0,vol
NOR_5Y,5,Block_COVID,COVID,block_cv,vxn_level,total_cover,0.0,vol
NOR_5Y,5,Block_COVID,COVID,block_cv,ovx_level,total_cover,316.0,vol
NOR_5Y,5,Block_COVID,COVID,block_cv,gvz_level,total_cover,2126.0,vol
NOR_5Y,5,Block_COVID,COVID,block_cv,spx_mom_1m,total_cover,0.0,macro
NOR_5Y,5,Block_COVID,COVID,block_cv,spx_mom_3m,total_cover,86.0,macro
NOR_5Y,5,Block_COVID,COVID,block_cv,sx5e_mom_1m,total_cover,13.0,macro
NOR_5Y,5,Block_COVID,COVID,block_cv,sx5e_mom_3m,total_cover,0.0,macro
NOR_5Y,5,Block_COVID,COVID,block_cv,mxwo_mom_1m,total_cover,0.0,macro
NOR_5Y,5,Block_COVID,COVID,block_cv,ndx_mom_1m,total_cover,1785.0,macro
NOR_5Y,5,Block_COVID,COVID,block_cv,oil_mom_1m,total_cover,2381.0,macro
NOR_5Y,5,Block_COVID,COVID,block_cv,oil_mom_3m,total_cover,0.0,macro
NOR_5Y,5,Block_COVID,COVID,block_cv,copper_mom_1m,total_cover,22.0,macro
NOR_5Y,5,Block_COVID,COVID,block_cv,opec_prod,total_cover,2339.0,macro
NOR_5Y,5,Block_COVID,COVID,block_cv,natgas_mom_1m,total_cover,0.0,macro
NOR_5Y,5,Block_COVID,COVID,block_cv,be5y_level,total_cover,56.0,macro
NOR_5Y,5,Block_COVID,COVID,block_cv,be10y_level,total_cover,37.0,macro
NOR_5Y,5,Block_COVID,COVID,block_cv,be_slope,total_cover,0.0,macro
NOR_5Y,5,Block_COVID,COVID,block_cv,be5y_chg_1m,total_cover,0.0,macro
NOR_5Y,5,Block_COVID,COVID,block_cv,ig_spread,total_cover,0.0,credit
NOR_5Y,5,Block_COVID,COVID,block_cv,hy_spread,total_cover,0.0,credit
NOR_5Y,5,Block_COVID,COVID,block_cv,ig_chg_1m,total_cover,0.0,credit
NOR_5Y,5,Block_COVID,COVID,block_cv,hy_chg_1m,total_cover,0.0,credit
NOR_5Y,5,Block_COVID,COVID,block_cv,cpi_yoy,total_cover,0.0,macro
NOR_5Y,5,Block_COVID,COVID,block_cv,pce_core_chg,total_cover,2285.0,macro
NOR_5Y,5,Block_COVID,COVID,block_cv,nfp_change,total_cover,4695.0,macro
NOR_5Y,5,Block_COVID,COVID,block_cv,pmi_us,total_cover,0.0,macro
NOR_5Y,5,Block_COVID,COVID,block_cv,pmi_eur,total_cover,4699.0,macro
NOR_5Y,5,Block_COVID,COVID,block_cv,unemp_eur,total_cover,0.0,macro
NOR_5Y,5,Block_COVID,COVID,block_cv,cpi_nsa_level,total_cover,0.0,macro
NOR_5Y,5,Block_COVID,COVID,block_cv,pce_core_level,total_cover,0.0,macro
NOR_5Y,5,Block_COVID,COVID,block_cv,eur_3m,total_cover,0.0,macro
NOR_5Y,5,Block_COVID,COVID,block_cv,eur_1w,total_cover,31.0,macro
NOR_5Y,5,Block_COVID,COVID,block_cv,nor_ibor_1m,total_cover,0.0,norway
NOR_5Y,5,Block_COVID,COVID,block_cv,nor_ibor_6m,total_cover,531.0,norway
NOR_5Y,5,Block_COVID,COVID,block_cv,nor_ecb_dfr_chg,total_cover,0.0,norway
NOR_5Y,5,Block_COVID,COVID,block_cv,nor_ecb_dfr_level,total_cover,0.0,norway
NOR_5Y,5,Block_COVID,COVID,block_cv,nor_eurnok_chg_1d,total_cover,74.0,norway
NOR_5Y,5,Block_COVID,COVID,block_cv,nor_eurnok_level,total_cover,126.0,norway
NOR_5Y,5,Block_COVID,COVID,block_cv,nor_eurnok_mom_1m,total_cover,0.0,norway
NOR_5Y,5,Block_COVID,COVID,block_cv,nor_eurnok_mom_3m,total_cover,30.0,norway
NOR_5Y,5,Block_COVID,COVID,block_cv,nor_eurnok_rvol_20d,total_cover,0.0,norway
NOR_5Y,5,Block_COVID,COVID,block_cv,nor_govt_10y,total_cover,0.0,norway
NOR_5Y,5,Block_COVID,COVID,block_cv,nor_govt_3y,total_cover,0.0,norway
NOR_5Y,5,Block_COVID,COVID,block_cv,nor_govt_5y,total_cover,0.0,norway
NOR_5Y,5,Block_COVID,COVID,block_cv,nor_i44_chg_1d,total_cover,0.0,norway
NOR_5Y,5,Block_COVID,COVID,block_cv,nor_i44_level,total_cover,0.0,norway
NOR_5Y,5,Block_COVID,COVID,block_cv,nor_i44_mom_1m,total_cover,355.0,norway
NOR_5Y,5,Block_COVID,COVID,block_cv,nor_i44_mom_3m,total_cover,78.0,norway
NOR_5Y,5,Block_COVID,COVID,block_cv,nor_i44_rvol_20d,total_cover,63.0,norway
NOR_5Y,5,Block_COVID,COVID,block_cv,nor_kpi_yoy,total_cover,213.0,norway
NOR_5Y,5,Block_COVID,COVID,block_cv,nor_kpijae_yoy,total_cover,0.0,norway
NOR_5Y,5,Block_COVID,COVID,block_cv,nor_nibor_nowa_spread,total_cover,0.0,norway
NOR_5Y,5,Block_COVID,COVID,block_cv,nor_nowa_level,total_cover,0.0,norway
NOR_5Y,5,Block_COVID,COVID,block_cv,nor_polrate_chg_1d,total_cover,0.0,norway
NOR_5Y,5,Block_COVID,COVID,block_cv,nor_polrate_days_since_chg,total_cover,26.0,norway
NOR_5Y,5,Block_COVID,COVID,block_cv,nor_polrate_level,total_cover,0.0,norway
NOR_5Y,5,Block_COVID,COVID,block_cv,nor_rb_rate_chg,total_cover,0.0,norway
NOR_5Y,5,Block_COVID,COVID,block_cv,nor_rb_rate_level,total_cover,0.0,norway
NOR_5Y,5,Block_COVID,COVID,block_cv,nor_unemp,total_cover,0.0,norway
NOR_5Y,5,Block_COVID,COVID,block_cv,nor_usdnok_chg_1d,total_cover,46.0,norway
NOR_5Y,5,Block_COVID,COVID,block_cv,nor_usdnok_level,total_cover,0.0,norway
NOR_5Y,5,Block_COVID,COVID,block_cv,nor_usdnok_mom_1m,total_cover,0.0,norway
NOR_5Y,5,Block_COVID,COVID,block_cv,nor_usdnok_mom_3m,total_cover,2497.0,norway
NOR_5Y,5,Block_COVID,COVID,block_cv,nor_usdnok_rvol_20d,total_cover,22.0,norway
NOR_5Y,5,Block_COVID,COVID,block_cv,swap_govt_spread,total_cover,195.0,norway
NOR_5Y,5,Block_COVID,COVID,block_cv,xmpca_01,total_cover,0.0,cross_market
NOR_5Y,5,Block_COVID,COVID,block_cv,xmpca_02,total_cover,17.0,cross_market
NOR_5Y,5,Block_COVID,COVID,block_cv,xmpca_03,total_cover,0.0,cross_market
NOR_5Y,5,Block_COVID,COVID,block_cv,xmpca_04,total_cover,0.0,cross_market
NOR_5Y,5,Block_COVID,COVID,block_cv,xmpca_05,total_cover,131.0,cross_market
NOR_5Y,5,Block_COVID,COVID,block_cv,xmpca_06,total_cover,0.0,cross_market
NOR_5Y,5,Block_COVID,COVID,block_cv,xmpca_07,total_cover,0.0,cross_market
NOR_5Y,5,Block_COVID,COVID,block_cv,xmpca_08,total_cover,0.0,cross_market
NOR_5Y,5,Block_COVID,COVID,block_cv,xmpca_09,total_cover,23.0,cross_market
NOR_5Y,5,Block_COVID,COVID,block_cv,xmpca_10,total_cover,0.0,cross_market
NOR_5Y,5,Block_COVID,COVID,block_cv,xmpca_11,total_cover,0.0,cross_market
NOR_5Y,5,Block_COVID,COVID,block_cv,xmpca_12,total_cover,46.0,cross_market
NOR_5Y,5,Block_COVID,COVID,block_cv,chg_lag1,shap_mean_abs,0.0003443793684709817,momentum
NOR_5Y,5,Block_COVID,COVID,block_cv,chg_lag2,shap_mean_abs,3.539065073709935e-05,momentum
NOR_5Y,5,Block_COVID,COVID,block_cv,chg_lag3,shap_mean_abs,8.13613678474212e-06,momentum
NOR_5Y,5,Block_COVID,COVID,block_cv,chg_lag4,shap_mean_abs,0.0,momentum
NOR_5Y,5,Block_COVID,COVID,block_cv,chg_lag5,shap_mean_abs,8.200591400964186e-05,momentum
NOR_5Y,5,Block_COVID,COVID,block_cv,carry_roll,shap_mean_abs,0.00016764193424023688,carry_roll
NOR_5Y,5,Block_COVID,COVID,block_cv,mom_63d,shap_mean_abs,0.00041492408490739763,momentum
NOR_5Y,5,Block_COVID,COVID,block_cv,mom_1m,shap_mean_abs,0.0,momentum
NOR_5Y,5,Block_COVID,COVID,block_cv,mom_3m,shap_mean_abs,0.0,momentum
NOR_5Y,5,Block_COVID,COVID,block_cv,mom_6m,shap_mean_abs,1.0703088264563121e-05,momentum
NOR_5Y,5,Block_COVID,COVID,block_cv,mom_12m,shap_mean_abs,0.0,momentum
NOR_5Y,5,Block_COVID,COVID,block_cv,dev_ma_3m,shap_mean_abs,0.00030156286084093153,curve
NOR_5Y,5,Block_COVID,COVID,block_cv,dev_ma_12m,shap_mean_abs,6.681805189145962e-06,curve
NOR_5Y,5,Block_COVID,COVID,block_cv,vol_20d,shap_mean_abs,0.0003234079049434513,vol
NOR_5Y,5,Block_COVID,COVID,block_cv,vol_regime,shap_mean_abs,0.0,vol
NOR_5Y,5,Block_COVID,COVID,block_cv,vol_zscore,shap_mean_abs,0.0,vol
NOR_5Y,5,Block_COVID,COVID,block_cv,level_zscore,shap_mean_abs,0.0,curve
NOR_5Y,5,Block_COVID,COVID,block_cv,slope_10_1,shap_mean_abs,0.00013134304026607424,curve
NOR_5Y,5,Block_COVID,COVID,block_cv,slope_10_5,shap_mean_abs,0.0,curve
NOR_5Y,5,Block_COVID,COVID,block_cv,slope_5_1,shap_mean_abs,0.00015329891175497323,curve
NOR_5Y,5,Block_COVID,COVID,block_cv,sofr_mom_1m,shap_mean_abs,0.0003570293774828315,macro
NOR_5Y,5,Block_COVID,COVID,block_cv,ibor_level,shap_mean_abs,0.0,macro
NOR_5Y,5,Block_COVID,COVID,block_cv,ibor_chg_1d,shap_mean_abs,3.8806490920251235e-05,macro
NOR_5Y,5,Block_COVID,COVID,block_cv,ibor_mom_1m,shap_mean_abs,4.986178100807592e-05,macro
NOR_5Y,5,Block_COVID,COVID,block_cv,ibor_term_slope,shap_mean_abs,1.1925986655114684e-05,macro
NOR_5Y,5,Block_COVID,COVID,block_cv,swap_ibor_basis,shap_mean_abs,6.045429108780809e-05,curve
NOR_5Y,5,Block_COVID,COVID,block_cv,move_level,shap_mean_abs,1.2829284969484434e-05,vol
NOR_5Y,5,Block_COVID,COVID,block_cv,move_zscore,shap_mean_abs,9.868495908449404e-06,vol
NOR_5Y,5,Block_COVID,COVID,block_cv,vix_level,shap_mean_abs,0.000248938420554623,vol
NOR_5Y,5,Block_COVID,COVID,block_cv,vix_zscore,shap_mean_abs,0.0,vol
NOR_5Y,5,Block_COVID,COVID,block_cv,v2x_level,shap_mean_abs,0.0002556997933425009,vol
NOR_5Y,5,Block_COVID,COVID,block_cv,vxn_level,shap_mean_abs,0.0,vol
NOR_5Y,5,Block_COVID,COVID,block_cv,ovx_level,shap_mean_abs,0.00015976172289811075,vol
NOR_5Y,5,Block_COVID,COVID,block_cv,gvz_level,shap_mean_abs,0.0002951780043076724,vol
NOR_5Y,5,Block_COVID,COVID,block_cv,spx_mom_1m,shap_mean_abs,0.0,macro
NOR_5Y,5,Block_COVID,COVID,block_cv,spx_mom_3m,shap_mean_abs,4.4956945203011855e-05,macro
NOR_5Y,5,Block_COVID,COVID,block_cv,sx5e_mom_1m,shap_mean_abs,1.7519600078230724e-05,macro
NOR_5Y,5,Block_COVID,COVID,block_cv,sx5e_mom_3m,shap_mean_abs,0.0,macro
NOR_5Y,5,Block_COVID,COVID,block_cv,mxwo_mom_1m,shap_mean_abs,0.0,macro
NOR_5Y,5,Block_COVID,COVID,block_cv,ndx_mom_1m,shap_mean_abs,6.066704372642562e-05,macro
NOR_5Y,5,Block_COVID,COVID,block_cv,oil_mom_1m,shap_mean_abs,0.0005173863028176129,macro
NOR_5Y,5,Block_COVID,COVID,block_cv,oil_mom_3m,shap_mean_abs,0.0,macro
NOR_5Y,5,Block_COVID,COVID,block_cv,copper_mom_1m,shap_mean_abs,4.724532573163742e-06,macro
NOR_5Y,5,Block_COVID,COVID,block_cv,opec_prod,shap_mean_abs,0.00030241129570640624,macro
NOR_5Y,5,Block_COVID,COVID,block_cv,natgas_mom_1m,shap_mean_abs,0.0,macro
NOR_5Y,5,Block_COVID,COVID,block_cv,be5y_level,shap_mean_abs,4.614957651938312e-05,macro
NOR_5Y,5,Block_COVID,COVID,block_cv,be10y_level,shap_mean_abs,1.0046005627373233e-05,macro
NOR_5Y,5,Block_COVID,COVID,block_cv,be_slope,shap_mean_abs,0.0,macro
NOR_5Y,5,Block_COVID,COVID,block_cv,be5y_chg_1m,shap_mean_abs,0.0,macro
NOR_5Y,5,Block_COVID,COVID,block_cv,ig_spread,shap_mean_abs,0.0,credit
NOR_5Y,5,Block_COVID,COVID,block_cv,hy_spread,shap_mean_abs,0.0,credit
NOR_5Y,5,Block_COVID,COVID,block_cv,ig_chg_1m,shap_mean_abs,0.0,credit
NOR_5Y,5,Block_COVID,COVID,block_cv,hy_chg_1m,shap_mean_abs,0.0,credit
NOR_5Y,5,Block_COVID,COVID,block_cv,cpi_yoy,shap_mean_abs,0.0,macro
NOR_5Y,5,Block_COVID,COVID,block_cv,pce_core_chg,shap_mean_abs,0.00034489980316720903,macro
NOR_5Y,5,Block_COVID,COVID,block_cv,nfp_change,shap_mean_abs,0.0052153198048472404,macro
NOR_5Y,5,Block_COVID,COVID,block_cv,pmi_us,shap_mean_abs,0.0,macro
NOR_5Y,5,Block_COVID,COVID,block_cv,pmi_eur,shap_mean_abs,0.0004636158118955791,macro
NOR_5Y,5,Block_COVID,COVID,block_cv,unemp_eur,shap_mean_abs,0.0,macro
NOR_5Y,5,Block_COVID,COVID,block_cv,cpi_nsa_level,shap_mean_abs,0.0,macro
NOR_5Y,5,Block_COVID,COVID,block_cv,pce_core_level,shap_mean_abs,0.0,macro
NOR_5Y,5,Block_COVID,COVID,block_cv,eur_3m,shap_mean_abs,0.0,macro
NOR_5Y,5,Block_COVID,COVID,block_cv,eur_1w,shap_mean_abs,1.2097278158762492e-05,macro
NOR_5Y,5,Block_COVID,COVID,block_cv,nor_ibor_1m,shap_mean_abs,0.0,norway
NOR_5Y,5,Block_COVID,COVID,block_cv,nor_ibor_6m,shap_mean_abs,0.00020890211453661323,norway
NOR_5Y,5,Block_COVID,COVID,block_cv,nor_ecb_dfr_chg,shap_mean_abs,0.0,norway
NOR_5Y,5,Block_COVID,COVID,block_cv,nor_ecb_dfr_level,shap_mean_abs,0.0,norway
NOR_5Y,5,Block_COVID,COVID,block_cv,nor_eurnok_chg_1d,shap_mean_abs,6.858818960608914e-05,norway
NOR_5Y,5,Block_COVID,COVID,block_cv,nor_eurnok_level,shap_mean_abs,0.00024865471641533077,norway
NOR_5Y,5,Block_COVID,COVID,block_cv,nor_eurnok_mom_1m,shap_mean_abs,0.0,norway
NOR_5Y,5,Block_COVID,COVID,block_cv,nor_eurnok_mom_3m,shap_mean_abs,0.00025711534544825554,norway
NOR_5Y,5,Block_COVID,COVID,block_cv,nor_eurnok_rvol_20d,shap_mean_abs,0.0,norway
NOR_5Y,5,Block_COVID,COVID,block_cv,nor_govt_10y,shap_mean_abs,0.0,norway
NOR_5Y,5,Block_COVID,COVID,block_cv,nor_govt_3y,shap_mean_abs,0.0,norway
NOR_5Y,5,Block_COVID,COVID,block_cv,nor_govt_5y,shap_mean_abs,0.0,norway
NOR_5Y,5,Block_COVID,COVID,block_cv,nor_i44_chg_1d,shap_mean_abs,0.0,norway
NOR_5Y,5,Block_COVID,COVID,block_cv,nor_i44_level,shap_mean_abs,0.0,norway
NOR_5Y,5,Block_COVID,COVID,block_cv,nor_i44_mom_1m,shap_mean_abs,0.00017138494877144694,norway
NOR_5Y,5,Block_COVID,COVID,block_cv,nor_i44_mom_3m,shap_mean_abs,6.991816917434335e-05,norway
NOR_5Y,5,Block_COVID,COVID,block_cv,nor_i44_rvol_20d,shap_mean_abs,0.0006135794101282954,norway
NOR_5Y,5,Block_COVID,COVID,block_cv,nor_kpi_yoy,shap_mean_abs,7.093369640642777e-05,norway
NOR_5Y,5,Block_COVID,COVID,block_cv,nor_kpijae_yoy,shap_mean_abs,0.0,norway
NOR_5Y,5,Block_COVID,COVID,block_cv,nor_nibor_nowa_spread,shap_mean_abs,0.0,norway
NOR_5Y,5,Block_COVID,COVID,block_cv,nor_nowa_level,shap_mean_abs,0.0,norway
NOR_5Y,5,Block_COVID,COVID,block_cv,nor_polrate_chg_1d,shap_mean_abs,0.0,norway
NOR_5Y,5,Block_COVID,COVID,block_cv,nor_polrate_days_since_chg,shap_mean_abs,6.225379911484197e-05,norway
NOR_5Y,5,Block_COVID,COVID,block_cv,nor_polrate_level,shap_mean_abs,0.0,norway
NOR_5Y,5,Block_COVID,COVID,block_cv,nor_rb_rate_chg,shap_mean_abs,0.0,norway
NOR_5Y,5,Block_COVID,COVID,block_cv,nor_rb_rate_level,shap_mean_abs,0.0,norway
NOR_5Y,5,Block_COVID,COVID,block_cv,nor_unemp,shap_mean_abs,0.0,norway
NOR_5Y,5,Block_COVID,COVID,block_cv,nor_usdnok_chg_1d,shap_mean_abs,0.0003116374427918345,norway
NOR_5Y,5,Block_COVID,COVID,block_cv,nor_usdnok_level,shap_mean_abs,0.0,norway
NOR_5Y,5,Block_COVID,COVID,block_cv,nor_usdnok_mom_1m,shap_mean_abs,0.0,norway
NOR_5Y,5,Block_COVID,COVID,block_cv,nor_usdnok_mom_3m,shap_mean_abs,0.000327993679093197,norway
NOR_5Y,5,Block_COVID,COVID,block_cv,nor_usdnok_rvol_20d,shap_mean_abs,9.447053344047163e-06,norway
NOR_5Y,5,Block_COVID,COVID,block_cv,swap_govt_spread,shap_mean_abs,8.173832611646503e-05,norway
NOR_5Y,5,Block_COVID,COVID,block_cv,xmpca_01,shap_mean_abs,0.0,cross_market
NOR_5Y,5,Block_COVID,COVID,block_cv,xmpca_02,shap_mean_abs,3.18664592668938e-06,cross_market
NOR_5Y,5,Block_COVID,COVID,block_cv,xmpca_03,shap_mean_abs,0.0,cross_market
NOR_5Y,5,Block_COVID,COVID,block_cv,xmpca_04,shap_mean_abs,0.0,cross_market
NOR_5Y,5,Block_COVID,COVID,block_cv,xmpca_05,shap_mean_abs,4.852484562434256e-05,cross_market
NOR_5Y,5,Block_COVID,COVID,block_cv,xmpca_06,shap_mean_abs,0.0,cross_market
NOR_5Y,5,Block_COVID,COVID,block_cv,xmpca_07,shap_mean_abs,0.0,cross_market
NOR_5Y,5,Block_COVID,COVID,block_cv,xmpca_08,shap_mean_abs,0.0,cross_market
NOR_5Y,5,Block_COVID,COVID,block_cv,xmpca_09,shap_mean_abs,0.0009434659732505679,cross_market
NOR_5Y,5,Block_COVID,COVID,block_cv,xmpca_10,shap_mean_abs,0.0,cross_market
NOR_5Y,5,Block_COVID,COVID,block_cv,xmpca_11,shap_mean_abs,0.0,cross_market
NOR_5Y,5,Block_COVID,COVID,block_cv,xmpca_12,shap_mean_abs,1.4788959560974035e-05,cross_market
NOR_5Y,5,Block_Hiking,Hiking,block_cv,chg_lag1,gain,0.005446756258606911,momentum
NOR_5Y,5,Block_Hiking,Hiking,block_cv,chg_lag2,gain,0.004867085255682468,momentum
NOR_5Y,5,Block_Hiking,Hiking,block_cv,chg_lag3,gain,0.0007584799313917756,momentum
NOR_5Y,5,Block_Hiking,Hiking,block_cv,chg_lag4,gain,0.0,momentum
NOR_5Y,5,Block_Hiking,Hiking,block_cv,chg_lag5,gain,0.02203422039747238,momentum
NOR_5Y,5,Block_Hiking,Hiking,block_cv,carry_roll,gain,0.017952652648091316,carry_roll
NOR_5Y,5,Block_Hiking,Hiking,block_cv,mom_63d,gain,0.03548482060432434,momentum
NOR_5Y,5,Block_Hiking,Hiking,block_cv,mom_1m,gain,0.06113549694418907,momentum
NOR_5Y,5,Block_Hiking,Hiking,block_cv,mom_3m,gain,0.05793182924389839,momentum
NOR_5Y,5,Block_Hiking,Hiking,block_cv,mom_6m,gain,0.014193415641784668,momentum
NOR_5Y,5,Block_Hiking,Hiking,block_cv,mom_12m,gain,0.0,momentum
NOR_5Y,5,Block_Hiking,Hiking,block_cv,dev_ma_3m,gain,0.020691893994808197,curve
NOR_5Y,5,Block_Hiking,Hiking,block_cv,dev_ma_12m,gain,0.07642646133899689,curve
NOR_5Y,5,Block_Hiking,Hiking,block_cv,vol_20d,gain,0.18681412935256958,vol
NOR_5Y,5,Block_Hiking,Hiking,block_cv,vol_regime,gain,0.0,vol
NOR_5Y,5,Block_Hiking,Hiking,block_cv,vol_zscore,gain,0.07661345601081848,vol
NOR_5Y,5,Block_Hiking,Hiking,block_cv,level_zscore,gain,0.11373567581176758,curve
NOR_5Y,5,Block_Hiking,Hiking,block_cv,slope_10_1,gain,0.03696742281317711,curve
NOR_5Y,5,Block_Hiking,Hiking,block_cv,slope_10_5,gain,0.11513923853635788,curve
NOR_5Y,5,Block_Hiking,Hiking,block_cv,slope_5_1,gain,0.0,curve
NOR_5Y,5,Block_Hiking,Hiking,block_cv,sofr_mom_1m,gain,0.04741031676530838,macro
NOR_5Y,5,Block_Hiking,Hiking,block_cv,ibor_level,gain,0.0,macro
NOR_5Y,5,Block_Hiking,Hiking,block_cv,ibor_chg_1d,gain,0.06169460341334343,macro
NOR_5Y,5,Block_Hiking,Hiking,block_cv,ibor_mom_1m,gain,0.09325030446052551,macro
NOR_5Y,5,Block_Hiking,Hiking,block_cv,ibor_term_slope,gain,0.06225152686238289,macro
NOR_5Y,5,Block_Hiking,Hiking,block_cv,swap_ibor_basis,gain,0.06268088519573212,curve
NOR_5Y,5,Block_Hiking,Hiking,block_cv,move_level,gain,0.03821730241179466,vol
NOR_5Y,5,Block_Hiking,Hiking,block_cv,move_zscore,gain,0.038669005036354065,vol
NOR_5Y,5,Block_Hiking,Hiking,block_cv,vix_level,gain,0.09936890751123428,vol
NOR_5Y,5,Block_Hiking,Hiking,block_cv,vix_zscore,gain,0.0,vol
NOR_5Y,5,Block_Hiking,Hiking,block_cv,v2x_level,gain,0.017594724893569946,vol
NOR_5Y,5,Block_Hiking,Hiking,block_cv,vxn_level,gain,0.0,vol
NOR_5Y,5,Block_Hiking,Hiking,block_cv,ovx_level,gain,0.0,vol
NOR_5Y,5,Block_Hiking,Hiking,block_cv,gvz_level,gain,0.0,vol
NOR_5Y,5,Block_Hiking,Hiking,block_cv,spx_mom_1m,gain,0.03891166299581528,macro
NOR_5Y,5,Block_Hiking,Hiking,block_cv,spx_mom_3m,gain,0.0,macro
NOR_5Y,5,Block_Hiking,Hiking,block_cv,sx5e_mom_1m,gain,0.06645085662603378,macro
NOR_5Y,5,Block_Hiking,Hiking,block_cv,sx5e_mom_3m,gain,0.04833369702100754,macro
NOR_5Y,5,Block_Hiking,Hiking,block_cv,mxwo_mom_1m,gain,0.0,macro
NOR_5Y,5,Block_Hiking,Hiking,block_cv,ndx_mom_1m,gain,0.027169890701770782,macro
NOR_5Y,5,Block_Hiking,Hiking,block_cv,oil_mom_1m,gain,0.10557261854410172,macro
NOR_5Y,5,Block_Hiking,Hiking,block_cv,oil_mom_3m,gain,0.0631190687417984,macro
NOR_5Y,5,Block_Hiking,Hiking,block_cv,copper_mom_1m,gain,0.032645806670188904,macro
NOR_5Y,5,Block_Hiking,Hiking,block_cv,opec_prod,gain,0.0,macro
NOR_5Y,5,Block_Hiking,Hiking,block_cv,natgas_mom_1m,gain,0.0,macro
NOR_5Y,5,Block_Hiking,Hiking,block_cv,be5y_level,gain,0.11958254873752594,macro
NOR_5Y,5,Block_Hiking,Hiking,block_cv,be10y_level,gain,0.0,macro
NOR_5Y,5,Block_Hiking,Hiking,block_cv,be_slope,gain,0.0,macro
NOR_5Y,5,Block_Hiking,Hiking,block_cv,be5y_chg_1m,gain,0.0,macro
NOR_5Y,5,Block_Hiking,Hiking,block_cv,ig_spread,gain,0.0,credit
NOR_5Y,5,Block_Hiking,Hiking,block_cv,hy_spread,gain,0.0,credit
NOR_5Y,5,Block_Hiking,Hiking,block_cv,ig_chg_1m,gain,0.0,credit
NOR_5Y,5,Block_Hiking,Hiking,block_cv,hy_chg_1m,gain,0.0,credit
NOR_5Y,5,Block_Hiking,Hiking,block_cv,cpi_yoy,gain,0.0,macro
NOR_5Y,5,Block_Hiking,Hiking,block_cv,pce_core_chg,gain,0.06788049638271332,macro
NOR_5Y,5,Block_Hiking,Hiking,block_cv,nfp_change,gain,0.0,macro
NOR_5Y,5,Block_Hiking,Hiking,block_cv,pmi_us,gain,0.04750118404626846,macro
NOR_5Y,5,Block_Hiking,Hiking,block_cv,pmi_eur,gain,0.05676200985908508,macro
NOR_5Y,5,Block_Hiking,Hiking,block_cv,unemp_eur,gain,0.07791060209274292,macro
NOR_5Y,5,Block_Hiking,Hiking,block_cv,cpi_nsa_level,gain,0.0,macro
NOR_5Y,5,Block_Hiking,Hiking,block_cv,pce_core_level,gain,0.0,macro
NOR_5Y,5,Block_Hiking,Hiking,block_cv,eur_3m,gain,0.04625202715396881,macro
NOR_5Y,5,Block_Hiking,Hiking,block_cv,eur_1w,gain,0.0,macro
NOR_5Y,5,Block_Hiking,Hiking,block_cv,nor_ibor_1m,gain,0.03290766477584839,norway
NOR_5Y,5,Block_Hiking,Hiking,block_cv,nor_ibor_6m,gain,0.03277985006570816,norway
NOR_5Y,5,Block_Hiking,Hiking,block_cv,nor_ecb_dfr_chg,gain,0.0,norway
NOR_5Y,5,Block_Hiking,Hiking,block_cv,nor_ecb_dfr_level,gain,0.10873323678970337,norway
NOR_5Y,5,Block_Hiking,Hiking,block_cv,nor_eurnok_chg_1d,gain,0.06941743940114975,norway
NOR_5Y,5,Block_Hiking,Hiking,block_cv,nor_eurnok_level,gain,0.0,norway
NOR_5Y,5,Block_Hiking,Hiking,block_cv,nor_eurnok_mom_1m,gain,0.003895880188792944,norway
NOR_5Y,5,Block_Hiking,Hiking,block_cv,nor_eurnok_mom_3m,gain,0.0,norway
NOR_5Y,5,Block_Hiking,Hiking,block_cv,nor_eurnok_rvol_20d,gain,0.06588313728570938,norway
NOR_5Y,5,Block_Hiking,Hiking,block_cv,nor_govt_10y,gain,0.0,norway
NOR_5Y,5,Block_Hiking,Hiking,block_cv,nor_govt_3y,gain,0.0,norway
NOR_5Y,5,Block_Hiking,Hiking,block_cv,nor_govt_5y,gain,0.0,norway
NOR_5Y,5,Block_Hiking,Hiking,block_cv,nor_i44_chg_1d,gain,0.10418244451284409,norway
NOR_5Y,5,Block_Hiking,Hiking,block_cv,nor_i44_level,gain,0.0,norway
NOR_5Y,5,Block_Hiking,Hiking,block_cv,nor_i44_mom_1m,gain,0.04809761047363281,norway
NOR_5Y,5,Block_Hiking,Hiking,block_cv,nor_i44_mom_3m,gain,0.0,norway
NOR_5Y,5,Block_Hiking,Hiking,block_cv,nor_i44_rvol_20d,gain,0.032416932284832,norway
NOR_5Y,5,Block_Hiking,Hiking,block_cv,nor_kpi_yoy,gain,0.0,norway
NOR_5Y,5,Block_Hiking,Hiking,block_cv,nor_kpijae_yoy,gain,0.0,norway
NOR_5Y,5,Block_Hiking,Hiking,block_cv,nor_nibor_nowa_spread,gain,0.04469293728470802,norway
NOR_5Y,5,Block_Hiking,Hiking,block_cv,nor_nowa_level,gain,0.06983333826065063,norway
NOR_5Y,5,Block_Hiking,Hiking,block_cv,nor_polrate_chg_1d,gain,0.0,norway
NOR_5Y,5,Block_Hiking,Hiking,block_cv,nor_polrate_days_since_chg,gain,0.0,norway
NOR_5Y,5,Block_Hiking,Hiking,block_cv,nor_polrate_level,gain,0.0,norway
NOR_5Y,5,Block_Hiking,Hiking,block_cv,nor_rb_rate_chg,gain,0.0,norway
NOR_5Y,5,Block_Hiking,Hiking,block_cv,nor_rb_rate_level,gain,0.0,norway
NOR_5Y,5,Block_Hiking,Hiking,block_cv,nor_unemp,gain,0.15390515327453613,norway
NOR_5Y,5,Block_Hiking,Hiking,block_cv,nor_usdnok_chg_1d,gain,0.0,norway
NOR_5Y,5,Block_Hiking,Hiking,block_cv,nor_usdnok_level,gain,0.07934844493865967,norway
NOR_5Y,5,Block_Hiking,Hiking,block_cv,nor_usdnok_mom_1m,gain,0.0,norway
NOR_5Y,5,Block_Hiking,Hiking,block_cv,nor_usdnok_mom_3m,gain,0.08691292256116867,norway
NOR_5Y,5,Block_Hiking,Hiking,block_cv,nor_usdnok_rvol_20d,gain,0.009076930582523346,norway
NOR_5Y,5,Block_Hiking,Hiking,block_cv,swap_govt_spread,gain,0.0,norway
NOR_5Y,5,Block_Hiking,Hiking,block_cv,xmpca_01,gain,0.0,cross_market
NOR_5Y,5,Block_Hiking,Hiking,block_cv,xmpca_02,gain,0.012441986240446568,cross_market
NOR_5Y,5,Block_Hiking,Hiking,block_cv,xmpca_03,gain,0.0,cross_market
NOR_5Y,5,Block_Hiking,Hiking,block_cv,xmpca_04,gain,0.0,cross_market
NOR_5Y,5,Block_Hiking,Hiking,block_cv,xmpca_05,gain,0.0,cross_market
NOR_5Y,5,Block_Hiking,Hiking,block_cv,xmpca_06,gain,0.0757053792476654,cross_market
NOR_5Y,5,Block_Hiking,Hiking,block_cv,xmpca_07,gain,0.0,cross_market
NOR_5Y,5,Block_Hiking,Hiking,block_cv,xmpca_08,gain,0.0,cross_market
NOR_5Y,5,Block_Hiking,Hiking,block_cv,xmpca_09,gain,0.025046823546290398,cross_market
NOR_5Y,5,Block_Hiking,Hiking,block_cv,xmpca_10,gain,0.0,cross_market
NOR_5Y,5,Block_Hiking,Hiking,block_cv,xmpca_11,gain,0.061253517866134644,cross_market
NOR_5Y,5,Block_Hiking,Hiking,block_cv,xmpca_12,gain,0.0,cross_market
NOR_5Y,5,Block_Hiking,Hiking,block_cv,chg_lag1,weight,16.0,momentum
NOR_5Y,5,Block_Hiking,Hiking,block_cv,chg_lag2,weight,24.0,momentum
NOR_5Y,5,Block_Hiking,Hiking,block_cv,chg_lag3,weight,2.0,momentum
NOR_5Y,5,Block_Hiking,Hiking,block_cv,chg_lag4,weight,0.0,momentum
NOR_5Y,5,Block_Hiking,Hiking,block_cv,chg_lag5,weight,4.0,momentum
NOR_5Y,5,Block_Hiking,Hiking,block_cv,carry_roll,weight,9.0,carry_roll
NOR_5Y,5,Block_Hiking,Hiking,block_cv,mom_63d,weight,8.0,momentum
NOR_5Y,5,Block_Hiking,Hiking,block_cv,mom_1m,weight,9.0,momentum
NOR_5Y,5,Block_Hiking,Hiking,block_cv,mom_3m,weight,2.0,momentum
NOR_5Y,5,Block_Hiking,Hiking,block_cv,mom_6m,weight,1.0,momentum
NOR_5Y,5,Block_Hiking,Hiking,block_cv,mom_12m,weight,0.0,momentum
NOR_5Y,5,Block_Hiking,Hiking,block_cv,dev_ma_3m,weight,6.0,curve
NOR_5Y,5,Block_Hiking,Hiking,block_cv,dev_ma_12m,weight,1.0,curve
NOR_5Y,5,Block_Hiking,Hiking,block_cv,vol_20d,weight,16.0,vol
NOR_5Y,5,Block_Hiking,Hiking,block_cv,vol_regime,weight,0.0,vol
NOR_5Y,5,Block_Hiking,Hiking,block_cv,vol_zscore,weight,2.0,vol
NOR_5Y,5,Block_Hiking,Hiking,block_cv,level_zscore,weight,6.0,curve
NOR_5Y,5,Block_Hiking,Hiking,block_cv,slope_10_1,weight,6.0,curve
NOR_5Y,5,Block_Hiking,Hiking,block_cv,slope_10_5,weight,24.0,curve
NOR_5Y,5,Block_Hiking,Hiking,block_cv,slope_5_1,weight,0.0,curve
NOR_5Y,5,Block_Hiking,Hiking,block_cv,sofr_mom_1m,weight,14.0,macro
NOR_5Y,5,Block_Hiking,Hiking,block_cv,ibor_level,weight,0.0,macro
NOR_5Y,5,Block_Hiking,Hiking,block_cv,ibor_chg_1d,weight,16.0,macro
NOR_5Y,5,Block_Hiking,Hiking,block_cv,ibor_mom_1m,weight,15.0,macro
NOR_5Y,5,Block_Hiking,Hiking,block_cv,ibor_term_slope,weight,9.0,macro
NOR_5Y,5,Block_Hiking,Hiking,block_cv,swap_ibor_basis,weight,2.0,curve
NOR_5Y,5,Block_Hiking,Hiking,block_cv,move_level,weight,5.0,vol
NOR_5Y,5,Block_Hiking,Hiking,block_cv,move_zscore,weight,12.0,vol
NOR_5Y,5,Block_Hiking,Hiking,block_cv,vix_level,weight,4.0,vol
NOR_5Y,5,Block_Hiking,Hiking,block_cv,vix_zscore,weight,0.0,vol
NOR_5Y,5,Block_Hiking,Hiking,block_cv,v2x_level,weight,2.0,vol
NOR_5Y,5,Block_Hiking,Hiking,block_cv,vxn_level,weight,0.0,vol
NOR_5Y,5,Block_Hiking,Hiking,block_cv,ovx_level,weight,0.0,vol
NOR_5Y,5,Block_Hiking,Hiking,block_cv,gvz_level,weight,0.0,vol
NOR_5Y,5,Block_Hiking,Hiking,block_cv,spx_mom_1m,weight,14.0,macro
NOR_5Y,5,Block_Hiking,Hiking,block_cv,spx_mom_3m,weight,0.0,macro
NOR_5Y,5,Block_Hiking,Hiking,block_cv,sx5e_mom_1m,weight,3.0,macro
NOR_5Y,5,Block_Hiking,Hiking,block_cv,sx5e_mom_3m,weight,5.0,macro
NOR_5Y,5,Block_Hiking,Hiking,block_cv,mxwo_mom_1m,weight,0.0,macro
NOR_5Y,5,Block_Hiking,Hiking,block_cv,ndx_mom_1m,weight,1.0,macro
NOR_5Y,5,Block_Hiking,Hiking,block_cv,oil_mom_1m,weight,10.0,macro
NOR_5Y,5,Block_Hiking,Hiking,block_cv,oil_mom_3m,weight,1.0,macro
NOR_5Y,5,Block_Hiking,Hiking,block_cv,copper_mom_1m,weight,5.0,macro
NOR_5Y,5,Block_Hiking,Hiking,block_cv,opec_prod,weight,0.0,macro
NOR_5Y,5,Block_Hiking,Hiking,block_cv,natgas_mom_1m,weight,0.0,macro
NOR_5Y,5,Block_Hiking,Hiking,block_cv,be5y_level,weight,5.0,macro
NOR_5Y,5,Block_Hiking,Hiking,block_cv,be10y_level,weight,0.0,macro
NOR_5Y,5,Block_Hiking,Hiking,block_cv,be_slope,weight,0.0,macro
NOR_5Y,5,Block_Hiking,Hiking,block_cv,be5y_chg_1m,weight,0.0,macro
NOR_5Y,5,Block_Hiking,Hiking,block_cv,ig_spread,weight,0.0,credit
NOR_5Y,5,Block_Hiking,Hiking,block_cv,hy_spread,weight,0.0,credit
NOR_5Y,5,Block_Hiking,Hiking,block_cv,ig_chg_1m,weight,0.0,credit
NOR_5Y,5,Block_Hiking,Hiking,block_cv,hy_chg_1m,weight,0.0,credit
NOR_5Y,5,Block_Hiking,Hiking,block_cv,cpi_yoy,weight,0.0,macro
NOR_5Y,5,Block_Hiking,Hiking,block_cv,pce_core_chg,weight,2.0,macro
NOR_5Y,5,Block_Hiking,Hiking,block_cv,nfp_change,weight,0.0,macro
NOR_5Y,5,Block_Hiking,Hiking,block_cv,pmi_us,weight,1.0,macro
NOR_5Y,5,Block_Hiking,Hiking,block_cv,pmi_eur,weight,1.0,macro
NOR_5Y,5,Block_Hiking,Hiking,block_cv,unemp_eur,weight,1.0,macro
NOR_5Y,5,Block_Hiking,Hiking,block_cv,cpi_nsa_level,weight,0.0,macro
NOR_5Y,5,Block_Hiking,Hiking,block_cv,pce_core_level,weight,0.0,macro
NOR_5Y,5,Block_Hiking,Hiking,block_cv,eur_3m,weight,2.0,macro
NOR_5Y,5,Block_Hiking,Hiking,block_cv,eur_1w,weight,0.0,macro
NOR_5Y,5,Block_Hiking,Hiking,block_cv,nor_ibor_1m,weight,1.0,norway
NOR_5Y,5,Block_Hiking,Hiking,block_cv,nor_ibor_6m,weight,4.0,norway
NOR_5Y,5,Block_Hiking,Hiking,block_cv,nor_ecb_dfr_chg,weight,0.0,norway
NOR_5Y,5,Block_Hiking,Hiking,block_cv,nor_ecb_dfr_level,weight,1.0,norway
NOR_5Y,5,Block_Hiking,Hiking,block_cv,nor_eurnok_chg_1d,weight,5.0,norway
NOR_5Y,5,Block_Hiking,Hiking,block_cv,nor_eurnok_level,weight,0.0,norway
NOR_5Y,5,Block_Hiking,Hiking,block_cv,nor_eurnok_mom_1m,weight,2.0,norway
NOR_5Y,5,Block_Hiking,Hiking,block_cv,nor_eurnok_mom_3m,weight,0.0,norway
NOR_5Y,5,Block_Hiking,Hiking,block_cv,nor_eurnok_rvol_20d,weight,2.0,norway
NOR_5Y,5,Block_Hiking,Hiking,block_cv,nor_govt_10y,weight,0.0,norway
NOR_5Y,5,Block_Hiking,Hiking,block_cv,nor_govt_3y,weight,0.0,norway
NOR_5Y,5,Block_Hiking,Hiking,block_cv,nor_govt_5y,weight,0.0,norway
NOR_5Y,5,Block_Hiking,Hiking,block_cv,nor_i44_chg_1d,weight,9.0,norway
NOR_5Y,5,Block_Hiking,Hiking,block_cv,nor_i44_level,weight,0.0,norway
NOR_5Y,5,Block_Hiking,Hiking,block_cv,nor_i44_mom_1m,weight,1.0,norway
NOR_5Y,5,Block_Hiking,Hiking,block_cv,nor_i44_mom_3m,weight,0.0,norway
NOR_5Y,5,Block_Hiking,Hiking,block_cv,nor_i44_rvol_20d,weight,2.0,norway
NOR_5Y,5,Block_Hiking,Hiking,block_cv,nor_kpi_yoy,weight,0.0,norway
NOR_5Y,5,Block_Hiking,Hiking,block_cv,nor_kpijae_yoy,weight,0.0,norway
NOR_5Y,5,Block_Hiking,Hiking,block_cv,nor_nibor_nowa_spread,weight,1.0,norway
NOR_5Y,5,Block_Hiking,Hiking,block_cv,nor_nowa_level,weight,7.0,norway
NOR_5Y,5,Block_Hiking,Hiking,block_cv,nor_polrate_chg_1d,weight,0.0,norway
NOR_5Y,5,Block_Hiking,Hiking,block_cv,nor_polrate_days_since_chg,weight,0.0,norway
NOR_5Y,5,Block_Hiking,Hiking,block_cv,nor_polrate_level,weight,0.0,norway
NOR_5Y,5,Block_Hiking,Hiking,block_cv,nor_rb_rate_chg,weight,0.0,norway
NOR_5Y,5,Block_Hiking,Hiking,block_cv,nor_rb_rate_level,weight,0.0,norway
NOR_5Y,5,Block_Hiking,Hiking,block_cv,nor_unemp,weight,1.0,norway
NOR_5Y,5,Block_Hiking,Hiking,block_cv,nor_usdnok_chg_1d,weight,0.0,norway
NOR_5Y,5,Block_Hiking,Hiking,block_cv,nor_usdnok_level,weight,5.0,norway
NOR_5Y,5,Block_Hiking,Hiking,block_cv,nor_usdnok_mom_1m,weight,0.0,norway
NOR_5Y,5,Block_Hiking,Hiking,block_cv,nor_usdnok_mom_3m,weight,8.0,norway
NOR_5Y,5,Block_Hiking,Hiking,block_cv,nor_usdnok_rvol_20d,weight,1.0,norway
NOR_5Y,5,Block_Hiking,Hiking,block_cv,swap_govt_spread,weight,0.0,norway
NOR_5Y,5,Block_Hiking,Hiking,block_cv,xmpca_01,weight,0.0,cross_market
NOR_5Y,5,Block_Hiking,Hiking,block_cv,xmpca_02,weight,3.0,cross_market
NOR_5Y,5,Block_Hiking,Hiking,block_cv,xmpca_03,weight,0.0,cross_market
NOR_5Y,5,Block_Hiking,Hiking,block_cv,xmpca_04,weight,0.0,cross_market
NOR_5Y,5,Block_Hiking,Hiking,block_cv,xmpca_05,weight,0.0,cross_market
NOR_5Y,5,Block_Hiking,Hiking,block_cv,xmpca_06,weight,4.0,cross_market
NOR_5Y,5,Block_Hiking,Hiking,block_cv,xmpca_07,weight,0.0,cross_market
NOR_5Y,5,Block_Hiking,Hiking,block_cv,xmpca_08,weight,0.0,cross_market
NOR_5Y,5,Block_Hiking,Hiking,block_cv,xmpca_09,weight,8.0,cross_market
NOR_5Y,5,Block_Hiking,Hiking,block_cv,xmpca_10,weight,0.0,cross_market
NOR_5Y,5,Block_Hiking,Hiking,block_cv,xmpca_11,weight,2.0,cross_market
NOR_5Y,5,Block_Hiking,Hiking,block_cv,xmpca_12,weight,0.0,cross_market
NOR_5Y,5,Block_Hiking,Hiking,block_cv,chg_lag1,cover,27.0625,momentum
NOR_5Y,5,Block_Hiking,Hiking,block_cv,chg_lag2,cover,5.708333492279053,momentum
NOR_5Y,5,Block_Hiking,Hiking,block_cv,chg_lag3,cover,6.0,momentum
NOR_5Y,5,Block_Hiking,Hiking,block_cv,chg_lag4,cover,0.0,momentum
NOR_5Y,5,Block_Hiking,Hiking,block_cv,chg_lag5,cover,20.5,momentum
NOR_5Y,5,Block_Hiking,Hiking,block_cv,carry_roll,cover,69.0,carry_roll
NOR_5Y,5,Block_Hiking,Hiking,block_cv,mom_63d,cover,357.125,momentum
NOR_5Y,5,Block_Hiking,Hiking,block_cv,mom_1m,cover,691.4444580078125,momentum
NOR_5Y,5,Block_Hiking,Hiking,block_cv,mom_3m,cover,1033.5,momentum
NOR_5Y,5,Block_Hiking,Hiking,block_cv,mom_6m,cover,19.0,momentum
NOR_5Y,5,Block_Hiking,Hiking,block_cv,mom_12m,cover,0.0,momentum
NOR_5Y,5,Block_Hiking,Hiking,block_cv,dev_ma_3m,cover,20.33333396911621,curve
NOR_5Y,5,Block_Hiking,Hiking,block_cv,dev_ma_12m,cover,2703.0,curve
NOR_5Y,5,Block_Hiking,Hiking,block_cv,vol_20d,cover,2414.625,vol
NOR_5Y,5,Block_Hiking,Hiking,block_cv,vol_regime,cover,0.0,vol
NOR_5Y,5,Block_Hiking,Hiking,block_cv,vol_zscore,cover,53.0,vol
NOR_5Y,5,Block_Hiking,Hiking,block_cv,level_zscore,cover,646.1666870117188,curve
NOR_5Y,5,Block_Hiking,Hiking,block_cv,slope_10_1,cover,1031.8333740234375,curve
NOR_5Y,5,Block_Hiking,Hiking,block_cv,slope_10_5,cover,51.66666793823242,curve
NOR_5Y,5,Block_Hiking,Hiking,block_cv,slope_5_1,cover,0.0,curve
NOR_5Y,5,Block_Hiking,Hiking,block_cv,sofr_mom_1m,cover,1132.9285888671875,macro
NOR_5Y,5,Block_Hiking,Hiking,block_cv,ibor_level,cover,0.0,macro
NOR_5Y,5,Block_Hiking,Hiking,block_cv,ibor_chg_1d,cover,231.1875,macro
NOR_5Y,5,Block_Hiking,Hiking,block_cv,ibor_mom_1m,cover,2508.666748046875,macro
NOR_5Y,5,Block_Hiking,Hiking,block_cv,ibor_term_slope,cover,1994.4444580078125,macro
NOR_5Y,5,Block_Hiking,Hiking,block_cv,swap_ibor_basis,cover,1649.0,curve
NOR_5Y,5,Block_Hiking,Hiking,block_cv,move_level,cover,32.79999923706055,vol
NOR_5Y,5,Block_Hiking,Hiking,block_cv,move_zscore,cover,66.0,vol
NOR_5Y,5,Block_Hiking,Hiking,block_cv,vix_level,cover,27.0,vol
NOR_5Y,5,Block_Hiking,Hiking,block_cv,vix_zscore,cover,0.0,vol
NOR_5Y,5,Block_Hiking,Hiking,block_cv,v2x_level,cover,22.0,vol
NOR_5Y,5,Block_Hiking,Hiking,block_cv,vxn_level,cover,0.0,vol
NOR_5Y,5,Block_Hiking,Hiking,block_cv,ovx_level,cover,0.0,vol
NOR_5Y,5,Block_Hiking,Hiking,block_cv,gvz_level,cover,0.0,vol
NOR_5Y,5,Block_Hiking,Hiking,block_cv,spx_mom_1m,cover,621.7142944335938,macro
NOR_5Y,5,Block_Hiking,Hiking,block_cv,spx_mom_3m,cover,0.0,macro
NOR_5Y,5,Block_Hiking,Hiking,block_cv,sx5e_mom_1m,cover,1807.6666259765625,macro
NOR_5Y,5,Block_Hiking,Hiking,block_cv,sx5e_mom_3m,cover,14.0,macro
NOR_5Y,5,Block_Hiking,Hiking,block_cv,mxwo_mom_1m,cover,0.0,macro
NOR_5Y,5,Block_Hiking,Hiking,block_cv,ndx_mom_1m,cover,24.0,macro
NOR_5Y,5,Block_Hiking,Hiking,block_cv,oil_mom_1m,cover,2679.800048828125,macro
NOR_5Y,5,Block_Hiking,Hiking,block_cv,oil_mom_3m,cover,2676.0,macro
NOR_5Y,5,Block_Hiking,Hiking,block_cv,copper_mom_1m,cover,36.20000076293945,macro
NOR_5Y,5,Block_Hiking,Hiking,block_cv,opec_prod,cover,0.0,macro
NOR_5Y,5,Block_Hiking,Hiking,block_cv,natgas_mom_1m,cover,0.0,macro
NOR_5Y,5,Block_Hiking,Hiking,block_cv,be5y_level,cover,27.0,macro
NOR_5Y,5,Block_Hiking,Hiking,block_cv,be10y_level,cover,0.0,macro
NOR_5Y,5,Block_Hiking,Hiking,block_cv,be_slope,cover,0.0,macro
NOR_5Y,5,Block_Hiking,Hiking,block_cv,be5y_chg_1m,cover,0.0,macro
NOR_5Y,5,Block_Hiking,Hiking,block_cv,ig_spread,cover,0.0,credit
NOR_5Y,5,Block_Hiking,Hiking,block_cv,hy_spread,cover,0.0,credit
NOR_5Y,5,Block_Hiking,Hiking,block_cv,ig_chg_1m,cover,0.0,credit
NOR_5Y,5,Block_Hiking,Hiking,block_cv,hy_chg_1m,cover,0.0,credit
NOR_5Y,5,Block_Hiking,Hiking,block_cv,cpi_yoy,cover,0.0,macro
NOR_5Y,5,Block_Hiking,Hiking,block_cv,pce_core_chg,cover,696.5,macro
NOR_5Y,5,Block_Hiking,Hiking,block_cv,nfp_change,cover,0.0,macro
NOR_5Y,5,Block_Hiking,Hiking,block_cv,pmi_us,cover,2009.0,macro
NOR_5Y,5,Block_Hiking,Hiking,block_cv,pmi_eur,cover,1175.0,macro
NOR_5Y,5,Block_Hiking,Hiking,block_cv,unemp_eur,cover,646.0,macro
NOR_5Y,5,Block_Hiking,Hiking,block_cv,cpi_nsa_level,cover,0.0,macro
NOR_5Y,5,Block_Hiking,Hiking,block_cv,pce_core_level,cover,0.0,macro
NOR_5Y,5,Block_Hiking,Hiking,block_cv,eur_3m,cover,731.0,macro
NOR_5Y,5,Block_Hiking,Hiking,block_cv,eur_1w,cover,0.0,macro
NOR_5Y,5,Block_Hiking,Hiking,block_cv,nor_ibor_1m,cover,20.0,norway
NOR_5Y,5,Block_Hiking,Hiking,block_cv,nor_ibor_6m,cover,190.75,norway
NOR_5Y,5,Block_Hiking,Hiking,block_cv,nor_ecb_dfr_chg,cover,0.0,norway
NOR_5Y,5,Block_Hiking,Hiking,block_cv,nor_ecb_dfr_level,cover,279.0,norway
NOR_5Y,5,Block_Hiking,Hiking,block_cv,nor_eurnok_chg_1d,cover,61.20000076293945,norway
NOR_5Y,5,Block_Hiking,Hiking,block_cv,nor_eurnok_level,cover,0.0,norway
NOR_5Y,5,Block_Hiking,Hiking,block_cv,nor_eurnok_mom_1m,cover,11.0,norway
NOR_5Y,5,Block_Hiking,Hiking,block_cv,nor_eurnok_mom_3m,cover,0.0,norway
NOR_5Y,5,Block_Hiking,Hiking,block_cv,nor_eurnok_rvol_20d,cover,1859.5,norway
NOR_5Y,5,Block_Hiking,Hiking,block_cv,nor_govt_10y,cover,0.0,norway
NOR_5Y,5,Block_Hiking,Hiking,block_cv,nor_govt_3y,cover,0.0,norway
NOR_5Y,5,Block_Hiking,Hiking,block_cv,nor_govt_5y,cover,0.0,norway
NOR_5Y,5,Block_Hiking,Hiking,block_cv,nor_i44_chg_1d,cover,50.0,norway
NOR_5Y,5,Block_Hiking,Hiking,block_cv,nor_i44_level,cover,0.0,norway
NOR_5Y,5,Block_Hiking,Hiking,block_cv,nor_i44_mom_1m,cover,48.0,norway
NOR_5Y,5,Block_Hiking,Hiking,block_cv,nor_i44_mom_3m,cover,0.0,norway
NOR_5Y,5,Block_Hiking,Hiking,block_cv,nor_i44_rvol_20d,cover,677.5,norway
NOR_5Y,5,Block_Hiking,Hiking,block_cv,nor_kpi_yoy,cover,0.0,norway
NOR_5Y,5,Block_Hiking,Hiking,block_cv,nor_kpijae_yoy,cover,0.0,norway
NOR_5Y,5,Block_Hiking,Hiking,block_cv,nor_nibor_nowa_spread,cover,771.0,norway
NOR_5Y,5,Block_Hiking,Hiking,block_cv,nor_nowa_level,cover,713.1428833007812,norway
NOR_5Y,5,Block_Hiking,Hiking,block_cv,nor_polrate_chg_1d,cover,0.0,norway
NOR_5Y,5,Block_Hiking,Hiking,block_cv,nor_polrate_days_since_chg,cover,0.0,norway
NOR_5Y,5,Block_Hiking,Hiking,block_cv,nor_polrate_level,cover,0.0,norway
NOR_5Y,5,Block_Hiking,Hiking,block_cv,nor_rb_rate_chg,cover,0.0,norway
NOR_5Y,5,Block_Hiking,Hiking,block_cv,nor_rb_rate_level,cover,0.0,norway
NOR_5Y,5,Block_Hiking,Hiking,block_cv,nor_unemp,cover,101.0,norway
NOR_5Y,5,Block_Hiking,Hiking,block_cv,nor_usdnok_chg_1d,cover,0.0,norway
NOR_5Y,5,Block_Hiking,Hiking,block_cv,nor_usdnok_level,cover,983.4000244140625,norway
NOR_5Y,5,Block_Hiking,Hiking,block_cv,nor_usdnok_mom_1m,cover,0.0,norway
NOR_5Y,5,Block_Hiking,Hiking,block_cv,nor_usdnok_mom_3m,cover,622.5,norway
NOR_5Y,5,Block_Hiking,Hiking,block_cv,nor_usdnok_rvol_20d,cover,8.0,norway
NOR_5Y,5,Block_Hiking,Hiking,block_cv,swap_govt_spread,cover,0.0,norway
NOR_5Y,5,Block_Hiking,Hiking,block_cv,xmpca_01,cover,0.0,cross_market
NOR_5Y,5,Block_Hiking,Hiking,block_cv,xmpca_02,cover,10.333333015441895,cross_market
NOR_5Y,5,Block_Hiking,Hiking,block_cv,xmpca_03,cover,0.0,cross_market
NOR_5Y,5,Block_Hiking,Hiking,block_cv,xmpca_04,cover,0.0,cross_market
NOR_5Y,5,Block_Hiking,Hiking,block_cv,xmpca_05,cover,0.0,cross_market
NOR_5Y,5,Block_Hiking,Hiking,block_cv,xmpca_06,cover,23.0,cross_market
NOR_5Y,5,Block_Hiking,Hiking,block_cv,xmpca_07,cover,0.0,cross_market
NOR_5Y,5,Block_Hiking,Hiking,block_cv,xmpca_08,cover,0.0,cross_market
NOR_5Y,5,Block_Hiking,Hiking,block_cv,xmpca_09,cover,24.125,cross_market
NOR_5Y,5,Block_Hiking,Hiking,block_cv,xmpca_10,cover,0.0,cross_market
NOR_5Y,5,Block_Hiking,Hiking,block_cv,xmpca_11,cover,922.0,cross_market
NOR_5Y,5,Block_Hiking,Hiking,block_cv,xmpca_12,cover,0.0,cross_market
NOR_5Y,5,Block_Hiking,Hiking,block_cv,chg_lag1,total_gain,0.08714810013771057,momentum
NOR_5Y,5,Block_Hiking,Hiking,block_cv,chg_lag2,total_gain,0.11681004613637924,momentum
NOR_5Y,5,Block_Hiking,Hiking,block_cv,chg_lag3,total_gain,0.0015169598627835512,momentum
NOR_5Y,5,Block_Hiking,Hiking,block_cv,chg_lag4,total_gain,0.0,momentum
NOR_5Y,5,Block_Hiking,Hiking,block_cv,chg_lag5,total_gain,0.08813688158988953,momentum
NOR_5Y,5,Block_Hiking,Hiking,block_cv,carry_roll,total_gain,0.1615738719701767,carry_roll
NOR_5Y,5,Block_Hiking,Hiking,block_cv,mom_63d,total_gain,0.2838785648345947,momentum
NOR_5Y,5,Block_Hiking,Hiking,block_cv,mom_1m,total_gain,0.5502194762229919,momentum
NOR_5Y,5,Block_Hiking,Hiking,block_cv,mom_3m,total_gain,0.11586365848779678,momentum
NOR_5Y,5,Block_Hiking,Hiking,block_cv,mom_6m,total_gain,0.014193415641784668,momentum
NOR_5Y,5,Block_Hiking,Hiking,block_cv,mom_12m,total_gain,0.0,momentum
NOR_5Y,5,Block_Hiking,Hiking,block_cv,dev_ma_3m,total_gain,0.12415136396884918,curve
NOR_5Y,5,Block_Hiking,Hiking,block_cv,dev_ma_12m,total_gain,0.07642646133899689,curve
NOR_5Y,5,Block_Hiking,Hiking,block_cv,vol_20d,total_gain,2.9890260696411133,vol
NOR_5Y,5,Block_Hiking,Hiking,block_cv,vol_regime,total_gain,0.0,vol
NOR_5Y,5,Block_Hiking,Hiking,block_cv,vol_zscore,total_gain,0.15322691202163696,vol
NOR_5Y,5,Block_Hiking,Hiking,block_cv,level_zscore,total_gain,0.6824140548706055,curve
NOR_5Y,5,Block_Hiking,Hiking,block_cv,slope_10_1,total_gain,0.22180452942848206,curve
NOR_5Y,5,Block_Hiking,Hiking,block_cv,slope_10_5,total_gain,2.7633416652679443,curve
NOR_5Y,5,Block_Hiking,Hiking,block_cv,slope_5_1,total_gain,0.0,curve
NOR_5Y,5,Block_Hiking,Hiking,block_cv,sofr_mom_1m,total_gain,0.6637444496154785,macro
NOR_5Y,5,Block_Hiking,Hiking,block_cv,ibor_level,total_gain,0.0,macro
NOR_5Y,5,Block_Hiking,Hiking,block_cv,ibor_chg_1d,total_gain,0.9871136546134949,macro
NOR_5Y,5,Block_Hiking,Hiking,block_cv,ibor_mom_1m,total_gain,1.398754596710205,macro
NOR_5Y,5,Block_Hiking,Hiking,block_cv,ibor_term_slope,total_gain,0.5602637529373169,macro
NOR_5Y,5,Block_Hiking,Hiking,block_cv,swap_ibor_basis,total_gain,0.12536177039146423,curve
NOR_5Y,5,Block_Hiking,Hiking,block_cv,move_level,total_gain,0.1910865157842636,vol
NOR_5Y,5,Block_Hiking,Hiking,block_cv,move_zscore,total_gain,0.4640280604362488,vol
NOR_5Y,5,Block_Hiking,Hiking,block_cv,vix_level,total_gain,0.39747563004493713,vol
NOR_5Y,5,Block_Hiking,Hiking,block_cv,vix_zscore,total_gain,0.0,vol
NOR_5Y,5,Block_Hiking,Hiking,block_cv,v2x_level,total_gain,0.03518944978713989,vol
NOR_5Y,5,Block_Hiking,Hiking,block_cv,vxn_level,total_gain,0.0,vol
NOR_5Y,5,Block_Hiking,Hiking,block_cv,ovx_level,total_gain,0.0,vol
NOR_5Y,5,Block_Hiking,Hiking,block_cv,gvz_level,total_gain,0.0,vol
NOR_5Y,5,Block_Hiking,Hiking,block_cv,spx_mom_1m,total_gain,0.5447632670402527,macro
NOR_5Y,5,Block_Hiking,Hiking,block_cv,spx_mom_3m,total_gain,0.0,macro
NOR_5Y,5,Block_Hiking,Hiking,block_cv,sx5e_mom_1m,total_gain,0.19935257732868195,macro
NOR_5Y,5,Block_Hiking,Hiking,block_cv,sx5e_mom_3m,total_gain,0.2416684925556183,macro
NOR_5Y,5,Block_Hiking,Hiking,block_cv,mxwo_mom_1m,total_gain,0.0,macro
NOR_5Y,5,Block_Hiking,Hiking,block_cv,ndx_mom_1m,total_gain,0.027169890701770782,macro
NOR_5Y,5,Block_Hiking,Hiking,block_cv,oil_mom_1m,total_gain,1.055726170539856,macro
NOR_5Y,5,Block_Hiking,Hiking,block_cv,oil_mom_3m,total_gain,0.0631190687417984,macro
NOR_5Y,5,Block_Hiking,Hiking,block_cv,copper_mom_1m,total_gain,0.16322903335094452,macro
NOR_5Y,5,Block_Hiking,Hiking,block_cv,opec_prod,total_gain,0.0,macro
NOR_5Y,5,Block_Hiking,Hiking,block_cv,natgas_mom_1m,total_gain,0.0,macro
NOR_5Y,5,Block_Hiking,Hiking,block_cv,be5y_level,total_gain,0.5979127287864685,macro
NOR_5Y,5,Block_Hiking,Hiking,block_cv,be10y_level,total_gain,0.0,macro
NOR_5Y,5,Block_Hiking,Hiking,block_cv,be_slope,total_gain,0.0,macro
NOR_5Y,5,Block_Hiking,Hiking,block_cv,be5y_chg_1m,total_gain,0.0,macro
NOR_5Y,5,Block_Hiking,Hiking,block_cv,ig_spread,total_gain,0.0,credit
NOR_5Y,5,Block_Hiking,Hiking,block_cv,hy_spread,total_gain,0.0,credit
NOR_5Y,5,Block_Hiking,Hiking,block_cv,ig_chg_1m,total_gain,0.0,credit
NOR_5Y,5,Block_Hiking,Hiking,block_cv,hy_chg_1m,total_gain,0.0,credit
NOR_5Y,5,Block_Hiking,Hiking,block_cv,cpi_yoy,total_gain,0.0,macro
NOR_5Y,5,Block_Hiking,Hiking,block_cv,pce_core_chg,total_gain,0.13576099276542664,macro
NOR_5Y,5,Block_Hiking,Hiking,block_cv,nfp_change,total_gain,0.0,macro
NOR_5Y,5,Block_Hiking,Hiking,block_cv,pmi_us,total_gain,0.04750118404626846,macro
NOR_5Y,5,Block_Hiking,Hiking,block_cv,pmi_eur,total_gain,0.05676200985908508,macro
NOR_5Y,5,Block_Hiking,Hiking,block_cv,unemp_eur,total_gain,0.07791060209274292,macro
NOR_5Y,5,Block_Hiking,Hiking,block_cv,cpi_nsa_level,total_gain,0.0,macro
NOR_5Y,5,Block_Hiking,Hiking,block_cv,pce_core_level,total_gain,0.0,macro
NOR_5Y,5,Block_Hiking,Hiking,block_cv,eur_3m,total_gain,0.09250405430793762,macro
NOR_5Y,5,Block_Hiking,Hiking,block_cv,eur_1w,total_gain,0.0,macro
NOR_5Y,5,Block_Hiking,Hiking,block_cv,nor_ibor_1m,total_gain,0.03290766477584839,norway
NOR_5Y,5,Block_Hiking,Hiking,block_cv,nor_ibor_6m,total_gain,0.13111940026283264,norway
NOR_5Y,5,Block_Hiking,Hiking,block_cv,nor_ecb_dfr_chg,total_gain,0.0,norway
NOR_5Y,5,Block_Hiking,Hiking,block_cv,nor_ecb_dfr_level,total_gain,0.10873323678970337,norway
NOR_5Y,5,Block_Hiking,Hiking,block_cv,nor_eurnok_chg_1d,total_gain,0.34708720445632935,norway
NOR_5Y,5,Block_Hiking,Hiking,block_cv,nor_eurnok_level,total_gain,0.0,norway
NOR_5Y,5,Block_Hiking,Hiking,block_cv,nor_eurnok_mom_1m,total_gain,0.007791760377585888,norway
NOR_5Y,5,Block_Hiking,Hiking,block_cv,nor_eurnok_mom_3m,total_gain,0.0,norway
NOR_5Y,5,Block_Hiking,Hiking,block_cv,nor_eurnok_rvol_20d,total_gain,0.13176627457141876,norway
NOR_5Y,5,Block_Hiking,Hiking,block_cv,nor_govt_10y,total_gain,0.0,norway
NOR_5Y,5,Block_Hiking,Hiking,block_cv,nor_govt_3y,total_gain,0.0,norway
NOR_5Y,5,Block_Hiking,Hiking,block_cv,nor_govt_5y,total_gain,0.0,norway
NOR_5Y,5,Block_Hiking,Hiking,block_cv,nor_i44_chg_1d,total_gain,0.937641978263855,norway
NOR_5Y,5,Block_Hiking,Hiking,block_cv,nor_i44_level,total_gain,0.0,norway
NOR_5Y,5,Block_Hiking,Hiking,block_cv,nor_i44_mom_1m,total_gain,0.04809761047363281,norway
NOR_5Y,5,Block_Hiking,Hiking,block_cv,nor_i44_mom_3m,total_gain,0.0,norway
NOR_5Y,5,Block_Hiking,Hiking,block_cv,nor_i44_rvol_20d,total_gain,0.064833864569664,norway
NOR_5Y,5,Block_Hiking,Hiking,block_cv,nor_kpi_yoy,total_gain,0.0,norway
NOR_5Y,5,Block_Hiking,Hiking,block_cv,nor_kpijae_yoy,total_gain,0.0,norway
NOR_5Y,5,Block_Hiking,Hiking,block_cv,nor_nibor_nowa_spread,total_gain,0.04469293728470802,norway
NOR_5Y,5,Block_Hiking,Hiking,block_cv,nor_nowa_level,total_gain,0.48883336782455444,norway
NOR_5Y,5,Block_Hiking,Hiking,block_cv,nor_polrate_chg_1d,total_gain,0.0,norway
NOR_5Y,5,Block_Hiking,Hiking,block_cv,nor_polrate_days_since_chg,total_gain,0.0,norway
NOR_5Y,5,Block_Hiking,Hiking,block_cv,nor_polrate_level,total_gain,0.0,norway
NOR_5Y,5,Block_Hiking,Hiking,block_cv,nor_rb_rate_chg,total_gain,0.0,norway
NOR_5Y,5,Block_Hiking,Hiking,block_cv,nor_rb_rate_level,total_gain,0.0,norway
NOR_5Y,5,Block_Hiking,Hiking,block_cv,nor_unemp,total_gain,0.15390515327453613,norway
NOR_5Y,5,Block_Hiking,Hiking,block_cv,nor_usdnok_chg_1d,total_gain,0.0,norway
NOR_5Y,5,Block_Hiking,Hiking,block_cv,nor_usdnok_level,total_gain,0.39674222469329834,norway
NOR_5Y,5,Block_Hiking,Hiking,block_cv,nor_usdnok_mom_1m,total_gain,0.0,norway
NOR_5Y,5,Block_Hiking,Hiking,block_cv,nor_usdnok_mom_3m,total_gain,0.6953033804893494,norway
NOR_5Y,5,Block_Hiking,Hiking,block_cv,nor_usdnok_rvol_20d,total_gain,0.009076930582523346,norway
NOR_5Y,5,Block_Hiking,Hiking,block_cv,swap_govt_spread,total_gain,0.0,norway
NOR_5Y,5,Block_Hiking,Hiking,block_cv,xmpca_01,total_gain,0.0,cross_market
NOR_5Y,5,Block_Hiking,Hiking,block_cv,xmpca_02,total_gain,0.03732595965266228,cross_market
NOR_5Y,5,Block_Hiking,Hiking,block_cv,xmpca_03,total_gain,0.0,cross_market
NOR_5Y,5,Block_Hiking,Hiking,block_cv,xmpca_04,total_gain,0.0,cross_market
NOR_5Y,5,Block_Hiking,Hiking,block_cv,xmpca_05,total_gain,0.0,cross_market
NOR_5Y,5,Block_Hiking,Hiking,block_cv,xmpca_06,total_gain,0.3028215169906616,cross_market
NOR_5Y,5,Block_Hiking,Hiking,block_cv,xmpca_07,total_gain,0.0,cross_market
NOR_5Y,5,Block_Hiking,Hiking,block_cv,xmpca_08,total_gain,0.0,cross_market
NOR_5Y,5,Block_Hiking,Hiking,block_cv,xmpca_09,total_gain,0.20037458837032318,cross_market
NOR_5Y,5,Block_Hiking,Hiking,block_cv,xmpca_10,total_gain,0.0,cross_market
NOR_5Y,5,Block_Hiking,Hiking,block_cv,xmpca_11,total_gain,0.12250703573226929,cross_market
NOR_5Y,5,Block_Hiking,Hiking,block_cv,xmpca_12,total_gain,0.0,cross_market
NOR_5Y,5,Block_Hiking,Hiking,block_cv,chg_lag1,total_cover,433.0,momentum
NOR_5Y,5,Block_Hiking,Hiking,block_cv,chg_lag2,total_cover,137.0,momentum
NOR_5Y,5,Block_Hiking,Hiking,block_cv,chg_lag3,total_cover,12.0,momentum
NOR_5Y,5,Block_Hiking,Hiking,block_cv,chg_lag4,total_cover,0.0,momentum
NOR_5Y,5,Block_Hiking,Hiking,block_cv,chg_lag5,total_cover,82.0,momentum
NOR_5Y,5,Block_Hiking,Hiking,block_cv,carry_roll,total_cover,621.0,carry_roll
NOR_5Y,5,Block_Hiking,Hiking,block_cv,mom_63d,total_cover,2857.0,momentum
NOR_5Y,5,Block_Hiking,Hiking,block_cv,mom_1m,total_cover,6223.0,momentum
NOR_5Y,5,Block_Hiking,Hiking,block_cv,mom_3m,total_cover,2067.0,momentum
NOR_5Y,5,Block_Hiking,Hiking,block_cv,mom_6m,total_cover,19.0,momentum
NOR_5Y,5,Block_Hiking,Hiking,block_cv,mom_12m,total_cover,0.0,momentum
NOR_5Y,5,Block_Hiking,Hiking,block_cv,dev_ma_3m,total_cover,122.0,curve
NOR_5Y,5,Block_Hiking,Hiking,block_cv,dev_ma_12m,total_cover,2703.0,curve
NOR_5Y,5,Block_Hiking,Hiking,block_cv,vol_20d,total_cover,38634.0,vol
NOR_5Y,5,Block_Hiking,Hiking,block_cv,vol_regime,total_cover,0.0,vol
NOR_5Y,5,Block_Hiking,Hiking,block_cv,vol_zscore,total_cover,106.0,vol
NOR_5Y,5,Block_Hiking,Hiking,block_cv,level_zscore,total_cover,3877.0,curve
NOR_5Y,5,Block_Hiking,Hiking,block_cv,slope_10_1,total_cover,6191.0,curve
NOR_5Y,5,Block_Hiking,Hiking,block_cv,slope_10_5,total_cover,1240.0,curve
NOR_5Y,5,Block_Hiking,Hiking,block_cv,slope_5_1,total_cover,0.0,curve
NOR_5Y,5,Block_Hiking,Hiking,block_cv,sofr_mom_1m,total_cover,15861.0,macro
NOR_5Y,5,Block_Hiking,Hiking,block_cv,ibor_level,total_cover,0.0,macro
NOR_5Y,5,Block_Hiking,Hiking,block_cv,ibor_chg_1d,total_cover,3699.0,macro
NOR_5Y,5,Block_Hiking,Hiking,block_cv,ibor_mom_1m,total_cover,37630.0,macro
NOR_5Y,5,Block_Hiking,Hiking,block_cv,ibor_term_slope,total_cover,17950.0,macro
NOR_5Y,5,Block_Hiking,Hiking,block_cv,swap_ibor_basis,total_cover,3298.0,curve
NOR_5Y,5,Block_Hiking,Hiking,block_cv,move_level,total_cover,164.0,vol
NOR_5Y,5,Block_Hiking,Hiking,block_cv,move_zscore,total_cover,792.0,vol
NOR_5Y,5,Block_Hiking,Hiking,block_cv,vix_level,total_cover,108.0,vol
NOR_5Y,5,Block_Hiking,Hiking,block_cv,vix_zscore,total_cover,0.0,vol
NOR_5Y,5,Block_Hiking,Hiking,block_cv,v2x_level,total_cover,44.0,vol
NOR_5Y,5,Block_Hiking,Hiking,block_cv,vxn_level,total_cover,0.0,vol
NOR_5Y,5,Block_Hiking,Hiking,block_cv,ovx_level,total_cover,0.0,vol
NOR_5Y,5,Block_Hiking,Hiking,block_cv,gvz_level,total_cover,0.0,vol
NOR_5Y,5,Block_Hiking,Hiking,block_cv,spx_mom_1m,total_cover,8704.0,macro
NOR_5Y,5,Block_Hiking,Hiking,block_cv,spx_mom_3m,total_cover,0.0,macro
NOR_5Y,5,Block_Hiking,Hiking,block_cv,sx5e_mom_1m,total_cover,5423.0,macro
NOR_5Y,5,Block_Hiking,Hiking,block_cv,sx5e_mom_3m,total_cover,70.0,macro
NOR_5Y,5,Block_Hiking,Hiking,block_cv,mxwo_mom_1m,total_cover,0.0,macro
NOR_5Y,5,Block_Hiking,Hiking,block_cv,ndx_mom_1m,total_cover,24.0,macro
NOR_5Y,5,Block_Hiking,Hiking,block_cv,oil_mom_1m,total_cover,26798.0,macro
NOR_5Y,5,Block_Hiking,Hiking,block_cv,oil_mom_3m,total_cover,2676.0,macro
NOR_5Y,5,Block_Hiking,Hiking,block_cv,copper_mom_1m,total_cover,181.0,macro
NOR_5Y,5,Block_Hiking,Hiking,block_cv,opec_prod,total_cover,0.0,macro
NOR_5Y,5,Block_Hiking,Hiking,block_cv,natgas_mom_1m,total_cover,0.0,macro
NOR_5Y,5,Block_Hiking,Hiking,block_cv,be5y_level,total_cover,135.0,macro
NOR_5Y,5,Block_Hiking,Hiking,block_cv,be10y_level,total_cover,0.0,macro
NOR_5Y,5,Block_Hiking,Hiking,block_cv,be_slope,total_cover,0.0,macro
NOR_5Y,5,Block_Hiking,Hiking,block_cv,be5y_chg_1m,total_cover,0.0,macro
NOR_5Y,5,Block_Hiking,Hiking,block_cv,ig_spread,total_cover,0.0,credit
NOR_5Y,5,Block_Hiking,Hiking,block_cv,hy_spread,total_cover,0.0,credit
NOR_5Y,5,Block_Hiking,Hiking,block_cv,ig_chg_1m,total_cover,0.0,credit
NOR_5Y,5,Block_Hiking,Hiking,block_cv,hy_chg_1m,total_cover,0.0,credit
NOR_5Y,5,Block_Hiking,Hiking,block_cv,cpi_yoy,total_cover,0.0,macro
NOR_5Y,5,Block_Hiking,Hiking,block_cv,pce_core_chg,total_cover,1393.0,macro
NOR_5Y,5,Block_Hiking,Hiking,block_cv,nfp_change,total_cover,0.0,macro
NOR_5Y,5,Block_Hiking,Hiking,block_cv,pmi_us,total_cover,2009.0,macro
NOR_5Y,5,Block_Hiking,Hiking,block_cv,pmi_eur,total_cover,1175.0,macro
NOR_5Y,5,Block_Hiking,Hiking,block_cv,unemp_eur,total_cover,646.0,macro
NOR_5Y,5,Block_Hiking,Hiking,block_cv,cpi_nsa_level,total_cover,0.0,macro
NOR_5Y,5,Block_Hiking,Hiking,block_cv,pce_core_level,total_cover,0.0,macro
NOR_5Y,5,Block_Hiking,Hiking,block_cv,eur_3m,total_cover,1462.0,macro
NOR_5Y,5,Block_Hiking,Hiking,block_cv,eur_1w,total_cover,0.0,macro
NOR_5Y,5,Block_Hiking,Hiking,block_cv,nor_ibor_1m,total_cover,20.0,norway
NOR_5Y,5,Block_Hiking,Hiking,block_cv,nor_ibor_6m,total_cover,763.0,norway
NOR_5Y,5,Block_Hiking,Hiking,block_cv,nor_ecb_dfr_chg,total_cover,0.0,norway
NOR_5Y,5,Block_Hiking,Hiking,block_cv,nor_ecb_dfr_level,total_cover,279.0,norway
NOR_5Y,5,Block_Hiking,Hiking,block_cv,nor_eurnok_chg_1d,total_cover,306.0,norway
NOR_5Y,5,Block_Hiking,Hiking,block_cv,nor_eurnok_level,total_cover,0.0,norway
NOR_5Y,5,Block_Hiking,Hiking,block_cv,nor_eurnok_mom_1m,total_cover,22.0,norway
NOR_5Y,5,Block_Hiking,Hiking,block_cv,nor_eurnok_mom_3m,total_cover,0.0,norway
NOR_5Y,5,Block_Hiking,Hiking,block_cv,nor_eurnok_rvol_20d,total_cover,3719.0,norway
NOR_5Y,5,Block_Hiking,Hiking,block_cv,nor_govt_10y,total_cover,0.0,norway
NOR_5Y,5,Block_Hiking,Hiking,block_cv,nor_govt_3y,total_cover,0.0,norway
NOR_5Y,5,Block_Hiking,Hiking,block_cv,nor_govt_5y,total_cover,0.0,norway
NOR_5Y,5,Block_Hiking,Hiking,block_cv,nor_i44_chg_1d,total_cover,450.0,norway
NOR_5Y,5,Block_Hiking,Hiking,block_cv,nor_i44_level,total_cover,0.0,norway
NOR_5Y,5,Block_Hiking,Hiking,block_cv,nor_i44_mom_1m,total_cover,48.0,norway
NOR_5Y,5,Block_Hiking,Hiking,block_cv,nor_i44_mom_3m,total_cover,0.0,norway
NOR_5Y,5,Block_Hiking,Hiking,block_cv,nor_i44_rvol_20d,total_cover,1355.0,norway
NOR_5Y,5,Block_Hiking,Hiking,block_cv,nor_kpi_yoy,total_cover,0.0,norway
NOR_5Y,5,Block_Hiking,Hiking,block_cv,nor_kpijae_yoy,total_cover,0.0,norway
NOR_5Y,5,Block_Hiking,Hiking,block_cv,nor_nibor_nowa_spread,total_cover,771.0,norway
NOR_5Y,5,Block_Hiking,Hiking,block_cv,nor_nowa_level,total_cover,4992.0,norway
NOR_5Y,5,Block_Hiking,Hiking,block_cv,nor_polrate_chg_1d,total_cover,0.0,norway
NOR_5Y,5,Block_Hiking,Hiking,block_cv,nor_polrate_days_since_chg,total_cover,0.0,norway
NOR_5Y,5,Block_Hiking,Hiking,block_cv,nor_polrate_level,total_cover,0.0,norway
NOR_5Y,5,Block_Hiking,Hiking,block_cv,nor_rb_rate_chg,total_cover,0.0,norway
NOR_5Y,5,Block_Hiking,Hiking,block_cv,nor_rb_rate_level,total_cover,0.0,norway
NOR_5Y,5,Block_Hiking,Hiking,block_cv,nor_unemp,total_cover,101.0,norway
NOR_5Y,5,Block_Hiking,Hiking,block_cv,nor_usdnok_chg_1d,total_cover,0.0,norway
NOR_5Y,5,Block_Hiking,Hiking,block_cv,nor_usdnok_level,total_cover,4917.0,norway
NOR_5Y,5,Block_Hiking,Hiking,block_cv,nor_usdnok_mom_1m,total_cover,0.0,norway
NOR_5Y,5,Block_Hiking,Hiking,block_cv,nor_usdnok_mom_3m,total_cover,4980.0,norway
NOR_5Y,5,Block_Hiking,Hiking,block_cv,nor_usdnok_rvol_20d,total_cover,8.0,norway
NOR_5Y,5,Block_Hiking,Hiking,block_cv,swap_govt_spread,total_cover,0.0,norway
NOR_5Y,5,Block_Hiking,Hiking,block_cv,xmpca_01,total_cover,0.0,cross_market
NOR_5Y,5,Block_Hiking,Hiking,block_cv,xmpca_02,total_cover,31.0,cross_market
NOR_5Y,5,Block_Hiking,Hiking,block_cv,xmpca_03,total_cover,0.0,cross_market
NOR_5Y,5,Block_Hiking,Hiking,block_cv,xmpca_04,total_cover,0.0,cross_market
NOR_5Y,5,Block_Hiking,Hiking,block_cv,xmpca_05,total_cover,0.0,cross_market
NOR_5Y,5,Block_Hiking,Hiking,block_cv,xmpca_06,total_cover,92.0,cross_market
NOR_5Y,5,Block_Hiking,Hiking,block_cv,xmpca_07,total_cover,0.0,cross_market
NOR_5Y,5,Block_Hiking,Hiking,block_cv,xmpca_08,total_cover,0.0,cross_market
NOR_5Y,5,Block_Hiking,Hiking,block_cv,xmpca_09,total_cover,193.0,cross_market
NOR_5Y,5,Block_Hiking,Hiking,block_cv,xmpca_10,total_cover,0.0,cross_market
NOR_5Y,5,Block_Hiking,Hiking,block_cv,xmpca_11,total_cover,1844.0,cross_market
NOR_5Y,5,Block_Hiking,Hiking,block_cv,xmpca_12,total_cover,0.0,cross_market
NOR_5Y,5,Block_Hiking,Hiking,block_cv,chg_lag1,shap_mean_abs,0.00011429484584368765,momentum
NOR_5Y,5,Block_Hiking,Hiking,block_cv,chg_lag2,shap_mean_abs,4.5508240873459727e-05,momentum
NOR_5Y,5,Block_Hiking,Hiking,block_cv,chg_lag3,shap_mean_abs,9.554578355164267e-07,momentum
NOR_5Y,5,Block_Hiking,Hiking,block_cv,chg_lag4,shap_mean_abs,0.0,momentum
NOR_5Y,5,Block_Hiking,Hiking,block_cv,chg_lag5,shap_mean_abs,4.6907462092349306e-05,momentum
NOR_5Y,5,Block_Hiking,Hiking,block_cv,carry_roll,shap_mean_abs,0.0003148811520077288,carry_roll
NOR_5Y,5,Block_Hiking,Hiking,block_cv,mom_63d,shap_mean_abs,0.00013740283611696213,momentum
NOR_5Y,5,Block_Hiking,Hiking,block_cv,mom_1m,shap_mean_abs,0.00038535569910891354,momentum
NOR_5Y,5,Block_Hiking,Hiking,block_cv,mom_3m,shap_mean_abs,0.00016466499073430896,momentum
NOR_5Y,5,Block_Hiking,Hiking,block_cv,mom_6m,shap_mean_abs,2.7213822249905206e-05,momentum
NOR_5Y,5,Block_Hiking,Hiking,block_cv,mom_12m,shap_mean_abs,0.0,momentum
NOR_5Y,5,Block_Hiking,Hiking,block_cv,dev_ma_3m,shap_mean_abs,4.104112304048613e-05,curve
NOR_5Y,5,Block_Hiking,Hiking,block_cv,dev_ma_12m,shap_mean_abs,6.7704318098549265e-06,curve
NOR_5Y,5,Block_Hiking,Hiking,block_cv,vol_20d,shap_mean_abs,0.006096529308706522,vol
NOR_5Y,5,Block_Hiking,Hiking,block_cv,vol_regime,shap_mean_abs,0.0,vol
NOR_5Y,5,Block_Hiking,Hiking,block_cv,vol_zscore,shap_mean_abs,5.35710460098926e-05,vol
NOR_5Y,5,Block_Hiking,Hiking,block_cv,level_zscore,shap_mean_abs,0.00023906769638415426,curve
NOR_5Y,5,Block_Hiking,Hiking,block_cv,slope_10_1,shap_mean_abs,0.0004954173928126693,curve
NOR_5Y,5,Block_Hiking,Hiking,block_cv,slope_10_5,shap_mean_abs,0.0018220121273770928,curve
NOR_5Y,5,Block_Hiking,Hiking,block_cv,slope_5_1,shap_mean_abs,0.0,curve
NOR_5Y,5,Block_Hiking,Hiking,block_cv,sofr_mom_1m,shap_mean_abs,0.0011697616428136826,macro
NOR_5Y,5,Block_Hiking,Hiking,block_cv,ibor_level,shap_mean_abs,0.0,macro
NOR_5Y,5,Block_Hiking,Hiking,block_cv,ibor_chg_1d,shap_mean_abs,0.0004077692865394056,macro
NOR_5Y,5,Block_Hiking,Hiking,block_cv,ibor_mom_1m,shap_mean_abs,0.00010481865319889039,macro
NOR_5Y,5,Block_Hiking,Hiking,block_cv,ibor_term_slope,shap_mean_abs,0.0008702706545591354,macro
NOR_5Y,5,Block_Hiking,Hiking,block_cv,swap_ibor_basis,shap_mean_abs,0.000603876484092325,curve
NOR_5Y,5,Block_Hiking,Hiking,block_cv,move_level,shap_mean_abs,0.00015124856145121157,vol
NOR_5Y,5,Block_Hiking,Hiking,block_cv,move_zscore,shap_mean_abs,0.00014717371959704906,vol
NOR_5Y,5,Block_Hiking,Hiking,block_cv,vix_level,shap_mean_abs,9.640483040129766e-05,vol
NOR_5Y,5,Block_Hiking,Hiking,block_cv,vix_zscore,shap_mean_abs,0.0,vol
NOR_5Y,5,Block_Hiking,Hiking,block_cv,v2x_level,shap_mean_abs,1.8521244783187285e-05,vol
NOR_5Y,5,Block_Hiking,Hiking,block_cv,vxn_level,shap_mean_abs,0.0,vol
NOR_5Y,5,Block_Hiking,Hiking,block_cv,ovx_level,shap_mean_abs,0.0,vol
NOR_5Y,5,Block_Hiking,Hiking,block_cv,gvz_level,shap_mean_abs,0.0,vol
NOR_5Y,5,Block_Hiking,Hiking,block_cv,spx_mom_1m,shap_mean_abs,0.0002702083147596568,macro
NOR_5Y,5,Block_Hiking,Hiking,block_cv,spx_mom_3m,shap_mean_abs,0.0,macro
NOR_5Y,5,Block_Hiking,Hiking,block_cv,sx5e_mom_1m,shap_mean_abs,0.0007614946225658059,macro
NOR_5Y,5,Block_Hiking,Hiking,block_cv,sx5e_mom_3m,shap_mean_abs,3.45294174621813e-05,macro
NOR_5Y,5,Block_Hiking,Hiking,block_cv,mxwo_mom_1m,shap_mean_abs,0.0,macro
NOR_5Y,5,Block_Hiking,Hiking,block_cv,ndx_mom_1m,shap_mean_abs,2.9472421374521218e-05,macro
NOR_5Y,5,Block_Hiking,Hiking,block_cv,oil_mom_1m,shap_mean_abs,0.0008956747478805482,macro
NOR_5Y,5,Block_Hiking,Hiking,block_cv,oil_mom_3m,shap_mean_abs,0.0002830129524227232,macro
NOR_5Y,5,Block_Hiking,Hiking,block_cv,copper_mom_1m,shap_mean_abs,0.00012100851017748937,macro
NOR_5Y,5,Block_Hiking,Hiking,block_cv,opec_prod,shap_mean_abs,0.0,macro
NOR_5Y,5,Block_Hiking,Hiking,block_cv,natgas_mom_1m,shap_mean_abs,0.0,macro
NOR_5Y,5,Block_Hiking,Hiking,block_cv,be5y_level,shap_mean_abs,6.401193968486041e-05,macro
NOR_5Y,5,Block_Hiking,Hiking,block_cv,be10y_level,shap_mean_abs,0.0,macro
NOR_5Y,5,Block_Hiking,Hiking,block_cv,be_slope,shap_mean_abs,0.0,macro
NOR_5Y,5,Block_Hiking,Hiking,block_cv,be5y_chg_1m,shap_mean_abs,0.0,macro
NOR_5Y,5,Block_Hiking,Hiking,block_cv,ig_spread,shap_mean_abs,0.0,credit
NOR_5Y,5,Block_Hiking,Hiking,block_cv,hy_spread,shap_mean_abs,0.0,credit
NOR_5Y,5,Block_Hiking,Hiking,block_cv,ig_chg_1m,shap_mean_abs,0.0,credit
NOR_5Y,5,Block_Hiking,Hiking,block_cv,hy_chg_1m,shap_mean_abs,0.0,credit
NOR_5Y,5,Block_Hiking,Hiking,block_cv,cpi_yoy,shap_mean_abs,0.0,macro
NOR_5Y,5,Block_Hiking,Hiking,block_cv,pce_core_chg,shap_mean_abs,0.00012957678700331599,macro
NOR_5Y,5,Block_Hiking,Hiking,block_cv,nfp_change,shap_mean_abs,0.0,macro
NOR_5Y,5,Block_Hiking,Hiking,block_cv,pmi_us,shap_mean_abs,7.205014117062092e-05,macro
NOR_5Y,5,Block_Hiking,Hiking,block_cv,pmi_eur,shap_mean_abs,0.0005950035993009806,macro
NOR_5Y,5,Block_Hiking,Hiking,block_cv,unemp_eur,shap_mean_abs,0.00048361902008764446,macro
NOR_5Y,5,Block_Hiking,Hiking,block_cv,cpi_nsa_level,shap_mean_abs,0.0,macro
NOR_5Y,5,Block_Hiking,Hiking,block_cv,pce_core_level,shap_mean_abs,0.0,macro
NOR_5Y,5,Block_Hiking,Hiking,block_cv,eur_3m,shap_mean_abs,3.996973828179762e-05,macro
NOR_5Y,5,Block_Hiking,Hiking,block_cv,eur_1w,shap_mean_abs,0.0,macro
NOR_5Y,5,Block_Hiking,Hiking,block_cv,nor_ibor_1m,shap_mean_abs,5.1954208174720407e-05,norway
NOR_5Y,5,Block_Hiking,Hiking,block_cv,nor_ibor_6m,shap_mean_abs,0.00018826390441972762,norway
NOR_5Y,5,Block_Hiking,Hiking,block_cv,nor_ecb_dfr_chg,shap_mean_abs,0.0,norway
NOR_5Y,5,Block_Hiking,Hiking,block_cv,nor_ecb_dfr_level,shap_mean_abs,5.4814896429888904e-05,norway
NOR_5Y,5,Block_Hiking,Hiking,block_cv,nor_eurnok_chg_1d,shap_mean_abs,0.00040094120777212083,norway
NOR_5Y,5,Block_Hiking,Hiking,block_cv,nor_eurnok_level,shap_mean_abs,0.0,norway
NOR_5Y,5,Block_Hiking,Hiking,block_cv,nor_eurnok_mom_1m,shap_mean_abs,9.456281986786053e-06,norway
NOR_5Y,5,Block_Hiking,Hiking,block_cv,nor_eurnok_mom_3m,shap_mean_abs,0.0,norway
NOR_5Y,5,Block_Hiking,Hiking,block_cv,nor_eurnok_rvol_20d,shap_mean_abs,2.900070649047848e-05,norway
NOR_5Y,5,Block_Hiking,Hiking,block_cv,nor_govt_10y,shap_mean_abs,0.0,norway
NOR_5Y,5,Block_Hiking,Hiking,block_cv,nor_govt_3y,shap_mean_abs,0.0,norway
NOR_5Y,5,Block_Hiking,Hiking,block_cv,nor_govt_5y,shap_mean_abs,0.0,norway
NOR_5Y,5,Block_Hiking,Hiking,block_cv,nor_i44_chg_1d,shap_mean_abs,0.00042087171459570527,norway
NOR_5Y,5,Block_Hiking,Hiking,block_cv,nor_i44_level,shap_mean_abs,0.0,norway
NOR_5Y,5,Block_Hiking,Hiking,block_cv,nor_i44_mom_1m,shap_mean_abs,6.16754186921753e-05,norway
NOR_5Y,5,Block_Hiking,Hiking,block_cv,nor_i44_mom_3m,shap_mean_abs,0.0,norway
NOR_5Y,5,Block_Hiking,Hiking,block_cv,nor_i44_rvol_20d,shap_mean_abs,3.7280580727383494e-05,norway
NOR_5Y,5,Block_Hiking,Hiking,block_cv,nor_kpi_yoy,shap_mean_abs,0.0,norway
NOR_5Y,5,Block_Hiking,Hiking,block_cv,nor_kpijae_yoy,shap_mean_abs,0.0,norway
NOR_5Y,5,Block_Hiking,Hiking,block_cv,nor_nibor_nowa_spread,shap_mean_abs,0.000343801366398111,norway
NOR_5Y,5,Block_Hiking,Hiking,block_cv,nor_nowa_level,shap_mean_abs,0.0024045270401984453,norway
NOR_5Y,5,Block_Hiking,Hiking,block_cv,nor_polrate_chg_1d,shap_mean_abs,0.0,norway
NOR_5Y,5,Block_Hiking,Hiking,block_cv,nor_polrate_days_since_chg,shap_mean_abs,0.0,norway
NOR_5Y,5,Block_Hiking,Hiking,block_cv,nor_polrate_level,shap_mean_abs,0.0,norway
NOR_5Y,5,Block_Hiking,Hiking,block_cv,nor_rb_rate_chg,shap_mean_abs,0.0,norway
NOR_5Y,5,Block_Hiking,Hiking,block_cv,nor_rb_rate_level,shap_mean_abs,0.0,norway
NOR_5Y,5,Block_Hiking,Hiking,block_cv,nor_unemp,shap_mean_abs,0.00010032710997620597,norway
NOR_5Y,5,Block_Hiking,Hiking,block_cv,nor_usdnok_chg_1d,shap_mean_abs,0.0,norway
NOR_5Y,5,Block_Hiking,Hiking,block_cv,nor_usdnok_level,shap_mean_abs,0.000411432032706216,norway
NOR_5Y,5,Block_Hiking,Hiking,block_cv,nor_usdnok_mom_1m,shap_mean_abs,0.0,norway
NOR_5Y,5,Block_Hiking,Hiking,block_cv,nor_usdnok_mom_3m,shap_mean_abs,0.001282657845877111,norway
NOR_5Y,5,Block_Hiking,Hiking,block_cv,nor_usdnok_rvol_20d,shap_mean_abs,4.141029421589337e-06,norway
NOR_5Y,5,Block_Hiking,Hiking,block_cv,swap_govt_spread,shap_mean_abs,0.0,norway
NOR_5Y,5,Block_Hiking,Hiking,block_cv,xmpca_01,shap_mean_abs,0.0,cross_market
NOR_5Y,5,Block_Hiking,Hiking,block_cv,xmpca_02,shap_mean_abs,1.2039025023113936e-05,cross_market
NOR_5Y,5,Block_Hiking,Hiking,block_cv,xmpca_03,shap_mean_abs,0.0,cross_market
NOR_5Y,5,Block_Hiking,Hiking,block_cv,xmpca_04,shap_mean_abs,0.0,cross_market
NOR_5Y,5,Block_Hiking,Hiking,block_cv,xmpca_05,shap_mean_abs,0.0,cross_market
NOR_5Y,5,Block_Hiking,Hiking,block_cv,xmpca_06,shap_mean_abs,9.66603183769621e-05,cross_market
NOR_5Y,5,Block_Hiking,Hiking,block_cv,xmpca_07,shap_mean_abs,0.0,cross_market
NOR_5Y,5,Block_Hiking,Hiking,block_cv,xmpca_08,shap_mean_abs,0.0,cross_market
NOR_5Y,5,Block_Hiking,Hiking,block_cv,xmpca_09,shap_mean_abs,0.0009311259491369128,cross_market
NOR_5Y,5,Block_Hiking,Hiking,block_cv,xmpca_10,shap_mean_abs,0.0,cross_market
NOR_5Y,5,Block_Hiking,Hiking,block_cv,xmpca_11,shap_mean_abs,0.00010672628559404984,cross_market
NOR_5Y,5,Block_Hiking,Hiking,block_cv,xmpca_12,shap_mean_abs,0.0,cross_market
NOR_10Y,5,LORO_GFC,GFC,loro,chg_lag1,gain,0.016936825588345528,momentum
NOR_10Y,5,LORO_GFC,GFC,loro,chg_lag2,gain,0.005945251323282719,momentum
NOR_10Y,5,LORO_GFC,GFC,loro,chg_lag3,gain,0.039865702390670776,momentum
NOR_10Y,5,LORO_GFC,GFC,loro,chg_lag4,gain,0.0,momentum
NOR_10Y,5,LORO_GFC,GFC,loro,chg_lag5,gain,0.004737839102745056,momentum
NOR_10Y,5,LORO_GFC,GFC,loro,carry_roll,gain,0.0,carry_roll
NOR_10Y,5,LORO_GFC,GFC,loro,mom_63d,gain,0.041538797318935394,momentum
NOR_10Y,5,LORO_GFC,GFC,loro,mom_1m,gain,0.0,momentum
NOR_10Y,5,LORO_GFC,GFC,loro,mom_3m,gain,0.0,momentum
NOR_10Y,5,LORO_GFC,GFC,loro,mom_6m,gain,0.0,momentum
NOR_10Y,5,LORO_GFC,GFC,loro,mom_12m,gain,0.0,momentum
NOR_10Y,5,LORO_GFC,GFC,loro,dev_ma_3m,gain,0.033536139875650406,curve
NOR_10Y,5,LORO_GFC,GFC,loro,dev_ma_12m,gain,0.0,curve
NOR_10Y,5,LORO_GFC,GFC,loro,vol_20d,gain,0.0,vol
NOR_10Y,5,LORO_GFC,GFC,loro,vol_regime,gain,0.0,vol
NOR_10Y,5,LORO_GFC,GFC,loro,vol_zscore,gain,0.08277947455644608,vol
NOR_10Y,5,LORO_GFC,GFC,loro,level_zscore,gain,0.09649717807769775,curve
NOR_10Y,5,LORO_GFC,GFC,loro,slope_10_1,gain,0.04864785075187683,curve
NOR_10Y,5,LORO_GFC,GFC,loro,slope_10_5,gain,0.0,curve
NOR_10Y,5,LORO_GFC,GFC,loro,slope_5_1,gain,0.062015872448682785,curve
NOR_10Y,5,LORO_GFC,GFC,loro,sofr_mom_1m,gain,0.03902298957109451,macro
NOR_10Y,5,LORO_GFC,GFC,loro,ibor_level,gain,0.0645177960395813,macro
NOR_10Y,5,LORO_GFC,GFC,loro,ibor_chg_1d,gain,0.0,macro
NOR_10Y,5,LORO_GFC,GFC,loro,ibor_mom_1m,gain,0.0,macro
NOR_10Y,5,LORO_GFC,GFC,loro,ibor_term_slope,gain,0.0,macro
NOR_10Y,5,LORO_GFC,GFC,loro,swap_ibor_basis,gain,0.0,curve
NOR_10Y,5,LORO_GFC,GFC,loro,move_level,gain,0.0,vol
NOR_10Y,5,LORO_GFC,GFC,loro,move_zscore,gain,0.035324789583683014,vol
NOR_10Y,5,LORO_GFC,GFC,loro,vix_level,gain,0.0,vol
NOR_10Y,5,LORO_GFC,GFC,loro,vix_zscore,gain,0.0,vol
NOR_10Y,5,LORO_GFC,GFC,loro,v2x_level,gain,0.08027902990579605,vol
NOR_10Y,5,LORO_GFC,GFC,loro,vxn_level,gain,0.06393136084079742,vol
NOR_10Y,5,LORO_GFC,GFC,loro,ovx_level,gain,0.0,vol
NOR_10Y,5,LORO_GFC,GFC,loro,gvz_level,gain,0.0,vol
NOR_10Y,5,LORO_GFC,GFC,loro,spx_mom_1m,gain,0.005729354918003082,macro
NOR_10Y,5,LORO_GFC,GFC,loro,spx_mom_3m,gain,0.08852905035018921,macro
NOR_10Y,5,LORO_GFC,GFC,loro,sx5e_mom_1m,gain,0.0,macro
NOR_10Y,5,LORO_GFC,GFC,loro,sx5e_mom_3m,gain,0.049773748964071274,macro
NOR_10Y,5,LORO_GFC,GFC,loro,mxwo_mom_1m,gain,0.0,macro
NOR_10Y,5,LORO_GFC,GFC,loro,ndx_mom_1m,gain,0.08563303202390671,macro
NOR_10Y,5,LORO_GFC,GFC,loro,oil_mom_1m,gain,0.08606068789958954,macro
NOR_10Y,5,LORO_GFC,GFC,loro,oil_mom_3m,gain,0.0,macro
NOR_10Y,5,LORO_GFC,GFC,loro,copper_mom_1m,gain,0.22005699574947357,macro
NOR_10Y,5,LORO_GFC,GFC,loro,opec_prod,gain,0.0,macro
NOR_10Y,5,LORO_GFC,GFC,loro,natgas_mom_1m,gain,0.0,macro
NOR_10Y,5,LORO_GFC,GFC,loro,be5y_level,gain,0.0,macro
NOR_10Y,5,LORO_GFC,GFC,loro,be10y_level,gain,0.0,macro
NOR_10Y,5,LORO_GFC,GFC,loro,be_slope,gain,0.0,macro
NOR_10Y,5,LORO_GFC,GFC,loro,be5y_chg_1m,gain,0.0,macro
NOR_10Y,5,LORO_GFC,GFC,loro,ig_spread,gain,0.0,credit
NOR_10Y,5,LORO_GFC,GFC,loro,hy_spread,gain,0.0,credit
NOR_10Y,5,LORO_GFC,GFC,loro,ig_chg_1m,gain,0.0,credit
NOR_10Y,5,LORO_GFC,GFC,loro,hy_chg_1m,gain,0.0,credit
NOR_10Y,5,LORO_GFC,GFC,loro,cpi_yoy,gain,0.16013145446777344,macro
NOR_10Y,5,LORO_GFC,GFC,loro,pce_core_chg,gain,0.03332199901342392,macro
NOR_10Y,5,LORO_GFC,GFC,loro,nfp_change,gain,0.0,macro
NOR_10Y,5,LORO_GFC,GFC,loro,pmi_us,gain,0.0,macro
NOR_10Y,5,LORO_GFC,GFC,loro,pmi_eur,gain,0.11351189017295837,macro
NOR_10Y,5,LORO_GFC,GFC,loro,unemp_eur,gain,0.0,macro
NOR_10Y,5,LORO_GFC,GFC,loro,cpi_nsa_level,gain,0.0,macro
NOR_10Y,5,LORO_GFC,GFC,loro,pce_core_level,gain,0.0,macro
NOR_10Y,5,LORO_GFC,GFC,loro,eur_3m,gain,0.07409973442554474,macro
NOR_10Y,5,LORO_GFC,GFC,loro,eur_1w,gain,0.0,macro
NOR_10Y,5,LORO_GFC,GFC,loro,nor_ibor_1m,gain,0.0,norway
NOR_10Y,5,LORO_GFC,GFC,loro,nor_ibor_6m,gain,0.0,norway
NOR_10Y,5,LORO_GFC,GFC,loro,nor_ecb_dfr_chg,gain,0.0,norway
NOR_10Y,5,LORO_GFC,GFC,loro,nor_ecb_dfr_level,gain,0.0,norway
NOR_10Y,5,LORO_GFC,GFC,loro,nor_eurnok_chg_1d,gain,0.04282701015472412,norway
NOR_10Y,5,LORO_GFC,GFC,loro,nor_eurnok_level,gain,0.0,norway
NOR_10Y,5,LORO_GFC,GFC,loro,nor_eurnok_mom_1m,gain,0.052234798669815063,norway
NOR_10Y,5,LORO_GFC,GFC,loro,nor_eurnok_mom_3m,gain,0.0,norway
NOR_10Y,5,LORO_GFC,GFC,loro,nor_eurnok_rvol_20d,gain,0.0,norway
NOR_10Y,5,LORO_GFC,GFC,loro,nor_govt_10y,gain,0.0,norway
NOR_10Y,5,LORO_GFC,GFC,loro,nor_govt_3y,gain,0.024402864277362823,norway
NOR_10Y,5,LORO_GFC,GFC,loro,nor_govt_5y,gain,0.0,norway
NOR_10Y,5,LORO_GFC,GFC,loro,nor_i44_chg_1d,gain,0.0,norway
NOR_10Y,5,LORO_GFC,GFC,loro,nor_i44_level,gain,0.0,norway
NOR_10Y,5,LORO_GFC,GFC,loro,nor_i44_mom_1m,gain,0.0,norway
NOR_10Y,5,LORO_GFC,GFC,loro,nor_i44_mom_3m,gain,0.048482537269592285,norway
NOR_10Y,5,LORO_GFC,GFC,loro,nor_i44_rvol_20d,gain,0.0,norway
NOR_10Y,5,LORO_GFC,GFC,loro,nor_kpi_yoy,gain,0.0,norway
NOR_10Y,5,LORO_GFC,GFC,loro,nor_kpijae_yoy,gain,0.0,norway
NOR_10Y,5,LORO_GFC,GFC,loro,nor_nibor_nowa_spread,gain,0.0,norway
NOR_10Y,5,LORO_GFC,GFC,loro,nor_nowa_level,gain,0.0,norway
NOR_10Y,5,LORO_GFC,GFC,loro,nor_polrate_chg_1d,gain,0.0,norway
NOR_10Y,5,LORO_GFC,GFC,loro,nor_polrate_days_since_chg,gain,0.0,norway
NOR_10Y,5,LORO_GFC,GFC,loro,nor_polrate_level,gain,0.0,norway
NOR_10Y,5,LORO_GFC,GFC,loro,nor_rb_rate_chg,gain,0.0,norway
NOR_10Y,5,LORO_GFC,GFC,loro,nor_rb_rate_level,gain,0.0,norway
NOR_10Y,5,LORO_GFC,GFC,loro,nor_unemp,gain,0.0,norway
NOR_10Y,5,LORO_GFC,GFC,loro,nor_usdnok_chg_1d,gain,0.0,norway
NOR_10Y,5,LORO_GFC,GFC,loro,nor_usdnok_level,gain,0.0,norway
NOR_10Y,5,LORO_GFC,GFC,loro,nor_usdnok_mom_1m,gain,0.0,norway
NOR_10Y,5,LORO_GFC,GFC,loro,nor_usdnok_mom_3m,gain,0.14709225296974182,norway
NOR_10Y,5,LORO_GFC,GFC,loro,nor_usdnok_rvol_20d,gain,0.0,norway
NOR_10Y,5,LORO_GFC,GFC,loro,swap_govt_spread,gain,0.0,norway
NOR_10Y,5,LORO_GFC,GFC,loro,xmpca_01,gain,0.07115232944488525,cross_market
NOR_10Y,5,LORO_GFC,GFC,loro,xmpca_02,gain,0.012789182364940643,cross_market
NOR_10Y,5,LORO_GFC,GFC,loro,xmpca_03,gain,0.0,cross_market
NOR_10Y,5,LORO_GFC,GFC,loro,xmpca_04,gain,0.0,cross_market
NOR_10Y,5,LORO_GFC,GFC,loro,xmpca_05,gain,0.10448251664638519,cross_market
NOR_10Y,5,LORO_GFC,GFC,loro,xmpca_06,gain,0.06487230211496353,cross_market
NOR_10Y,5,LORO_GFC,GFC,loro,xmpca_07,gain,0.0,cross_market
NOR_10Y,5,LORO_GFC,GFC,loro,xmpca_08,gain,0.0,cross_market
NOR_10Y,5,LORO_GFC,GFC,loro,xmpca_09,gain,0.0,cross_market
NOR_10Y,5,LORO_GFC,GFC,loro,xmpca_10,gain,0.11614830791950226,cross_market
NOR_10Y,5,LORO_GFC,GFC,loro,xmpca_11,gain,0.0,cross_market
NOR_10Y,5,LORO_GFC,GFC,loro,xmpca_12,gain,0.02435353398323059,cross_market
NOR_10Y,5,LORO_GFC,GFC,loro,chg_lag1,weight,2.0,momentum
NOR_10Y,5,LORO_GFC,GFC,loro,chg_lag2,weight,2.0,momentum
NOR_10Y,5,LORO_GFC,GFC,loro,chg_lag3,weight,2.0,momentum
NOR_10Y,5,LORO_GFC,GFC,loro,chg_lag4,weight,0.0,momentum
NOR_10Y,5,LORO_GFC,GFC,loro,chg_lag5,weight,1.0,momentum
NOR_10Y,5,LORO_GFC,GFC,loro,carry_roll,weight,0.0,carry_roll
NOR_10Y,5,LORO_GFC,GFC,loro,mom_63d,weight,1.0,momentum
NOR_10Y,5,LORO_GFC,GFC,loro,mom_1m,weight,0.0,momentum
NOR_10Y,5,LORO_GFC,GFC,loro,mom_3m,weight,0.0,momentum
NOR_10Y,5,LORO_GFC,GFC,loro,mom_6m,weight,0.0,momentum
NOR_10Y,5,LORO_GFC,GFC,loro,mom_12m,weight,0.0,momentum
NOR_10Y,5,LORO_GFC,GFC,loro,dev_ma_3m,weight,2.0,curve
NOR_10Y,5,LORO_GFC,GFC,loro,dev_ma_12m,weight,0.0,curve
NOR_10Y,5,LORO_GFC,GFC,loro,vol_20d,weight,0.0,vol
NOR_10Y,5,LORO_GFC,GFC,loro,vol_regime,weight,0.0,vol
NOR_10Y,5,LORO_GFC,GFC,loro,vol_zscore,weight,1.0,vol
NOR_10Y,5,LORO_GFC,GFC,loro,level_zscore,weight,1.0,curve
NOR_10Y,5,LORO_GFC,GFC,loro,slope_10_1,weight,1.0,curve
NOR_10Y,5,LORO_GFC,GFC,loro,slope_10_5,weight,0.0,curve
NOR_10Y,5,LORO_GFC,GFC,loro,slope_5_1,weight,2.0,curve
NOR_10Y,5,LORO_GFC,GFC,loro,sofr_mom_1m,weight,2.0,macro
NOR_10Y,5,LORO_GFC,GFC,loro,ibor_level,weight,2.0,macro
NOR_10Y,5,LORO_GFC,GFC,loro,ibor_chg_1d,weight,0.0,macro
NOR_10Y,5,LORO_GFC,GFC,loro,ibor_mom_1m,weight,0.0,macro
NOR_10Y,5,LORO_GFC,GFC,loro,ibor_term_slope,weight,0.0,macro
NOR_10Y,5,LORO_GFC,GFC,loro,swap_ibor_basis,weight,0.0,curve
NOR_10Y,5,LORO_GFC,GFC,loro,move_level,weight,0.0,vol
NOR_10Y,5,LORO_GFC,GFC,loro,move_zscore,weight,1.0,vol
NOR_10Y,5,LORO_GFC,GFC,loro,vix_level,weight,0.0,vol
NOR_10Y,5,LORO_GFC,GFC,loro,vix_zscore,weight,0.0,vol
NOR_10Y,5,LORO_GFC,GFC,loro,v2x_level,weight,2.0,vol
NOR_10Y,5,LORO_GFC,GFC,loro,vxn_level,weight,1.0,vol
NOR_10Y,5,LORO_GFC,GFC,loro,ovx_level,weight,0.0,vol
NOR_10Y,5,LORO_GFC,GFC,loro,gvz_level,weight,0.0,vol
NOR_10Y,5,LORO_GFC,GFC,loro,spx_mom_1m,weight,1.0,macro
NOR_10Y,5,LORO_GFC,GFC,loro,spx_mom_3m,weight,1.0,macro
NOR_10Y,5,LORO_GFC,GFC,loro,sx5e_mom_1m,weight,0.0,macro
NOR_10Y,5,LORO_GFC,GFC,loro,sx5e_mom_3m,weight,1.0,macro
NOR_10Y,5,LORO_GFC,GFC,loro,mxwo_mom_1m,weight,0.0,macro
NOR_10Y,5,LORO_GFC,GFC,loro,ndx_mom_1m,weight,1.0,macro
NOR_10Y,5,LORO_GFC,GFC,loro,oil_mom_1m,weight,2.0,macro
NOR_10Y,5,LORO_GFC,GFC,loro,oil_mom_3m,weight,0.0,macro
NOR_10Y,5,LORO_GFC,GFC,loro,copper_mom_1m,weight,1.0,macro
NOR_10Y,5,LORO_GFC,GFC,loro,opec_prod,weight,0.0,macro
NOR_10Y,5,LORO_GFC,GFC,loro,natgas_mom_1m,weight,0.0,macro
NOR_10Y,5,LORO_GFC,GFC,loro,be5y_level,weight,0.0,macro
NOR_10Y,5,LORO_GFC,GFC,loro,be10y_level,weight,0.0,macro
NOR_10Y,5,LORO_GFC,GFC,loro,be_slope,weight,0.0,macro
NOR_10Y,5,LORO_GFC,GFC,loro,be5y_chg_1m,weight,0.0,macro
NOR_10Y,5,LORO_GFC,GFC,loro,ig_spread,weight,0.0,credit
NOR_10Y,5,LORO_GFC,GFC,loro,hy_spread,weight,0.0,credit
NOR_10Y,5,LORO_GFC,GFC,loro,ig_chg_1m,weight,0.0,credit
NOR_10Y,5,LORO_GFC,GFC,loro,hy_chg_1m,weight,0.0,credit
NOR_10Y,5,LORO_GFC,GFC,loro,cpi_yoy,weight,1.0,macro
NOR_10Y,5,LORO_GFC,GFC,loro,pce_core_chg,weight,1.0,macro
NOR_10Y,5,LORO_GFC,GFC,loro,nfp_change,weight,0.0,macro
NOR_10Y,5,LORO_GFC,GFC,loro,pmi_us,weight,0.0,macro
NOR_10Y,5,LORO_GFC,GFC,loro,pmi_eur,weight,1.0,macro
NOR_10Y,5,LORO_GFC,GFC,loro,unemp_eur,weight,0.0,macro
NOR_10Y,5,LORO_GFC,GFC,loro,cpi_nsa_level,weight,0.0,macro
NOR_10Y,5,LORO_GFC,GFC,loro,pce_core_level,weight,0.0,macro
NOR_10Y,5,LORO_GFC,GFC,loro,eur_3m,weight,2.0,macro
NOR_10Y,5,LORO_GFC,GFC,loro,eur_1w,weight,0.0,macro
NOR_10Y,5,LORO_GFC,GFC,loro,nor_ibor_1m,weight,0.0,norway
NOR_10Y,5,LORO_GFC,GFC,loro,nor_ibor_6m,weight,0.0,norway
NOR_10Y,5,LORO_GFC,GFC,loro,nor_ecb_dfr_chg,weight,0.0,norway
NOR_10Y,5,LORO_GFC,GFC,loro,nor_ecb_dfr_level,weight,0.0,norway
NOR_10Y,5,LORO_GFC,GFC,loro,nor_eurnok_chg_1d,weight,1.0,norway
NOR_10Y,5,LORO_GFC,GFC,loro,nor_eurnok_level,weight,0.0,norway
NOR_10Y,5,LORO_GFC,GFC,loro,nor_eurnok_mom_1m,weight,1.0,norway
NOR_10Y,5,LORO_GFC,GFC,loro,nor_eurnok_mom_3m,weight,0.0,norway
NOR_10Y,5,LORO_GFC,GFC,loro,nor_eurnok_rvol_20d,weight,0.0,norway
NOR_10Y,5,LORO_GFC,GFC,loro,nor_govt_10y,weight,0.0,norway
NOR_10Y,5,LORO_GFC,GFC,loro,nor_govt_3y,weight,1.0,norway
NOR_10Y,5,LORO_GFC,GFC,loro,nor_govt_5y,weight,0.0,norway
NOR_10Y,5,LORO_GFC,GFC,loro,nor_i44_chg_1d,weight,0.0,norway
NOR_10Y,5,LORO_GFC,GFC,loro,nor_i44_level,weight,0.0,norway
NOR_10Y,5,LORO_GFC,GFC,loro,nor_i44_mom_1m,weight,0.0,norway
NOR_10Y,5,LORO_GFC,GFC,loro,nor_i44_mom_3m,weight,2.0,norway
NOR_10Y,5,LORO_GFC,GFC,loro,nor_i44_rvol_20d,weight,0.0,norway
NOR_10Y,5,LORO_GFC,GFC,loro,nor_kpi_yoy,weight,0.0,norway
NOR_10Y,5,LORO_GFC,GFC,loro,nor_kpijae_yoy,weight,0.0,norway
NOR_10Y,5,LORO_GFC,GFC,loro,nor_nibor_nowa_spread,weight,0.0,norway
NOR_10Y,5,LORO_GFC,GFC,loro,nor_nowa_level,weight,0.0,norway
NOR_10Y,5,LORO_GFC,GFC,loro,nor_polrate_chg_1d,weight,0.0,norway
NOR_10Y,5,LORO_GFC,GFC,loro,nor_polrate_days_since_chg,weight,0.0,norway
NOR_10Y,5,LORO_GFC,GFC,loro,nor_polrate_level,weight,0.0,norway
NOR_10Y,5,LORO_GFC,GFC,loro,nor_rb_rate_chg,weight,0.0,norway
NOR_10Y,5,LORO_GFC,GFC,loro,nor_rb_rate_level,weight,0.0,norway
NOR_10Y,5,LORO_GFC,GFC,loro,nor_unemp,weight,0.0,norway
NOR_10Y,5,LORO_GFC,GFC,loro,nor_usdnok_chg_1d,weight,0.0,norway
NOR_10Y,5,LORO_GFC,GFC,loro,nor_usdnok_level,weight,0.0,norway
NOR_10Y,5,LORO_GFC,GFC,loro,nor_usdnok_mom_1m,weight,0.0,norway
NOR_10Y,5,LORO_GFC,GFC,loro,nor_usdnok_mom_3m,weight,1.0,norway
NOR_10Y,5,LORO_GFC,GFC,loro,nor_usdnok_rvol_20d,weight,0.0,norway
NOR_10Y,5,LORO_GFC,GFC,loro,swap_govt_spread,weight,0.0,norway
NOR_10Y,5,LORO_GFC,GFC,loro,xmpca_01,weight,1.0,cross_market
NOR_10Y,5,LORO_GFC,GFC,loro,xmpca_02,weight,2.0,cross_market
NOR_10Y,5,LORO_GFC,GFC,loro,xmpca_03,weight,0.0,cross_market
NOR_10Y,5,LORO_GFC,GFC,loro,xmpca_04,weight,0.0,cross_market
NOR_10Y,5,LORO_GFC,GFC,loro,xmpca_05,weight,1.0,cross_market
NOR_10Y,5,LORO_GFC,GFC,loro,xmpca_06,weight,1.0,cross_market
NOR_10Y,5,LORO_GFC,GFC,loro,xmpca_07,weight,0.0,cross_market
NOR_10Y,5,LORO_GFC,GFC,loro,xmpca_08,weight,0.0,cross_market
NOR_10Y,5,LORO_GFC,GFC,loro,xmpca_09,weight,0.0,cross_market
NOR_10Y,5,LORO_GFC,GFC,loro,xmpca_10,weight,1.0,cross_market
NOR_10Y,5,LORO_GFC,GFC,loro,xmpca_11,weight,0.0,cross_market
NOR_10Y,5,LORO_GFC,GFC,loro,xmpca_12,weight,1.0,cross_market
NOR_10Y,5,LORO_GFC,GFC,loro,chg_lag1,cover,12.5,momentum
NOR_10Y,5,LORO_GFC,GFC,loro,chg_lag2,cover,9.5,momentum
NOR_10Y,5,LORO_GFC,GFC,loro,chg_lag3,cover,86.5,momentum
NOR_10Y,5,LORO_GFC,GFC,loro,chg_lag4,cover,0.0,momentum
NOR_10Y,5,LORO_GFC,GFC,loro,chg_lag5,cover,16.0,momentum
NOR_10Y,5,LORO_GFC,GFC,loro,carry_roll,cover,0.0,carry_roll
NOR_10Y,5,LORO_GFC,GFC,loro,mom_63d,cover,34.0,momentum
NOR_10Y,5,LORO_GFC,GFC,loro,mom_1m,cover,0.0,momentum
NOR_10Y,5,LORO_GFC,GFC,loro,mom_3m,cover,0.0,momentum
NOR_10Y,5,LORO_GFC,GFC,loro,mom_6m,cover,0.0,momentum
NOR_10Y,5,LORO_GFC,GFC,loro,mom_12m,cover,0.0,momentum
NOR_10Y,5,LORO_GFC,GFC,loro,dev_ma_3m,cover,13.5,curve
NOR_10Y,5,LORO_GFC,GFC,loro,dev_ma_12m,cover,0.0,curve
NOR_10Y,5,LORO_GFC,GFC,loro,vol_20d,cover,0.0,vol
NOR_10Y,5,LORO_GFC,GFC,loro,vol_regime,cover,0.0,vol
NOR_10Y,5,LORO_GFC,GFC,loro,vol_zscore,cover,77.0,vol
NOR_10Y,5,LORO_GFC,GFC,loro,level_zscore,cover,646.0,curve
NOR_10Y,5,LORO_GFC,GFC,loro,slope_10_1,cover,124.0,curve
NOR_10Y,5,LORO_GFC,GFC,loro,slope_10_5,cover,0.0,curve
NOR_10Y,5,LORO_GFC,GFC,loro,slope_5_1,cover,529.0,curve
NOR_10Y,5,LORO_GFC,GFC,loro,sofr_mom_1m,cover,458.0,macro
NOR_10Y,5,LORO_GFC,GFC,loro,ibor_level,cover,376.0,macro
NOR_10Y,5,LORO_GFC,GFC,loro,ibor_chg_1d,cover,0.0,macro
NOR_10Y,5,LORO_GFC,GFC,loro,ibor_mom_1m,cover,0.0,macro
NOR_10Y,5,LORO_GFC,GFC,loro,ibor_term_slope,cover,0.0,macro
NOR_10Y,5,LORO_GFC,GFC,loro,swap_ibor_basis,cover,0.0,curve
NOR_10Y,5,LORO_GFC,GFC,loro,move_level,cover,0.0,vol
NOR_10Y,5,LORO_GFC,GFC,loro,move_zscore,cover,22.0,vol
NOR_10Y,5,LORO_GFC,GFC,loro,vix_level,cover,0.0,vol
NOR_10Y,5,LORO_GFC,GFC,loro,vix_zscore,cover,0.0,vol
NOR_10Y,5,LORO_GFC,GFC,loro,v2x_level,cover,82.5,vol
NOR_10Y,5,LORO_GFC,GFC,loro,vxn_level,cover,522.0,vol
NOR_10Y,5,LORO_GFC,GFC,loro,ovx_level,cover,0.0,vol
NOR_10Y,5,LORO_GFC,GFC,loro,gvz_level,cover,0.0,vol
NOR_10Y,5,LORO_GFC,GFC,loro,spx_mom_1m,cover,6.0,macro
NOR_10Y,5,LORO_GFC,GFC,loro,spx_mom_3m,cover,54.0,macro
NOR_10Y,5,LORO_GFC,GFC,loro,sx5e_mom_1m,cover,0.0,macro
NOR_10Y,5,LORO_GFC,GFC,loro,sx5e_mom_3m,cover,15.0,macro
NOR_10Y,5,LORO_GFC,GFC,loro,mxwo_mom_1m,cover,0.0,macro
NOR_10Y,5,LORO_GFC,GFC,loro,ndx_mom_1m,cover,1475.0,macro
NOR_10Y,5,LORO_GFC,GFC,loro,oil_mom_1m,cover,881.5,macro
NOR_10Y,5,LORO_GFC,GFC,loro,oil_mom_3m,cover,0.0,macro
NOR_10Y,5,LORO_GFC,GFC,loro,copper_mom_1m,cover,100.0,macro
NOR_10Y,5,LORO_GFC,GFC,loro,opec_prod,cover,0.0,macro
NOR_10Y,5,LORO_GFC,GFC,loro,natgas_mom_1m,cover,0.0,macro
NOR_10Y,5,LORO_GFC,GFC,loro,be5y_level,cover,0.0,macro
NOR_10Y,5,LORO_GFC,GFC,loro,be10y_level,cover,0.0,macro
NOR_10Y,5,LORO_GFC,GFC,loro,be_slope,cover,0.0,macro
NOR_10Y,5,LORO_GFC,GFC,loro,be5y_chg_1m,cover,0.0,macro
NOR_10Y,5,LORO_GFC,GFC,loro,ig_spread,cover,0.0,credit
NOR_10Y,5,LORO_GFC,GFC,loro,hy_spread,cover,0.0,credit
NOR_10Y,5,LORO_GFC,GFC,loro,ig_chg_1m,cover,0.0,credit
NOR_10Y,5,LORO_GFC,GFC,loro,hy_chg_1m,cover,0.0,credit
NOR_10Y,5,LORO_GFC,GFC,loro,cpi_yoy,cover,1809.0,macro
NOR_10Y,5,LORO_GFC,GFC,loro,pce_core_chg,cover,50.0,macro
NOR_10Y,5,LORO_GFC,GFC,loro,nfp_change,cover,0.0,macro
NOR_10Y,5,LORO_GFC,GFC,loro,pmi_us,cover,0.0,macro
NOR_10Y,5,LORO_GFC,GFC,loro,pmi_eur,cover,1713.0,macro
NOR_10Y,5,LORO_GFC,GFC,loro,unemp_eur,cover,0.0,macro
NOR_10Y,5,LORO_GFC,GFC,loro,cpi_nsa_level,cover,0.0,macro
NOR_10Y,5,LORO_GFC,GFC,loro,pce_core_level,cover,0.0,macro
NOR_10Y,5,LORO_GFC,GFC,loro,eur_3m,cover,96.5,macro
NOR_10Y,5,LORO_GFC,GFC,loro,eur_1w,cover,0.0,macro
NOR_10Y,5,LORO_GFC,GFC,loro,nor_ibor_1m,cover,0.0,norway
NOR_10Y,5,LORO_GFC,GFC,loro,nor_ibor_6m,cover,0.0,norway
NOR_10Y,5,LORO_GFC,GFC,loro,nor_ecb_dfr_chg,cover,0.0,norway
NOR_10Y,5,LORO_GFC,GFC,loro,nor_ecb_dfr_level,cover,0.0,norway
NOR_10Y,5,LORO_GFC,GFC,loro,nor_eurnok_chg_1d,cover,44.0,norway
NOR_10Y,5,LORO_GFC,GFC,loro,nor_eurnok_level,cover,0.0,norway
NOR_10Y,5,LORO_GFC,GFC,loro,nor_eurnok_mom_1m,cover,38.0,norway
NOR_10Y,5,LORO_GFC,GFC,loro,nor_eurnok_mom_3m,cover,0.0,norway
NOR_10Y,5,LORO_GFC,GFC,loro,nor_eurnok_rvol_20d,cover,0.0,norway
NOR_10Y,5,LORO_GFC,GFC,loro,nor_govt_10y,cover,0.0,norway
NOR_10Y,5,LORO_GFC,GFC,loro,nor_govt_3y,cover,18.0,norway
NOR_10Y,5,LORO_GFC,GFC,loro,nor_govt_5y,cover,0.0,norway
NOR_10Y,5,LORO_GFC,GFC,loro,nor_i44_chg_1d,cover,0.0,norway
NOR_10Y,5,LORO_GFC,GFC,loro,nor_i44_level,cover,0.0,norway
NOR_10Y,5,LORO_GFC,GFC,loro,nor_i44_mom_1m,cover,0.0,norway
NOR_10Y,5,LORO_GFC,GFC,loro,nor_i44_mom_3m,cover,672.0,norway
NOR_10Y,5,LORO_GFC,GFC,loro,nor_i44_rvol_20d,cover,0.0,norway
NOR_10Y,5,LORO_GFC,GFC,loro,nor_kpi_yoy,cover,0.0,norway
NOR_10Y,5,LORO_GFC,GFC,loro,nor_kpijae_yoy,cover,0.0,norway
NOR_10Y,5,LORO_GFC,GFC,loro,nor_nibor_nowa_spread,cover,0.0,norway
NOR_10Y,5,LORO_GFC,GFC,loro,nor_nowa_level,cover,0.0,norway
NOR_10Y,5,LORO_GFC,GFC,loro,nor_polrate_chg_1d,cover,0.0,norway
NOR_10Y,5,LORO_GFC,GFC,loro,nor_polrate_days_since_chg,cover,0.0,norway
NOR_10Y,5,LORO_GFC,GFC,loro,nor_polrate_level,cover,0.0,norway
NOR_10Y,5,LORO_GFC,GFC,loro,nor_rb_rate_chg,cover,0.0,norway
NOR_10Y,5,LORO_GFC,GFC,loro,nor_rb_rate_level,cover,0.0,norway
NOR_10Y,5,LORO_GFC,GFC,loro,nor_unemp,cover,0.0,norway
NOR_10Y,5,LORO_GFC,GFC,loro,nor_usdnok_chg_1d,cover,0.0,norway
NOR_10Y,5,LORO_GFC,GFC,loro,nor_usdnok_level,cover,0.0,norway
NOR_10Y,5,LORO_GFC,GFC,loro,nor_usdnok_mom_1m,cover,0.0,norway
NOR_10Y,5,LORO_GFC,GFC,loro,nor_usdnok_mom_3m,cover,1767.0,norway
NOR_10Y,5,LORO_GFC,GFC,loro,nor_usdnok_rvol_20d,cover,0.0,norway
NOR_10Y,5,LORO_GFC,GFC,loro,swap_govt_spread,cover,0.0,norway
NOR_10Y,5,LORO_GFC,GFC,loro,xmpca_01,cover,945.0,cross_market
NOR_10Y,5,LORO_GFC,GFC,loro,xmpca_02,cover,8.0,cross_market
NOR_10Y,5,LORO_GFC,GFC,loro,xmpca_03,cover,0.0,cross_market
NOR_10Y,5,LORO_GFC,GFC,loro,xmpca_04,cover,0.0,cross_market
NOR_10Y,5,LORO_GFC,GFC,loro,xmpca_05,cover,223.0,cross_market
NOR_10Y,5,LORO_GFC,GFC,loro,xmpca_06,cover,1382.0,cross_market
NOR_10Y,5,LORO_GFC,GFC,loro,xmpca_07,cover,0.0,cross_market
NOR_10Y,5,LORO_GFC,GFC,loro,xmpca_08,cover,0.0,cross_market
NOR_10Y,5,LORO_GFC,GFC,loro,xmpca_09,cover,0.0,cross_market
NOR_10Y,5,LORO_GFC,GFC,loro,xmpca_10,cover,238.0,cross_market
NOR_10Y,5,LORO_GFC,GFC,loro,xmpca_11,cover,0.0,cross_market
NOR_10Y,5,LORO_GFC,GFC,loro,xmpca_12,cover,23.0,cross_market
NOR_10Y,5,LORO_GFC,GFC,loro,chg_lag1,total_gain,0.033873651176691055,momentum
NOR_10Y,5,LORO_GFC,GFC,loro,chg_lag2,total_gain,0.011890502646565437,momentum
NOR_10Y,5,LORO_GFC,GFC,loro,chg_lag3,total_gain,0.07973140478134155,momentum
NOR_10Y,5,LORO_GFC,GFC,loro,chg_lag4,total_gain,0.0,momentum
NOR_10Y,5,LORO_GFC,GFC,loro,chg_lag5,total_gain,0.004737839102745056,momentum
NOR_10Y,5,LORO_GFC,GFC,loro,carry_roll,total_gain,0.0,carry_roll
NOR_10Y,5,LORO_GFC,GFC,loro,mom_63d,total_gain,0.041538797318935394,momentum
NOR_10Y,5,LORO_GFC,GFC,loro,mom_1m,total_gain,0.0,momentum
NOR_10Y,5,LORO_GFC,GFC,loro,mom_3m,total_gain,0.0,momentum
NOR_10Y,5,LORO_GFC,GFC,loro,mom_6m,total_gain,0.0,momentum
NOR_10Y,5,LORO_GFC,GFC,loro,mom_12m,total_gain,0.0,momentum
NOR_10Y,5,LORO_GFC,GFC,loro,dev_ma_3m,total_gain,0.06707227975130081,curve
NOR_10Y,5,LORO_GFC,GFC,loro,dev_ma_12m,total_gain,0.0,curve
NOR_10Y,5,LORO_GFC,GFC,loro,vol_20d,total_gain,0.0,vol
NOR_10Y,5,LORO_GFC,GFC,loro,vol_regime,total_gain,0.0,vol
NOR_10Y,5,LORO_GFC,GFC,loro,vol_zscore,total_gain,0.08277947455644608,vol
NOR_10Y,5,LORO_GFC,GFC,loro,level_zscore,total_gain,0.09649717807769775,curve
NOR_10Y,5,LORO_GFC,GFC,loro,slope_10_1,total_gain,0.04864785075187683,curve
NOR_10Y,5,LORO_GFC,GFC,loro,slope_10_5,total_gain,0.0,curve
NOR_10Y,5,LORO_GFC,GFC,loro,slope_5_1,total_gain,0.12403174489736557,curve
NOR_10Y,5,LORO_GFC,GFC,loro,sofr_mom_1m,total_gain,0.07804597914218903,macro
NOR_10Y,5,LORO_GFC,GFC,loro,ibor_level,total_gain,0.1290355920791626,macro
NOR_10Y,5,LORO_GFC,GFC,loro,ibor_chg_1d,total_gain,0.0,macro
NOR_10Y,5,LORO_GFC,GFC,loro,ibor_mom_1m,total_gain,0.0,macro
NOR_10Y,5,LORO_GFC,GFC,loro,ibor_term_slope,total_gain,0.0,macro
NOR_10Y,5,LORO_GFC,GFC,loro,swap_ibor_basis,total_gain,0.0,curve
NOR_10Y,5,LORO_GFC,GFC,loro,move_level,total_gain,0.0,vol
NOR_10Y,5,LORO_GFC,GFC,loro,move_zscore,total_gain,0.035324789583683014,vol
NOR_10Y,5,LORO_GFC,GFC,loro,vix_level,total_gain,0.0,vol
NOR_10Y,5,LORO_GFC,GFC,loro,vix_zscore,total_gain,0.0,vol
NOR_10Y,5,LORO_GFC,GFC,loro,v2x_level,total_gain,0.1605580598115921,vol
NOR_10Y,5,LORO_GFC,GFC,loro,vxn_level,total_gain,0.06393136084079742,vol
NOR_10Y,5,LORO_GFC,GFC,loro,ovx_level,total_gain,0.0,vol
NOR_10Y,5,LORO_GFC,GFC,loro,gvz_level,total_gain,0.0,vol
NOR_10Y,5,LORO_GFC,GFC,loro,spx_mom_1m,total_gain,0.005729354918003082,macro
NOR_10Y,5,LORO_GFC,GFC,loro,spx_mom_3m,total_gain,0.08852905035018921,macro
NOR_10Y,5,LORO_GFC,GFC,loro,sx5e_mom_1m,total_gain,0.0,macro
NOR_10Y,5,LORO_GFC,GFC,loro,sx5e_mom_3m,total_gain,0.049773748964071274,macro
NOR_10Y,5,LORO_GFC,GFC,loro,mxwo_mom_1m,total_gain,0.0,macro
NOR_10Y,5,LORO_GFC,GFC,loro,ndx_mom_1m,total_gain,0.08563303202390671,macro
NOR_10Y,5,LORO_GFC,GFC,loro,oil_mom_1m,total_gain,0.17212137579917908,macro
NOR_10Y,5,LORO_GFC,GFC,loro,oil_mom_3m,total_gain,0.0,macro
NOR_10Y,5,LORO_GFC,GFC,loro,copper_mom_1m,total_gain,0.22005699574947357,macro
NOR_10Y,5,LORO_GFC,GFC,loro,opec_prod,total_gain,0.0,macro
NOR_10Y,5,LORO_GFC,GFC,loro,natgas_mom_1m,total_gain,0.0,macro
NOR_10Y,5,LORO_GFC,GFC,loro,be5y_level,total_gain,0.0,macro
NOR_10Y,5,LORO_GFC,GFC,loro,be10y_level,total_gain,0.0,macro
NOR_10Y,5,LORO_GFC,GFC,loro,be_slope,total_gain,0.0,macro
NOR_10Y,5,LORO_GFC,GFC,loro,be5y_chg_1m,total_gain,0.0,macro
NOR_10Y,5,LORO_GFC,GFC,loro,ig_spread,total_gain,0.0,credit
NOR_10Y,5,LORO_GFC,GFC,loro,hy_spread,total_gain,0.0,credit
NOR_10Y,5,LORO_GFC,GFC,loro,ig_chg_1m,total_gain,0.0,credit
NOR_10Y,5,LORO_GFC,GFC,loro,hy_chg_1m,total_gain,0.0,credit
NOR_10Y,5,LORO_GFC,GFC,loro,cpi_yoy,total_gain,0.16013145446777344,macro
NOR_10Y,5,LORO_GFC,GFC,loro,pce_core_chg,total_gain,0.03332199901342392,macro
NOR_10Y,5,LORO_GFC,GFC,loro,nfp_change,total_gain,0.0,macro
NOR_10Y,5,LORO_GFC,GFC,loro,pmi_us,total_gain,0.0,macro
NOR_10Y,5,LORO_GFC,GFC,loro,pmi_eur,total_gain,0.11351189017295837,macro
NOR_10Y,5,LORO_GFC,GFC,loro,unemp_eur,total_gain,0.0,macro
NOR_10Y,5,LORO_GFC,GFC,loro,cpi_nsa_level,total_gain,0.0,macro
NOR_10Y,5,LORO_GFC,GFC,loro,pce_core_level,total_gain,0.0,macro
NOR_10Y,5,LORO_GFC,GFC,loro,eur_3m,total_gain,0.14819946885108948,macro
NOR_10Y,5,LORO_GFC,GFC,loro,eur_1w,total_gain,0.0,macro
NOR_10Y,5,LORO_GFC,GFC,loro,nor_ibor_1m,total_gain,0.0,norway
NOR_10Y,5,LORO_GFC,GFC,loro,nor_ibor_6m,total_gain,0.0,norway
NOR_10Y,5,LORO_GFC,GFC,loro,nor_ecb_dfr_chg,total_gain,0.0,norway
NOR_10Y,5,LORO_GFC,GFC,loro,nor_ecb_dfr_level,total_gain,0.0,norway
NOR_10Y,5,LORO_GFC,GFC,loro,nor_eurnok_chg_1d,total_gain,0.04282701015472412,norway
NOR_10Y,5,LORO_GFC,GFC,loro,nor_eurnok_level,total_gain,0.0,norway
NOR_10Y,5,LORO_GFC,GFC,loro,nor_eurnok_mom_1m,total_gain,0.052234798669815063,norway
NOR_10Y,5,LORO_GFC,GFC,loro,nor_eurnok_mom_3m,total_gain,0.0,norway
NOR_10Y,5,LORO_GFC,GFC,loro,nor_eurnok_rvol_20d,total_gain,0.0,norway
NOR_10Y,5,LORO_GFC,GFC,loro,nor_govt_10y,total_gain,0.0,norway
NOR_10Y,5,LORO_GFC,GFC,loro,nor_govt_3y,total_gain,0.024402864277362823,norway
NOR_10Y,5,LORO_GFC,GFC,loro,nor_govt_5y,total_gain,0.0,norway
NOR_10Y,5,LORO_GFC,GFC,loro,nor_i44_chg_1d,total_gain,0.0,norway
NOR_10Y,5,LORO_GFC,GFC,loro,nor_i44_level,total_gain,0.0,norway
NOR_10Y,5,LORO_GFC,GFC,loro,nor_i44_mom_1m,total_gain,0.0,norway
NOR_10Y,5,LORO_GFC,GFC,loro,nor_i44_mom_3m,total_gain,0.09696507453918457,norway
NOR_10Y,5,LORO_GFC,GFC,loro,nor_i44_rvol_20d,total_gain,0.0,norway
NOR_10Y,5,LORO_GFC,GFC,loro,nor_kpi_yoy,total_gain,0.0,norway
NOR_10Y,5,LORO_GFC,GFC,loro,nor_kpijae_yoy,total_gain,0.0,norway
NOR_10Y,5,LORO_GFC,GFC,loro,nor_nibor_nowa_spread,total_gain,0.0,norway
NOR_10Y,5,LORO_GFC,GFC,loro,nor_nowa_level,total_gain,0.0,norway
NOR_10Y,5,LORO_GFC,GFC,loro,nor_polrate_chg_1d,total_gain,0.0,norway
NOR_10Y,5,LORO_GFC,GFC,loro,nor_polrate_days_since_chg,total_gain,0.0,norway
NOR_10Y,5,LORO_GFC,GFC,loro,nor_polrate_level,total_gain,0.0,norway
NOR_10Y,5,LORO_GFC,GFC,loro,nor_rb_rate_chg,total_gain,0.0,norway
NOR_10Y,5,LORO_GFC,GFC,loro,nor_rb_rate_level,total_gain,0.0,norway
NOR_10Y,5,LORO_GFC,GFC,loro,nor_unemp,total_gain,0.0,norway
NOR_10Y,5,LORO_GFC,GFC,loro,nor_usdnok_chg_1d,total_gain,0.0,norway
NOR_10Y,5,LORO_GFC,GFC,loro,nor_usdnok_level,total_gain,0.0,norway
NOR_10Y,5,LORO_GFC,GFC,loro,nor_usdnok_mom_1m,total_gain,0.0,norway
NOR_10Y,5,LORO_GFC,GFC,loro,nor_usdnok_mom_3m,total_gain,0.14709225296974182,norway
NOR_10Y,5,LORO_GFC,GFC,loro,nor_usdnok_rvol_20d,total_gain,0.0,norway
NOR_10Y,5,LORO_GFC,GFC,loro,swap_govt_spread,total_gain,0.0,norway
NOR_10Y,5,LORO_GFC,GFC,loro,xmpca_01,total_gain,0.07115232944488525,cross_market
NOR_10Y,5,LORO_GFC,GFC,loro,xmpca_02,total_gain,0.025578364729881287,cross_market
NOR_10Y,5,LORO_GFC,GFC,loro,xmpca_03,total_gain,0.0,cross_market
NOR_10Y,5,LORO_GFC,GFC,loro,xmpca_04,total_gain,0.0,cross_market
NOR_10Y,5,LORO_GFC,GFC,loro,xmpca_05,total_gain,0.10448251664638519,cross_market
NOR_10Y,5,LORO_GFC,GFC,loro,xmpca_06,total_gain,0.06487230211496353,cross_market
NOR_10Y,5,LORO_GFC,GFC,loro,xmpca_07,total_gain,0.0,cross_market
NOR_10Y,5,LORO_GFC,GFC,loro,xmpca_08,total_gain,0.0,cross_market
NOR_10Y,5,LORO_GFC,GFC,loro,xmpca_09,total_gain,0.0,cross_market
NOR_10Y,5,LORO_GFC,GFC,loro,xmpca_10,total_gain,0.11614830791950226,cross_market
NOR_10Y,5,LORO_GFC,GFC,loro,xmpca_11,total_gain,0.0,cross_market
NOR_10Y,5,LORO_GFC,GFC,loro,xmpca_12,total_gain,0.02435353398323059,cross_market
NOR_10Y,5,LORO_GFC,GFC,loro,chg_lag1,total_cover,25.0,momentum
NOR_10Y,5,LORO_GFC,GFC,loro,chg_lag2,total_cover,19.0,momentum
NOR_10Y,5,LORO_GFC,GFC,loro,chg_lag3,total_cover,173.0,momentum
NOR_10Y,5,LORO_GFC,GFC,loro,chg_lag4,total_cover,0.0,momentum
NOR_10Y,5,LORO_GFC,GFC,loro,chg_lag5,total_cover,16.0,momentum
NOR_10Y,5,LORO_GFC,GFC,loro,carry_roll,total_cover,0.0,carry_roll
NOR_10Y,5,LORO_GFC,GFC,loro,mom_63d,total_cover,34.0,momentum
NOR_10Y,5,LORO_GFC,GFC,loro,mom_1m,total_cover,0.0,momentum
NOR_10Y,5,LORO_GFC,GFC,loro,mom_3m,total_cover,0.0,momentum
NOR_10Y,5,LORO_GFC,GFC,loro,mom_6m,total_cover,0.0,momentum
NOR_10Y,5,LORO_GFC,GFC,loro,mom_12m,total_cover,0.0,momentum
NOR_10Y,5,LORO_GFC,GFC,loro,dev_ma_3m,total_cover,27.0,curve
NOR_10Y,5,LORO_GFC,GFC,loro,dev_ma_12m,total_cover,0.0,curve
NOR_10Y,5,LORO_GFC,GFC,loro,vol_20d,total_cover,0.0,vol
NOR_10Y,5,LORO_GFC,GFC,loro,vol_regime,total_cover,0.0,vol
NOR_10Y,5,LORO_GFC,GFC,loro,vol_zscore,total_cover,77.0,vol
NOR_10Y,5,LORO_GFC,GFC,loro,level_zscore,total_cover,646.0,curve
NOR_10Y,5,LORO_GFC,GFC,loro,slope_10_1,total_cover,124.0,curve
NOR_10Y,5,LORO_GFC,GFC,loro,slope_10_5,total_cover,0.0,curve
NOR_10Y,5,LORO_GFC,GFC,loro,slope_5_1,total_cover,1058.0,curve
NOR_10Y,5,LORO_GFC,GFC,loro,sofr_mom_1m,total_cover,916.0,macro
NOR_10Y,5,LORO_GFC,GFC,loro,ibor_level,total_cover,752.0,macro
NOR_10Y,5,LORO_GFC,GFC,loro,ibor_chg_1d,total_cover,0.0,macro
NOR_10Y,5,LORO_GFC,GFC,loro,ibor_mom_1m,total_cover,0.0,macro
NOR_10Y,5,LORO_GFC,GFC,loro,ibor_term_slope,total_cover,0.0,macro
NOR_10Y,5,LORO_GFC,GFC,loro,swap_ibor_basis,total_cover,0.0,curve
NOR_10Y,5,LORO_GFC,GFC,loro,move_level,total_cover,0.0,vol
NOR_10Y,5,LORO_GFC,GFC,loro,move_zscore,total_cover,22.0,vol
NOR_10Y,5,LORO_GFC,GFC,loro,vix_level,total_cover,0.0,vol
NOR_10Y,5,LORO_GFC,GFC,loro,vix_zscore,total_cover,0.0,vol
NOR_10Y,5,LORO_GFC,GFC,loro,v2x_level,total_cover,165.0,vol
NOR_10Y,5,LORO_GFC,GFC,loro,vxn_level,total_cover,522.0,vol
NOR_10Y,5,LORO_GFC,GFC,loro,ovx_level,total_cover,0.0,vol
NOR_10Y,5,LORO_GFC,GFC,loro,gvz_level,total_cover,0.0,vol
NOR_10Y,5,LORO_GFC,GFC,loro,spx_mom_1m,total_cover,6.0,macro
NOR_10Y,5,LORO_GFC,GFC,loro,spx_mom_3m,total_cover,54.0,macro
NOR_10Y,5,LORO_GFC,GFC,loro,sx5e_mom_1m,total_cover,0.0,macro
NOR_10Y,5,LORO_GFC,GFC,loro,sx5e_mom_3m,total_cover,15.0,macro
NOR_10Y,5,LORO_GFC,GFC,loro,mxwo_mom_1m,total_cover,0.0,macro
NOR_10Y,5,LORO_GFC,GFC,loro,ndx_mom_1m,total_cover,1475.0,macro
NOR_10Y,5,LORO_GFC,GFC,loro,oil_mom_1m,total_cover,1763.0,macro
NOR_10Y,5,LORO_GFC,GFC,loro,oil_mom_3m,total_cover,0.0,macro
NOR_10Y,5,LORO_GFC,GFC,loro,copper_mom_1m,total_cover,100.0,macro
NOR_10Y,5,LORO_GFC,GFC,loro,opec_prod,total_cover,0.0,macro
NOR_10Y,5,LORO_GFC,GFC,loro,natgas_mom_1m,total_cover,0.0,macro
NOR_10Y,5,LORO_GFC,GFC,loro,be5y_level,total_cover,0.0,macro
NOR_10Y,5,LORO_GFC,GFC,loro,be10y_level,total_cover,0.0,macro
NOR_10Y,5,LORO_GFC,GFC,loro,be_slope,total_cover,0.0,macro
NOR_10Y,5,LORO_GFC,GFC,loro,be5y_chg_1m,total_cover,0.0,macro
NOR_10Y,5,LORO_GFC,GFC,loro,ig_spread,total_cover,0.0,credit
NOR_10Y,5,LORO_GFC,GFC,loro,hy_spread,total_cover,0.0,credit
NOR_10Y,5,LORO_GFC,GFC,loro,ig_chg_1m,total_cover,0.0,credit
NOR_10Y,5,LORO_GFC,GFC,loro,hy_chg_1m,total_cover,0.0,credit
NOR_10Y,5,LORO_GFC,GFC,loro,cpi_yoy,total_cover,1809.0,macro
NOR_10Y,5,LORO_GFC,GFC,loro,pce_core_chg,total_cover,50.0,macro
NOR_10Y,5,LORO_GFC,GFC,loro,nfp_change,total_cover,0.0,macro
NOR_10Y,5,LORO_GFC,GFC,loro,pmi_us,total_cover,0.0,macro
NOR_10Y,5,LORO_GFC,GFC,loro,pmi_eur,total_cover,1713.0,macro
NOR_10Y,5,LORO_GFC,GFC,loro,unemp_eur,total_cover,0.0,macro
NOR_10Y,5,LORO_GFC,GFC,loro,cpi_nsa_level,total_cover,0.0,macro
NOR_10Y,5,LORO_GFC,GFC,loro,pce_core_level,total_cover,0.0,macro
NOR_10Y,5,LORO_GFC,GFC,loro,eur_3m,total_cover,193.0,macro
NOR_10Y,5,LORO_GFC,GFC,loro,eur_1w,total_cover,0.0,macro
NOR_10Y,5,LORO_GFC,GFC,loro,nor_ibor_1m,total_cover,0.0,norway
NOR_10Y,5,LORO_GFC,GFC,loro,nor_ibor_6m,total_cover,0.0,norway
NOR_10Y,5,LORO_GFC,GFC,loro,nor_ecb_dfr_chg,total_cover,0.0,norway
NOR_10Y,5,LORO_GFC,GFC,loro,nor_ecb_dfr_level,total_cover,0.0,norway
NOR_10Y,5,LORO_GFC,GFC,loro,nor_eurnok_chg_1d,total_cover,44.0,norway
NOR_10Y,5,LORO_GFC,GFC,loro,nor_eurnok_level,total_cover,0.0,norway
NOR_10Y,5,LORO_GFC,GFC,loro,nor_eurnok_mom_1m,total_cover,38.0,norway
NOR_10Y,5,LORO_GFC,GFC,loro,nor_eurnok_mom_3m,total_cover,0.0,norway
NOR_10Y,5,LORO_GFC,GFC,loro,nor_eurnok_rvol_20d,total_cover,0.0,norway
NOR_10Y,5,LORO_GFC,GFC,loro,nor_govt_10y,total_cover,0.0,norway
NOR_10Y,5,LORO_GFC,GFC,loro,nor_govt_3y,total_cover,18.0,norway
NOR_10Y,5,LORO_GFC,GFC,loro,nor_govt_5y,total_cover,0.0,norway
NOR_10Y,5,LORO_GFC,GFC,loro,nor_i44_chg_1d,total_cover,0.0,norway
NOR_10Y,5,LORO_GFC,GFC,loro,nor_i44_level,total_cover,0.0,norway
NOR_10Y,5,LORO_GFC,GFC,loro,nor_i44_mom_1m,total_cover,0.0,norway
NOR_10Y,5,LORO_GFC,GFC,loro,nor_i44_mom_3m,total_cover,1344.0,norway
NOR_10Y,5,LORO_GFC,GFC,loro,nor_i44_rvol_20d,total_cover,0.0,norway
NOR_10Y,5,LORO_GFC,GFC,loro,nor_kpi_yoy,total_cover,0.0,norway
NOR_10Y,5,LORO_GFC,GFC,loro,nor_kpijae_yoy,total_cover,0.0,norway
NOR_10Y,5,LORO_GFC,GFC,loro,nor_nibor_nowa_spread,total_cover,0.0,norway
NOR_10Y,5,LORO_GFC,GFC,loro,nor_nowa_level,total_cover,0.0,norway
NOR_10Y,5,LORO_GFC,GFC,loro,nor_polrate_chg_1d,total_cover,0.0,norway
NOR_10Y,5,LORO_GFC,GFC,loro,nor_polrate_days_since_chg,total_cover,0.0,norway
NOR_10Y,5,LORO_GFC,GFC,loro,nor_polrate_level,total_cover,0.0,norway
NOR_10Y,5,LORO_GFC,GFC,loro,nor_rb_rate_chg,total_cover,0.0,norway
NOR_10Y,5,LORO_GFC,GFC,loro,nor_rb_rate_level,total_cover,0.0,norway
NOR_10Y,5,LORO_GFC,GFC,loro,nor_unemp,total_cover,0.0,norway
NOR_10Y,5,LORO_GFC,GFC,loro,nor_usdnok_chg_1d,total_cover,0.0,norway
NOR_10Y,5,LORO_GFC,GFC,loro,nor_usdnok_level,total_cover,0.0,norway
NOR_10Y,5,LORO_GFC,GFC,loro,nor_usdnok_mom_1m,total_cover,0.0,norway
NOR_10Y,5,LORO_GFC,GFC,loro,nor_usdnok_mom_3m,total_cover,1767.0,norway
NOR_10Y,5,LORO_GFC,GFC,loro,nor_usdnok_rvol_20d,total_cover,0.0,norway
NOR_10Y,5,LORO_GFC,GFC,loro,swap_govt_spread,total_cover,0.0,norway
NOR_10Y,5,LORO_GFC,GFC,loro,xmpca_01,total_cover,945.0,cross_market
NOR_10Y,5,LORO_GFC,GFC,loro,xmpca_02,total_cover,16.0,cross_market
NOR_10Y,5,LORO_GFC,GFC,loro,xmpca_03,total_cover,0.0,cross_market
NOR_10Y,5,LORO_GFC,GFC,loro,xmpca_04,total_cover,0.0,cross_market
NOR_10Y,5,LORO_GFC,GFC,loro,xmpca_05,total_cover,223.0,cross_market
NOR_10Y,5,LORO_GFC,GFC,loro,xmpca_06,total_cover,1382.0,cross_market
NOR_10Y,5,LORO_GFC,GFC,loro,xmpca_07,total_cover,0.0,cross_market
NOR_10Y,5,LORO_GFC,GFC,loro,xmpca_08,total_cover,0.0,cross_market
NOR_10Y,5,LORO_GFC,GFC,loro,xmpca_09,total_cover,0.0,cross_market
NOR_10Y,5,LORO_GFC,GFC,loro,xmpca_10,total_cover,238.0,cross_market
NOR_10Y,5,LORO_GFC,GFC,loro,xmpca_11,total_cover,0.0,cross_market
NOR_10Y,5,LORO_GFC,GFC,loro,xmpca_12,total_cover,23.0,cross_market
NOR_10Y,5,LORO_GFC,GFC,loro,chg_lag1,shap_mean_abs,1.802411861717701e-05,momentum
NOR_10Y,5,LORO_GFC,GFC,loro,chg_lag2,shap_mean_abs,1.875666930573061e-05,momentum
NOR_10Y,5,LORO_GFC,GFC,loro,chg_lag3,shap_mean_abs,8.502227137796581e-05,momentum
NOR_10Y,5,LORO_GFC,GFC,loro,chg_lag4,shap_mean_abs,0.0,momentum
NOR_10Y,5,LORO_GFC,GFC,loro,chg_lag5,shap_mean_abs,3.897613351000473e-05,momentum
NOR_10Y,5,LORO_GFC,GFC,loro,carry_roll,shap_mean_abs,0.0,carry_roll
NOR_10Y,5,LORO_GFC,GFC,loro,mom_63d,shap_mean_abs,9.376040907227434e-06,momentum
NOR_10Y,5,LORO_GFC,GFC,loro,mom_1m,shap_mean_abs,0.0,momentum
NOR_10Y,5,LORO_GFC,GFC,loro,mom_3m,shap_mean_abs,0.0,momentum
NOR_10Y,5,LORO_GFC,GFC,loro,mom_6m,shap_mean_abs,0.0,momentum
NOR_10Y,5,LORO_GFC,GFC,loro,mom_12m,shap_mean_abs,0.0,momentum
NOR_10Y,5,LORO_GFC,GFC,loro,dev_ma_3m,shap_mean_abs,2.5468838430242613e-05,curve
NOR_10Y,5,LORO_GFC,GFC,loro,dev_ma_12m,shap_mean_abs,0.0,curve
NOR_10Y,5,LORO_GFC,GFC,loro,vol_20d,shap_mean_abs,0.0,vol
NOR_10Y,5,LORO_GFC,GFC,loro,vol_regime,shap_mean_abs,0.0,vol
NOR_10Y,5,LORO_GFC,GFC,loro,vol_zscore,shap_mean_abs,8.421313395956531e-05,vol
NOR_10Y,5,LORO_GFC,GFC,loro,level_zscore,shap_mean_abs,0.0003386512980796397,curve
NOR_10Y,5,LORO_GFC,GFC,loro,slope_10_1,shap_mean_abs,4.960638398188166e-05,curve
NOR_10Y,5,LORO_GFC,GFC,loro,slope_10_5,shap_mean_abs,0.0,curve
NOR_10Y,5,LORO_GFC,GFC,loro,slope_5_1,shap_mean_abs,0.0005175446276552975,curve
NOR_10Y,5,LORO_GFC,GFC,loro,sofr_mom_1m,shap_mean_abs,0.000298972096061334,macro
NOR_10Y,5,LORO_GFC,GFC,loro,ibor_level,shap_mean_abs,0.0008656083955429494,macro
NOR_10Y,5,LORO_GFC,GFC,loro,ibor_chg_1d,shap_mean_abs,0.0,macro
NOR_10Y,5,LORO_GFC,GFC,loro,ibor_mom_1m,shap_mean_abs,0.0,macro
NOR_10Y,5,LORO_GFC,GFC,loro,ibor_term_slope,shap_mean_abs,0.0,macro
NOR_10Y,5,LORO_GFC,GFC,loro,swap_ibor_basis,shap_mean_abs,0.0,curve
NOR_10Y,5,LORO_GFC,GFC,loro,move_level,shap_mean_abs,0.0,vol
NOR_10Y,5,LORO_GFC,GFC,loro,move_zscore,shap_mean_abs,2.406052590231411e-05,vol
NOR_10Y,5,LORO_GFC,GFC,loro,vix_level,shap_mean_abs,0.0,vol
NOR_10Y,5,LORO_GFC,GFC,loro,vix_zscore,shap_mean_abs,0.0,vol
NOR_10Y,5,LORO_GFC,GFC,loro,v2x_level,shap_mean_abs,0.0002716903400141746,vol
NOR_10Y,5,LORO_GFC,GFC,loro,vxn_level,shap_mean_abs,0.0002798881323542446,vol
NOR_10Y,5,LORO_GFC,GFC,loro,ovx_level,shap_mean_abs,0.0,vol
NOR_10Y,5,LORO_GFC,GFC,loro,gvz_level,shap_mean_abs,0.0,vol
NOR_10Y,5,LORO_GFC,GFC,loro,spx_mom_1m,shap_mean_abs,4.113840077479836e-06,macro
NOR_10Y,5,LORO_GFC,GFC,loro,spx_mom_3m,shap_mean_abs,0.000206139447982423,macro
NOR_10Y,5,LORO_GFC,GFC,loro,sx5e_mom_1m,shap_mean_abs,0.0,macro
NOR_10Y,5,LORO_GFC,GFC,loro,sx5e_mom_3m,shap_mean_abs,1.588210761838127e-05,macro
NOR_10Y,5,LORO_GFC,GFC,loro,mxwo_mom_1m,shap_mean_abs,0.0,macro
NOR_10Y,5,LORO_GFC,GFC,loro,ndx_mom_1m,shap_mean_abs,0.00034432654501870275,macro
NOR_10Y,5,LORO_GFC,GFC,loro,oil_mom_1m,shap_mean_abs,0.0009339082171209157,macro
NOR_10Y,5,LORO_GFC,GFC,loro,oil_mom_3m,shap_mean_abs,0.0,macro
NOR_10Y,5,LORO_GFC,GFC,loro,copper_mom_1m,shap_mean_abs,9.513922123005614e-05,macro
NOR_10Y,5,LORO_GFC,GFC,loro,opec_prod,shap_mean_abs,0.0,macro
NOR_10Y,5,LORO_GFC,GFC,loro,natgas_mom_1m,shap_mean_abs,0.0,macro
NOR_10Y,5,LORO_GFC,GFC,loro,be5y_level,shap_mean_abs,0.0,macro
NOR_10Y,5,LORO_GFC,GFC,loro,be10y_level,shap_mean_abs,0.0,macro
NOR_10Y,5,LORO_GFC,GFC,loro,be_slope,shap_mean_abs,0.0,macro
NOR_10Y,5,LORO_GFC,GFC,loro,be5y_chg_1m,shap_mean_abs,0.0,macro
NOR_10Y,5,LORO_GFC,GFC,loro,ig_spread,shap_mean_abs,0.0,credit
NOR_10Y,5,LORO_GFC,GFC,loro,hy_spread,shap_mean_abs,0.0,credit
NOR_10Y,5,LORO_GFC,GFC,loro,ig_chg_1m,shap_mean_abs,0.0,credit
NOR_10Y,5,LORO_GFC,GFC,loro,hy_chg_1m,shap_mean_abs,0.0,credit
NOR_10Y,5,LORO_GFC,GFC,loro,cpi_yoy,shap_mean_abs,0.0003417595289647579,macro
NOR_10Y,5,LORO_GFC,GFC,loro,pce_core_chg,shap_mean_abs,0.0001264833117602393,macro
NOR_10Y,5,LORO_GFC,GFC,loro,nfp_change,shap_mean_abs,0.0,macro
NOR_10Y,5,LORO_GFC,GFC,loro,pmi_us,shap_mean_abs,0.0,macro
NOR_10Y,5,LORO_GFC,GFC,loro,pmi_eur,shap_mean_abs,0.0004293229430913925,macro
NOR_10Y,5,LORO_GFC,GFC,loro,unemp_eur,shap_mean_abs,0.0,macro
NOR_10Y,5,LORO_GFC,GFC,loro,cpi_nsa_level,shap_mean_abs,0.0,macro
NOR_10Y,5,LORO_GFC,GFC,loro,pce_core_level,shap_mean_abs,0.0,macro
NOR_10Y,5,LORO_GFC,GFC,loro,eur_3m,shap_mean_abs,0.0003067978541366756,macro
NOR_10Y,5,LORO_GFC,GFC,loro,eur_1w,shap_mean_abs,0.0,macro
NOR_10Y,5,LORO_GFC,GFC,loro,nor_ibor_1m,shap_mean_abs,0.0,norway
NOR_10Y,5,LORO_GFC,GFC,loro,nor_ibor_6m,shap_mean_abs,0.0,norway
NOR_10Y,5,LORO_GFC,GFC,loro,nor_ecb_dfr_chg,shap_mean_abs,0.0,norway
NOR_10Y,5,LORO_GFC,GFC,loro,nor_ecb_dfr_level,shap_mean_abs,0.0,norway
NOR_10Y,5,LORO_GFC,GFC,loro,nor_eurnok_chg_1d,shap_mean_abs,3.779900725930929e-05,norway
NOR_10Y,5,LORO_GFC,GFC,loro,nor_eurnok_level,shap_mean_abs,0.0,norway
NOR_10Y,5,LORO_GFC,GFC,loro,nor_eurnok_mom_1m,shap_mean_abs,0.00014479615492746234,norway
NOR_10Y,5,LORO_GFC,GFC,loro,nor_eurnok_mom_3m,shap_mean_abs,0.0,norway
NOR_10Y,5,LORO_GFC,GFC,loro,nor_eurnok_rvol_20d,shap_mean_abs,0.0,norway
NOR_10Y,5,LORO_GFC,GFC,loro,nor_govt_10y,shap_mean_abs,0.0,norway
NOR_10Y,5,LORO_GFC,GFC,loro,nor_govt_3y,shap_mean_abs,5.244070416665636e-05,norway
NOR_10Y,5,LORO_GFC,GFC,loro,nor_govt_5y,shap_mean_abs,0.0,norway
NOR_10Y,5,LORO_GFC,GFC,loro,nor_i44_chg_1d,shap_mean_abs,0.0,norway
NOR_10Y,5,LORO_GFC,GFC,loro,nor_i44_level,shap_mean_abs,0.0,norway
NOR_10Y,5,LORO_GFC,GFC,loro,nor_i44_mom_1m,shap_mean_abs,0.0,norway
NOR_10Y,5,LORO_GFC,GFC,loro,nor_i44_mom_3m,shap_mean_abs,0.0004438448522705585,norway
NOR_10Y,5,LORO_GFC,GFC,loro,nor_i44_rvol_20d,shap_mean_abs,0.0,norway
NOR_10Y,5,LORO_GFC,GFC,loro,nor_kpi_yoy,shap_mean_abs,0.0,norway
NOR_10Y,5,LORO_GFC,GFC,loro,nor_kpijae_yoy,shap_mean_abs,0.0,norway
NOR_10Y,5,LORO_GFC,GFC,loro,nor_nibor_nowa_spread,shap_mean_abs,0.0,norway
NOR_10Y,5,LORO_GFC,GFC,loro,nor_nowa_level,shap_mean_abs,0.0,norway
NOR_10Y,5,LORO_GFC,GFC,loro,nor_polrate_chg_1d,shap_mean_abs,0.0,norway
NOR_10Y,5,LORO_GFC,GFC,loro,nor_polrate_days_since_chg,shap_mean_abs,0.0,norway
NOR_10Y,5,LORO_GFC,GFC,loro,nor_polrate_level,shap_mean_abs,0.0,norway
NOR_10Y,5,LORO_GFC,GFC,loro,nor_rb_rate_chg,shap_mean_abs,0.0,norway
NOR_10Y,5,LORO_GFC,GFC,loro,nor_rb_rate_level,shap_mean_abs,0.0,norway
NOR_10Y,5,LORO_GFC,GFC,loro,nor_unemp,shap_mean_abs,0.0,norway
NOR_10Y,5,LORO_GFC,GFC,loro,nor_usdnok_chg_1d,shap_mean_abs,0.0,norway
NOR_10Y,5,LORO_GFC,GFC,loro,nor_usdnok_level,shap_mean_abs,0.0,norway
NOR_10Y,5,LORO_GFC,GFC,loro,nor_usdnok_mom_1m,shap_mean_abs,0.0,norway
NOR_10Y,5,LORO_GFC,GFC,loro,nor_usdnok_mom_3m,shap_mean_abs,0.00026401388458907604,norway
NOR_10Y,5,LORO_GFC,GFC,loro,nor_usdnok_rvol_20d,shap_mean_abs,0.0,norway
NOR_10Y,5,LORO_GFC,GFC,loro,swap_govt_spread,shap_mean_abs,0.0,norway
NOR_10Y,5,LORO_GFC,GFC,loro,xmpca_01,shap_mean_abs,0.0005519529804587364,cross_market
NOR_10Y,5,LORO_GFC,GFC,loro,xmpca_02,shap_mean_abs,3.236941483919509e-05,cross_market
NOR_10Y,5,LORO_GFC,GFC,loro,xmpca_03,shap_mean_abs,0.0,cross_market
NOR_10Y,5,LORO_GFC,GFC,loro,xmpca_04,shap_mean_abs,0.0,cross_market
NOR_10Y,5,LORO_GFC,GFC,loro,xmpca_05,shap_mean_abs,8.216859714593738e-05,cross_market
NOR_10Y,5,LORO_GFC,GFC,loro,xmpca_06,shap_mean_abs,0.0002422925754217431,cross_market
NOR_10Y,5,LORO_GFC,GFC,loro,xmpca_07,shap_mean_abs,0.0,cross_market
NOR_10Y,5,LORO_GFC,GFC,loro,xmpca_08,shap_mean_abs,0.0,cross_market
NOR_10Y,5,LORO_GFC,GFC,loro,xmpca_09,shap_mean_abs,0.0,cross_market
NOR_10Y,5,LORO_GFC,GFC,loro,xmpca_10,shap_mean_abs,3.3437736419728026e-05,cross_market
NOR_10Y,5,LORO_GFC,GFC,loro,xmpca_11,shap_mean_abs,0.0,cross_market
NOR_10Y,5,LORO_GFC,GFC,loro,xmpca_12,shap_mean_abs,8.060537948040292e-05,cross_market
NOR_10Y,5,LORO_ZIRP,ZIRP,loro,chg_lag1,gain,0.0129670649766922,momentum
NOR_10Y,5,LORO_ZIRP,ZIRP,loro,chg_lag2,gain,0.0,momentum
NOR_10Y,5,LORO_ZIRP,ZIRP,loro,chg_lag3,gain,0.0,momentum
NOR_10Y,5,LORO_ZIRP,ZIRP,loro,chg_lag4,gain,0.0,momentum
NOR_10Y,5,LORO_ZIRP,ZIRP,loro,chg_lag5,gain,0.0,momentum
NOR_10Y,5,LORO_ZIRP,ZIRP,loro,carry_roll,gain,0.0,carry_roll
NOR_10Y,5,LORO_ZIRP,ZIRP,loro,mom_63d,gain,0.04163748025894165,momentum
NOR_10Y,5,LORO_ZIRP,ZIRP,loro,mom_1m,gain,0.0,momentum
NOR_10Y,5,LORO_ZIRP,ZIRP,loro,mom_3m,gain,0.0,momentum
NOR_10Y,5,LORO_ZIRP,ZIRP,loro,mom_6m,gain,0.05367786064743996,momentum
NOR_10Y,5,LORO_ZIRP,ZIRP,loro,mom_12m,gain,0.06987816095352173,momentum
NOR_10Y,5,LORO_ZIRP,ZIRP,loro,dev_ma_3m,gain,0.04333997517824173,curve
NOR_10Y,5,LORO_ZIRP,ZIRP,loro,dev_ma_12m,gain,0.14517025649547577,curve
NOR_10Y,5,LORO_ZIRP,ZIRP,loro,vol_20d,gain,0.0,vol
NOR_10Y,5,LORO_ZIRP,ZIRP,loro,vol_regime,gain,0.0,vol
NOR_10Y,5,LORO_ZIRP,ZIRP,loro,vol_zscore,gain,0.08268575370311737,vol
NOR_10Y,5,LORO_ZIRP,ZIRP,loro,level_zscore,gain,0.0,curve
NOR_10Y,5,LORO_ZIRP,ZIRP,loro,slope_10_1,gain,0.12086392939090729,curve
NOR_10Y,5,LORO_ZIRP,ZIRP,loro,slope_10_5,gain,0.0,curve
NOR_10Y,5,LORO_ZIRP,ZIRP,loro,slope_5_1,gain,0.0,curve
NOR_10Y,5,LORO_ZIRP,ZIRP,loro,sofr_mom_1m,gain,0.11245479434728622,macro
NOR_10Y,5,LORO_ZIRP,ZIRP,loro,ibor_level,gain,0.0,macro
NOR_10Y,5,LORO_ZIRP,ZIRP,loro,ibor_chg_1d,gain,0.0,macro
NOR_10Y,5,LORO_ZIRP,ZIRP,loro,ibor_mom_1m,gain,0.0,macro
NOR_10Y,5,LORO_ZIRP,ZIRP,loro,ibor_term_slope,gain,0.11652670800685883,macro
NOR_10Y,5,LORO_ZIRP,ZIRP,loro,swap_ibor_basis,gain,0.0,curve
NOR_10Y,5,LORO_ZIRP,ZIRP,loro,move_level,gain,0.0026194974780082703,vol
NOR_10Y,5,LORO_ZIRP,ZIRP,loro,move_zscore,gain,0.0,vol
NOR_10Y,5,LORO_ZIRP,ZIRP,loro,vix_level,gain,0.0,vol
NOR_10Y,5,LORO_ZIRP,ZIRP,loro,vix_zscore,gain,0.0,vol
NOR_10Y,5,LORO_ZIRP,ZIRP,loro,v2x_level,gain,0.0,vol
NOR_10Y,5,LORO_ZIRP,ZIRP,loro,vxn_level,gain,0.03135569393634796,vol
NOR_10Y,5,LORO_ZIRP,ZIRP,loro,ovx_level,gain,0.10285717248916626,vol
NOR_10Y,5,LORO_ZIRP,ZIRP,loro,gvz_level,gain,0.0,vol
NOR_10Y,5,LORO_ZIRP,ZIRP,loro,spx_mom_1m,gain,0.1235361322760582,macro
NOR_10Y,5,LORO_ZIRP,ZIRP,loro,spx_mom_3m,gain,0.0,macro
NOR_10Y,5,LORO_ZIRP,ZIRP,loro,sx5e_mom_1m,gain,0.0,macro
NOR_10Y,5,LORO_ZIRP,ZIRP,loro,sx5e_mom_3m,gain,0.0,macro
NOR_10Y,5,LORO_ZIRP,ZIRP,loro,mxwo_mom_1m,gain,0.0,macro
NOR_10Y,5,LORO_ZIRP,ZIRP,loro,ndx_mom_1m,gain,0.08208294212818146,macro
NOR_10Y,5,LORO_ZIRP,ZIRP,loro,oil_mom_1m,gain,0.06658175587654114,macro
NOR_10Y,5,LORO_ZIRP,ZIRP,loro,oil_mom_3m,gain,0.0,macro
NOR_10Y,5,LORO_ZIRP,ZIRP,loro,copper_mom_1m,gain,0.09846952557563782,macro
NOR_10Y,5,LORO_ZIRP,ZIRP,loro,opec_prod,gain,0.026457393541932106,macro
NOR_10Y,5,LORO_ZIRP,ZIRP,loro,natgas_mom_1m,gain,0.0,macro
NOR_10Y,5,LORO_ZIRP,ZIRP,loro,be5y_level,gain,0.0,macro
NOR_10Y,5,LORO_ZIRP,ZIRP,loro,be10y_level,gain,0.0,macro
NOR_10Y,5,LORO_ZIRP,ZIRP,loro,be_slope,gain,0.0,macro
NOR_10Y,5,LORO_ZIRP,ZIRP,loro,be5y_chg_1m,gain,0.0,macro
NOR_10Y,5,LORO_ZIRP,ZIRP,loro,ig_spread,gain,0.0,credit
NOR_10Y,5,LORO_ZIRP,ZIRP,loro,hy_spread,gain,0.0,credit
NOR_10Y,5,LORO_ZIRP,ZIRP,loro,ig_chg_1m,gain,0.0,credit
NOR_10Y,5,LORO_ZIRP,ZIRP,loro,hy_chg_1m,gain,0.0,credit
NOR_10Y,5,LORO_ZIRP,ZIRP,loro,cpi_yoy,gain,0.0,macro
NOR_10Y,5,LORO_ZIRP,ZIRP,loro,pce_core_chg,gain,0.11830919981002808,macro
NOR_10Y,5,LORO_ZIRP,ZIRP,loro,nfp_change,gain,0.0,macro
NOR_10Y,5,LORO_ZIRP,ZIRP,loro,pmi_us,gain,0.0,macro
NOR_10Y,5,LORO_ZIRP,ZIRP,loro,pmi_eur,gain,0.16302143037319183,macro
NOR_10Y,5,LORO_ZIRP,ZIRP,loro,unemp_eur,gain,0.0,macro
NOR_10Y,5,LORO_ZIRP,ZIRP,loro,cpi_nsa_level,gain,0.0,macro
NOR_10Y,5,LORO_ZIRP,ZIRP,loro,pce_core_level,gain,0.0,macro
NOR_10Y,5,LORO_ZIRP,ZIRP,loro,eur_3m,gain,0.004615031182765961,macro
NOR_10Y,5,LORO_ZIRP,ZIRP,loro,eur_1w,gain,0.0,macro
NOR_10Y,5,LORO_ZIRP,ZIRP,loro,nor_ibor_1m,gain,0.0,norway
NOR_10Y,5,LORO_ZIRP,ZIRP,loro,nor_ibor_6m,gain,0.0,norway
NOR_10Y,5,LORO_ZIRP,ZIRP,loro,nor_ecb_dfr_chg,gain,0.0,norway
NOR_10Y,5,LORO_ZIRP,ZIRP,loro,nor_ecb_dfr_level,gain,0.0,norway
NOR_10Y,5,LORO_ZIRP,ZIRP,loro,nor_eurnok_chg_1d,gain,0.0,norway
NOR_10Y,5,LORO_ZIRP,ZIRP,loro,nor_eurnok_level,gain,0.0,norway
NOR_10Y,5,LORO_ZIRP,ZIRP,loro,nor_eurnok_mom_1m,gain,0.0,norway
NOR_10Y,5,LORO_ZIRP,ZIRP,loro,nor_eurnok_mom_3m,gain,0.04110360145568848,norway
NOR_10Y,5,LORO_ZIRP,ZIRP,loro,nor_eurnok_rvol_20d,gain,0.1031610444188118,norway
NOR_10Y,5,LORO_ZIRP,ZIRP,loro,nor_govt_10y,gain,0.0,norway
NOR_10Y,5,LORO_ZIRP,ZIRP,loro,nor_govt_3y,gain,0.0,norway
NOR_10Y,5,LORO_ZIRP,ZIRP,loro,nor_govt_5y,gain,0.0,norway
NOR_10Y,5,LORO_ZIRP,ZIRP,loro,nor_i44_chg_1d,gain,0.0,norway
NOR_10Y,5,LORO_ZIRP,ZIRP,loro,nor_i44_level,gain,0.0,norway
NOR_10Y,5,LORO_ZIRP,ZIRP,loro,nor_i44_mom_1m,gain,0.12729983031749725,norway
NOR_10Y,5,LORO_ZIRP,ZIRP,loro,nor_i44_mom_3m,gain,0.0,norway
NOR_10Y,5,LORO_ZIRP,ZIRP,loro,nor_i44_rvol_20d,gain,0.0,norway
NOR_10Y,5,LORO_ZIRP,ZIRP,loro,nor_kpi_yoy,gain,0.1943703442811966,norway
NOR_10Y,5,LORO_ZIRP,ZIRP,loro,nor_kpijae_yoy,gain,0.0,norway
NOR_10Y,5,LORO_ZIRP,ZIRP,loro,nor_nibor_nowa_spread,gain,0.0,norway
NOR_10Y,5,LORO_ZIRP,ZIRP,loro,nor_nowa_level,gain,0.0,norway
NOR_10Y,5,LORO_ZIRP,ZIRP,loro,nor_polrate_chg_1d,gain,0.0,norway
NOR_10Y,5,LORO_ZIRP,ZIRP,loro,nor_polrate_days_since_chg,gain,0.10677274316549301,norway
NOR_10Y,5,LORO_ZIRP,ZIRP,loro,nor_polrate_level,gain,0.0,norway
NOR_10Y,5,LORO_ZIRP,ZIRP,loro,nor_rb_rate_chg,gain,0.0,norway
NOR_10Y,5,LORO_ZIRP,ZIRP,loro,nor_rb_rate_level,gain,0.11838756501674652,norway
NOR_10Y,5,LORO_ZIRP,ZIRP,loro,nor_unemp,gain,0.0,norway
NOR_10Y,5,LORO_ZIRP,ZIRP,loro,nor_usdnok_chg_1d,gain,0.06335572898387909,norway
NOR_10Y,5,LORO_ZIRP,ZIRP,loro,nor_usdnok_level,gain,0.0,norway
NOR_10Y,5,LORO_ZIRP,ZIRP,loro,nor_usdnok_mom_1m,gain,0.0,norway
NOR_10Y,5,LORO_ZIRP,ZIRP,loro,nor_usdnok_mom_3m,gain,0.1553533971309662,norway
NOR_10Y,5,LORO_ZIRP,ZIRP,loro,nor_usdnok_rvol_20d,gain,0.0,norway
NOR_10Y,5,LORO_ZIRP,ZIRP,loro,swap_govt_spread,gain,0.0,norway
NOR_10Y,5,LORO_ZIRP,ZIRP,loro,xmpca_01,gain,0.08572790026664734,cross_market
NOR_10Y,5,LORO_ZIRP,ZIRP,loro,xmpca_02,gain,0.0,cross_market
NOR_10Y,5,LORO_ZIRP,ZIRP,loro,xmpca_03,gain,0.0,cross_market
NOR_10Y,5,LORO_ZIRP,ZIRP,loro,xmpca_04,gain,0.0,cross_market
NOR_10Y,5,LORO_ZIRP,ZIRP,loro,xmpca_05,gain,0.0848107859492302,cross_market
NOR_10Y,5,LORO_ZIRP,ZIRP,loro,xmpca_06,gain,0.0,cross_market
NOR_10Y,5,LORO_ZIRP,ZIRP,loro,xmpca_07,gain,0.018973127007484436,cross_market
NOR_10Y,5,LORO_ZIRP,ZIRP,loro,xmpca_08,gain,0.0,cross_market
NOR_10Y,5,LORO_ZIRP,ZIRP,loro,xmpca_09,gain,0.0,cross_market
NOR_10Y,5,LORO_ZIRP,ZIRP,loro,xmpca_10,gain,0.07340527325868607,cross_market
NOR_10Y,5,LORO_ZIRP,ZIRP,loro,xmpca_11,gain,0.041922688484191895,cross_market
NOR_10Y,5,LORO_ZIRP,ZIRP,loro,xmpca_12,gain,0.0,cross_market
NOR_10Y,5,LORO_ZIRP,ZIRP,loro,chg_lag1,weight,1.0,momentum
NOR_10Y,5,LORO_ZIRP,ZIRP,loro,chg_lag2,weight,0.0,momentum
NOR_10Y,5,LORO_ZIRP,ZIRP,loro,chg_lag3,weight,0.0,momentum
NOR_10Y,5,LORO_ZIRP,ZIRP,loro,chg_lag4,weight,0.0,momentum
NOR_10Y,5,LORO_ZIRP,ZIRP,loro,chg_lag5,weight,0.0,momentum
NOR_10Y,5,LORO_ZIRP,ZIRP,loro,carry_roll,weight,0.0,carry_roll
NOR_10Y,5,LORO_ZIRP,ZIRP,loro,mom_63d,weight,1.0,momentum
NOR_10Y,5,LORO_ZIRP,ZIRP,loro,mom_1m,weight,0.0,momentum
NOR_10Y,5,LORO_ZIRP,ZIRP,loro,mom_3m,weight,0.0,momentum
NOR_10Y,5,LORO_ZIRP,ZIRP,loro,mom_6m,weight,1.0,momentum
NOR_10Y,5,LORO_ZIRP,ZIRP,loro,mom_12m,weight,1.0,momentum
NOR_10Y,5,LORO_ZIRP,ZIRP,loro,dev_ma_3m,weight,1.0,curve
NOR_10Y,5,LORO_ZIRP,ZIRP,loro,dev_ma_12m,weight,3.0,curve
NOR_10Y,5,LORO_ZIRP,ZIRP,loro,vol_20d,weight,0.0,vol
NOR_10Y,5,LORO_ZIRP,ZIRP,loro,vol_regime,weight,0.0,vol
NOR_10Y,5,LORO_ZIRP,ZIRP,loro,vol_zscore,weight,1.0,vol
NOR_10Y,5,LORO_ZIRP,ZIRP,loro,level_zscore,weight,0.0,curve
NOR_10Y,5,LORO_ZIRP,ZIRP,loro,slope_10_1,weight,2.0,curve
NOR_10Y,5,LORO_ZIRP,ZIRP,loro,slope_10_5,weight,0.0,curve
NOR_10Y,5,LORO_ZIRP,ZIRP,loro,slope_5_1,weight,0.0,curve
NOR_10Y,5,LORO_ZIRP,ZIRP,loro,sofr_mom_1m,weight,3.0,macro
NOR_10Y,5,LORO_ZIRP,ZIRP,loro,ibor_level,weight,0.0,macro
NOR_10Y,5,LORO_ZIRP,ZIRP,loro,ibor_chg_1d,weight,0.0,macro
NOR_10Y,5,LORO_ZIRP,ZIRP,loro,ibor_mom_1m,weight,0.0,macro
NOR_10Y,5,LORO_ZIRP,ZIRP,loro,ibor_term_slope,weight,1.0,macro
NOR_10Y,5,LORO_ZIRP,ZIRP,loro,swap_ibor_basis,weight,0.0,curve
NOR_10Y,5,LORO_ZIRP,ZIRP,loro,move_level,weight,1.0,vol
NOR_10Y,5,LORO_ZIRP,ZIRP,loro,move_zscore,weight,0.0,vol
NOR_10Y,5,LORO_ZIRP,ZIRP,loro,vix_level,weight,0.0,vol
NOR_10Y,5,LORO_ZIRP,ZIRP,loro,vix_zscore,weight,0.0,vol
NOR_10Y,5,LORO_ZIRP,ZIRP,loro,v2x_level,weight,0.0,vol
NOR_10Y,5,LORO_ZIRP,ZIRP,loro,vxn_level,weight,1.0,vol
NOR_10Y,5,LORO_ZIRP,ZIRP,loro,ovx_level,weight,1.0,vol
NOR_10Y,5,LORO_ZIRP,ZIRP,loro,gvz_level,weight,0.0,vol
NOR_10Y,5,LORO_ZIRP,ZIRP,loro,spx_mom_1m,weight,1.0,macro
NOR_10Y,5,LORO_ZIRP,ZIRP,loro,spx_mom_3m,weight,0.0,macro
NOR_10Y,5,LORO_ZIRP,ZIRP,loro,sx5e_mom_1m,weight,0.0,macro
NOR_10Y,5,LORO_ZIRP,ZIRP,loro,sx5e_mom_3m,weight,0.0,macro
NOR_10Y,5,LORO_ZIRP,ZIRP,loro,mxwo_mom_1m,weight,0.0,macro
NOR_10Y,5,LORO_ZIRP,ZIRP,loro,ndx_mom_1m,weight,3.0,macro
NOR_10Y,5,LORO_ZIRP,ZIRP,loro,oil_mom_1m,weight,2.0,macro
NOR_10Y,5,LORO_ZIRP,ZIRP,loro,oil_mom_3m,weight,0.0,macro
NOR_10Y,5,LORO_ZIRP,ZIRP,loro,copper_mom_1m,weight,1.0,macro
NOR_10Y,5,LORO_ZIRP,ZIRP,loro,opec_prod,weight,1.0,macro
NOR_10Y,5,LORO_ZIRP,ZIRP,loro,natgas_mom_1m,weight,0.0,macro
NOR_10Y,5,LORO_ZIRP,ZIRP,loro,be5y_level,weight,0.0,macro
NOR_10Y,5,LORO_ZIRP,ZIRP,loro,be10y_level,weight,0.0,macro
NOR_10Y,5,LORO_ZIRP,ZIRP,loro,be_slope,weight,0.0,macro
NOR_10Y,5,LORO_ZIRP,ZIRP,loro,be5y_chg_1m,weight,0.0,macro
NOR_10Y,5,LORO_ZIRP,ZIRP,loro,ig_spread,weight,0.0,credit
NOR_10Y,5,LORO_ZIRP,ZIRP,loro,hy_spread,weight,0.0,credit
NOR_10Y,5,LORO_ZIRP,ZIRP,loro,ig_chg_1m,weight,0.0,credit
NOR_10Y,5,LORO_ZIRP,ZIRP,loro,hy_chg_1m,weight,0.0,credit
NOR_10Y,5,LORO_ZIRP,ZIRP,loro,cpi_yoy,weight,0.0,macro
NOR_10Y,5,LORO_ZIRP,ZIRP,loro,pce_core_chg,weight,1.0,macro
NOR_10Y,5,LORO_ZIRP,ZIRP,loro,nfp_change,weight,0.0,macro
NOR_10Y,5,LORO_ZIRP,ZIRP,loro,pmi_us,weight,0.0,macro
NOR_10Y,5,LORO_ZIRP,ZIRP,loro,pmi_eur,weight,3.0,macro
NOR_10Y,5,LORO_ZIRP,ZIRP,loro,unemp_eur,weight,0.0,macro
NOR_10Y,5,LORO_ZIRP,ZIRP,loro,cpi_nsa_level,weight,0.0,macro
NOR_10Y,5,LORO_ZIRP,ZIRP,loro,pce_core_level,weight,0.0,macro
NOR_10Y,5,LORO_ZIRP,ZIRP,loro,eur_3m,weight,1.0,macro
NOR_10Y,5,LORO_ZIRP,ZIRP,loro,eur_1w,weight,0.0,macro
NOR_10Y,5,LORO_ZIRP,ZIRP,loro,nor_ibor_1m,weight,0.0,norway
NOR_10Y,5,LORO_ZIRP,ZIRP,loro,nor_ibor_6m,weight,0.0,norway
NOR_10Y,5,LORO_ZIRP,ZIRP,loro,nor_ecb_dfr_chg,weight,0.0,norway
NOR_10Y,5,LORO_ZIRP,ZIRP,loro,nor_ecb_dfr_level,weight,0.0,norway
NOR_10Y,5,LORO_ZIRP,ZIRP,loro,nor_eurnok_chg_1d,weight,0.0,norway
NOR_10Y,5,LORO_ZIRP,ZIRP,loro,nor_eurnok_level,weight,0.0,norway
NOR_10Y,5,LORO_ZIRP,ZIRP,loro,nor_eurnok_mom_1m,weight,0.0,norway
NOR_10Y,5,LORO_ZIRP,ZIRP,loro,nor_eurnok_mom_3m,weight,1.0,norway
NOR_10Y,5,LORO_ZIRP,ZIRP,loro,nor_eurnok_rvol_20d,weight,3.0,norway
NOR_10Y,5,LORO_ZIRP,ZIRP,loro,nor_govt_10y,weight,0.0,norway
NOR_10Y,5,LORO_ZIRP,ZIRP,loro,nor_govt_3y,weight,0.0,norway
NOR_10Y,5,LORO_ZIRP,ZIRP,loro,nor_govt_5y,weight,0.0,norway
NOR_10Y,5,LORO_ZIRP,ZIRP,loro,nor_i44_chg_1d,weight,0.0,norway
NOR_10Y,5,LORO_ZIRP,ZIRP,loro,nor_i44_level,weight,0.0,norway
NOR_10Y,5,LORO_ZIRP,ZIRP,loro,nor_i44_mom_1m,weight,4.0,norway
NOR_10Y,5,LORO_ZIRP,ZIRP,loro,nor_i44_mom_3m,weight,0.0,norway
NOR_10Y,5,LORO_ZIRP,ZIRP,loro,nor_i44_rvol_20d,weight,0.0,norway
NOR_10Y,5,LORO_ZIRP,ZIRP,loro,nor_kpi_yoy,weight,1.0,norway
NOR_10Y,5,LORO_ZIRP,ZIRP,loro,nor_kpijae_yoy,weight,0.0,norway
NOR_10Y,5,LORO_ZIRP,ZIRP,loro,nor_nibor_nowa_spread,weight,0.0,norway
NOR_10Y,5,LORO_ZIRP,ZIRP,loro,nor_nowa_level,weight,0.0,norway
NOR_10Y,5,LORO_ZIRP,ZIRP,loro,nor_polrate_chg_1d,weight,0.0,norway
NOR_10Y,5,LORO_ZIRP,ZIRP,loro,nor_polrate_days_since_chg,weight,3.0,norway
NOR_10Y,5,LORO_ZIRP,ZIRP,loro,nor_polrate_level,weight,0.0,norway
NOR_10Y,5,LORO_ZIRP,ZIRP,loro,nor_rb_rate_chg,weight,0.0,norway
NOR_10Y,5,LORO_ZIRP,ZIRP,loro,nor_rb_rate_level,weight,1.0,norway
NOR_10Y,5,LORO_ZIRP,ZIRP,loro,nor_unemp,weight,0.0,norway
NOR_10Y,5,LORO_ZIRP,ZIRP,loro,nor_usdnok_chg_1d,weight,1.0,norway
NOR_10Y,5,LORO_ZIRP,ZIRP,loro,nor_usdnok_level,weight,0.0,norway
NOR_10Y,5,LORO_ZIRP,ZIRP,loro,nor_usdnok_mom_1m,weight,0.0,norway
NOR_10Y,5,LORO_ZIRP,ZIRP,loro,nor_usdnok_mom_3m,weight,2.0,norway
NOR_10Y,5,LORO_ZIRP,ZIRP,loro,nor_usdnok_rvol_20d,weight,0.0,norway
NOR_10Y,5,LORO_ZIRP,ZIRP,loro,swap_govt_spread,weight,0.0,norway
NOR_10Y,5,LORO_ZIRP,ZIRP,loro,xmpca_01,weight,2.0,cross_market
NOR_10Y,5,LORO_ZIRP,ZIRP,loro,xmpca_02,weight,0.0,cross_market
NOR_10Y,5,LORO_ZIRP,ZIRP,loro,xmpca_03,weight,0.0,cross_market
NOR_10Y,5,LORO_ZIRP,ZIRP,loro,xmpca_04,weight,0.0,cross_market
NOR_10Y,5,LORO_ZIRP,ZIRP,loro,xmpca_05,weight,1.0,cross_market
NOR_10Y,5,LORO_ZIRP,ZIRP,loro,xmpca_06,weight,0.0,cross_market
NOR_10Y,5,LORO_ZIRP,ZIRP,loro,xmpca_07,weight,1.0,cross_market
NOR_10Y,5,LORO_ZIRP,ZIRP,loro,xmpca_08,weight,0.0,cross_market
NOR_10Y,5,LORO_ZIRP,ZIRP,loro,xmpca_09,weight,0.0,cross_market
NOR_10Y,5,LORO_ZIRP,ZIRP,loro,xmpca_10,weight,3.0,cross_market
NOR_10Y,5,LORO_ZIRP,ZIRP,loro,xmpca_11,weight,2.0,cross_market
NOR_10Y,5,LORO_ZIRP,ZIRP,loro,xmpca_12,weight,0.0,cross_market
NOR_10Y,5,LORO_ZIRP,ZIRP,loro,chg_lag1,cover,23.0,momentum
NOR_10Y,5,LORO_ZIRP,ZIRP,loro,chg_lag2,cover,0.0,momentum
NOR_10Y,5,LORO_ZIRP,ZIRP,loro,chg_lag3,cover,0.0,momentum
NOR_10Y,5,LORO_ZIRP,ZIRP,loro,chg_lag4,cover,0.0,momentum
NOR_10Y,5,LORO_ZIRP,ZIRP,loro,chg_lag5,cover,0.0,momentum
NOR_10Y,5,LORO_ZIRP,ZIRP,loro,carry_roll,cover,0.0,carry_roll
NOR_10Y,5,LORO_ZIRP,ZIRP,loro,mom_63d,cover,63.0,momentum
NOR_10Y,5,LORO_ZIRP,ZIRP,loro,mom_1m,cover,0.0,momentum
NOR_10Y,5,LORO_ZIRP,ZIRP,loro,mom_3m,cover,0.0,momentum
NOR_10Y,5,LORO_ZIRP,ZIRP,loro,mom_6m,cover,29.0,momentum
NOR_10Y,5,LORO_ZIRP,ZIRP,loro,mom_12m,cover,221.0,momentum
NOR_10Y,5,LORO_ZIRP,ZIRP,loro,dev_ma_3m,cover,57.0,curve
NOR_10Y,5,LORO_ZIRP,ZIRP,loro,dev_ma_12m,cover,1792.6666259765625,curve
NOR_10Y,5,LORO_ZIRP,ZIRP,loro,vol_20d,cover,0.0,vol
NOR_10Y,5,LORO_ZIRP,ZIRP,loro,vol_regime,cover,0.0,vol
NOR_10Y,5,LORO_ZIRP,ZIRP,loro,vol_zscore,cover,114.0,vol
NOR_10Y,5,LORO_ZIRP,ZIRP,loro,level_zscore,cover,0.0,curve
NOR_10Y,5,LORO_ZIRP,ZIRP,loro,slope_10_1,cover,1424.5,curve
NOR_10Y,5,LORO_ZIRP,ZIRP,loro,slope_10_5,cover,0.0,curve
NOR_10Y,5,LORO_ZIRP,ZIRP,loro,slope_5_1,cover,0.0,curve
NOR_10Y,5,LORO_ZIRP,ZIRP,loro,sofr_mom_1m,cover,1197.3333740234375,macro
NOR_10Y,5,LORO_ZIRP,ZIRP,loro,ibor_level,cover,0.0,macro
NOR_10Y,5,LORO_ZIRP,ZIRP,loro,ibor_chg_1d,cover,0.0,macro
NOR_10Y,5,LORO_ZIRP,ZIRP,loro,ibor_mom_1m,cover,0.0,macro
NOR_10Y,5,LORO_ZIRP,ZIRP,loro,ibor_term_slope,cover,1530.0,macro
NOR_10Y,5,LORO_ZIRP,ZIRP,loro,swap_ibor_basis,cover,0.0,curve
NOR_10Y,5,LORO_ZIRP,ZIRP,loro,move_level,cover,11.0,vol
NOR_10Y,5,LORO_ZIRP,ZIRP,loro,move_zscore,cover,0.0,vol
NOR_10Y,5,LORO_ZIRP,ZIRP,loro,vix_level,cover,0.0,vol
NOR_10Y,5,LORO_ZIRP,ZIRP,loro,vix_zscore,cover,0.0,vol
NOR_10Y,5,LORO_ZIRP,ZIRP,loro,v2x_level,cover,0.0,vol
NOR_10Y,5,LORO_ZIRP,ZIRP,loro,vxn_level,cover,28.0,vol
NOR_10Y,5,LORO_ZIRP,ZIRP,loro,ovx_level,cover,39.0,vol
NOR_10Y,5,LORO_ZIRP,ZIRP,loro,gvz_level,cover,0.0,vol
NOR_10Y,5,LORO_ZIRP,ZIRP,loro,spx_mom_1m,cover,512.0,macro
NOR_10Y,5,LORO_ZIRP,ZIRP,loro,spx_mom_3m,cover,0.0,macro
NOR_10Y,5,LORO_ZIRP,ZIRP,loro,sx5e_mom_1m,cover,0.0,macro
NOR_10Y,5,LORO_ZIRP,ZIRP,loro,sx5e_mom_3m,cover,0.0,macro
NOR_10Y,5,LORO_ZIRP,ZIRP,loro,mxwo_mom_1m,cover,0.0,macro
NOR_10Y,5,LORO_ZIRP,ZIRP,loro,ndx_mom_1m,cover,583.3333129882812,macro
NOR_10Y,5,LORO_ZIRP,ZIRP,loro,oil_mom_1m,cover,67.5,macro
NOR_10Y,5,LORO_ZIRP,ZIRP,loro,oil_mom_3m,cover,0.0,macro
NOR_10Y,5,LORO_ZIRP,ZIRP,loro,copper_mom_1m,cover,120.0,macro
NOR_10Y,5,LORO_ZIRP,ZIRP,loro,opec_prod,cover,34.0,macro
NOR_10Y,5,LORO_ZIRP,ZIRP,loro,natgas_mom_1m,cover,0.0,macro
NOR_10Y,5,LORO_ZIRP,ZIRP,loro,be5y_level,cover,0.0,macro
NOR_10Y,5,LORO_ZIRP,ZIRP,loro,be10y_level,cover,0.0,macro
NOR_10Y,5,LORO_ZIRP,ZIRP,loro,be_slope,cover,0.0,macro
NOR_10Y,5,LORO_ZIRP,ZIRP,loro,be5y_chg_1m,cover,0.0,macro
NOR_10Y,5,LORO_ZIRP,ZIRP,loro,ig_spread,cover,0.0,credit
NOR_10Y,5,LORO_ZIRP,ZIRP,loro,hy_spread,cover,0.0,credit
NOR_10Y,5,LORO_ZIRP,ZIRP,loro,ig_chg_1m,cover,0.0,credit
NOR_10Y,5,LORO_ZIRP,ZIRP,loro,hy_chg_1m,cover,0.0,credit
NOR_10Y,5,LORO_ZIRP,ZIRP,loro,cpi_yoy,cover,0.0,macro
NOR_10Y,5,LORO_ZIRP,ZIRP,loro,pce_core_chg,cover,87.0,macro
NOR_10Y,5,LORO_ZIRP,ZIRP,loro,nfp_change,cover,0.0,macro
NOR_10Y,5,LORO_ZIRP,ZIRP,loro,pmi_us,cover,0.0,macro
NOR_10Y,5,LORO_ZIRP,ZIRP,loro,pmi_eur,cover,1890.0,macro
NOR_10Y,5,LORO_ZIRP,ZIRP,loro,unemp_eur,cover,0.0,macro
NOR_10Y,5,LORO_ZIRP,ZIRP,loro,cpi_nsa_level,cover,0.0,macro
NOR_10Y,5,LORO_ZIRP,ZIRP,loro,pce_core_level,cover,0.0,macro
NOR_10Y,5,LORO_ZIRP,ZIRP,loro,eur_3m,cover,18.0,macro
NOR_10Y,5,LORO_ZIRP,ZIRP,loro,eur_1w,cover,0.0,macro
NOR_10Y,5,LORO_ZIRP,ZIRP,loro,nor_ibor_1m,cover,0.0,norway
NOR_10Y,5,LORO_ZIRP,ZIRP,loro,nor_ibor_6m,cover,0.0,norway
NOR_10Y,5,LORO_ZIRP,ZIRP,loro,nor_ecb_dfr_chg,cover,0.0,norway
NOR_10Y,5,LORO_ZIRP,ZIRP,loro,nor_ecb_dfr_level,cover,0.0,norway
NOR_10Y,5,LORO_ZIRP,ZIRP,loro,nor_eurnok_chg_1d,cover,0.0,norway
NOR_10Y,5,LORO_ZIRP,ZIRP,loro,nor_eurnok_level,cover,0.0,norway
NOR_10Y,5,LORO_ZIRP,ZIRP,loro,nor_eurnok_mom_1m,cover,0.0,norway
NOR_10Y,5,LORO_ZIRP,ZIRP,loro,nor_eurnok_mom_3m,cover,50.0,norway
NOR_10Y,5,LORO_ZIRP,ZIRP,loro,nor_eurnok_rvol_20d,cover,134.6666717529297,norway
NOR_10Y,5,LORO_ZIRP,ZIRP,loro,nor_govt_10y,cover,0.0,norway
NOR_10Y,5,LORO_ZIRP,ZIRP,loro,nor_govt_3y,cover,0.0,norway
NOR_10Y,5,LORO_ZIRP,ZIRP,loro,nor_govt_5y,cover,0.0,norway
NOR_10Y,5,LORO_ZIRP,ZIRP,loro,nor_i44_chg_1d,cover,0.0,norway
NOR_10Y,5,LORO_ZIRP,ZIRP,loro,nor_i44_level,cover,0.0,norway
NOR_10Y,5,LORO_ZIRP,ZIRP,loro,nor_i44_mom_1m,cover,476.25,norway
NOR_10Y,5,LORO_ZIRP,ZIRP,loro,nor_i44_mom_3m,cover,0.0,norway
NOR_10Y,5,LORO_ZIRP,ZIRP,loro,nor_i44_rvol_20d,cover,0.0,norway
NOR_10Y,5,LORO_ZIRP,ZIRP,loro,nor_kpi_yoy,cover,329.0,norway
NOR_10Y,5,LORO_ZIRP,ZIRP,loro,nor_kpijae_yoy,cover,0.0,norway
NOR_10Y,5,LORO_ZIRP,ZIRP,loro,nor_nibor_nowa_spread,cover,0.0,norway
NOR_10Y,5,LORO_ZIRP,ZIRP,loro,nor_nowa_level,cover,0.0,norway
NOR_10Y,5,LORO_ZIRP,ZIRP,loro,nor_polrate_chg_1d,cover,0.0,norway
NOR_10Y,5,LORO_ZIRP,ZIRP,loro,nor_polrate_days_since_chg,cover,114.0,norway
NOR_10Y,5,LORO_ZIRP,ZIRP,loro,nor_polrate_level,cover,0.0,norway
NOR_10Y,5,LORO_ZIRP,ZIRP,loro,nor_rb_rate_chg,cover,0.0,norway
NOR_10Y,5,LORO_ZIRP,ZIRP,loro,nor_rb_rate_level,cover,145.0,norway
NOR_10Y,5,LORO_ZIRP,ZIRP,loro,nor_unemp,cover,0.0,norway
NOR_10Y,5,LORO_ZIRP,ZIRP,loro,nor_usdnok_chg_1d,cover,248.0,norway
NOR_10Y,5,LORO_ZIRP,ZIRP,loro,nor_usdnok_level,cover,0.0,norway
NOR_10Y,5,LORO_ZIRP,ZIRP,loro,nor_usdnok_mom_1m,cover,0.0,norway
NOR_10Y,5,LORO_ZIRP,ZIRP,loro,nor_usdnok_mom_3m,cover,1839.5,norway
NOR_10Y,5,LORO_ZIRP,ZIRP,loro,nor_usdnok_rvol_20d,cover,0.0,norway
NOR_10Y,5,LORO_ZIRP,ZIRP,loro,swap_govt_spread,cover,0.0,norway
NOR_10Y,5,LORO_ZIRP,ZIRP,loro,xmpca_01,cover,80.5,cross_market
NOR_10Y,5,LORO_ZIRP,ZIRP,loro,xmpca_02,cover,0.0,cross_market
NOR_10Y,5,LORO_ZIRP,ZIRP,loro,xmpca_03,cover,0.0,cross_market
NOR_10Y,5,LORO_ZIRP,ZIRP,loro,xmpca_04,cover,0.0,cross_market
NOR_10Y,5,LORO_ZIRP,ZIRP,loro,xmpca_05,cover,167.0,cross_market
NOR_10Y,5,LORO_ZIRP,ZIRP,loro,xmpca_06,cover,0.0,cross_market
NOR_10Y,5,LORO_ZIRP,ZIRP,loro,xmpca_07,cover,53.0,cross_market
NOR_10Y,5,LORO_ZIRP,ZIRP,loro,xmpca_08,cover,0.0,cross_market
NOR_10Y,5,LORO_ZIRP,ZIRP,loro,xmpca_09,cover,0.0,cross_market
NOR_10Y,5,LORO_ZIRP,ZIRP,loro,xmpca_10,cover,69.0,cross_market
NOR_10Y,5,LORO_ZIRP,ZIRP,loro,xmpca_11,cover,36.0,cross_market
NOR_10Y,5,LORO_ZIRP,ZIRP,loro,xmpca_12,cover,0.0,cross_market
NOR_10Y,5,LORO_ZIRP,ZIRP,loro,chg_lag1,total_gain,0.0129670649766922,momentum
NOR_10Y,5,LORO_ZIRP,ZIRP,loro,chg_lag2,total_gain,0.0,momentum
NOR_10Y,5,LORO_ZIRP,ZIRP,loro,chg_lag3,total_gain,0.0,momentum
NOR_10Y,5,LORO_ZIRP,ZIRP,loro,chg_lag4,total_gain,0.0,momentum
NOR_10Y,5,LORO_ZIRP,ZIRP,loro,chg_lag5,total_gain,0.0,momentum
NOR_10Y,5,LORO_ZIRP,ZIRP,loro,carry_roll,total_gain,0.0,carry_roll
NOR_10Y,5,LORO_ZIRP,ZIRP,loro,mom_63d,total_gain,0.04163748025894165,momentum
NOR_10Y,5,LORO_ZIRP,ZIRP,loro,mom_1m,total_gain,0.0,momentum
NOR_10Y,5,LORO_ZIRP,ZIRP,loro,mom_3m,total_gain,0.0,momentum
NOR_10Y,5,LORO_ZIRP,ZIRP,loro,mom_6m,total_gain,0.05367786064743996,momentum
NOR_10Y,5,LORO_ZIRP,ZIRP,loro,mom_12m,total_gain,0.06987816095352173,momentum
NOR_10Y,5,LORO_ZIRP,ZIRP,loro,dev_ma_3m,total_gain,0.04333997517824173,curve
NOR_10Y,5,LORO_ZIRP,ZIRP,loro,dev_ma_12m,total_gain,0.4355107545852661,curve
NOR_10Y,5,LORO_ZIRP,ZIRP,loro,vol_20d,total_gain,0.0,vol
NOR_10Y,5,LORO_ZIRP,ZIRP,loro,vol_regime,total_gain,0.0,vol
NOR_10Y,5,LORO_ZIRP,ZIRP,loro,vol_zscore,total_gain,0.08268575370311737,vol
NOR_10Y,5,LORO_ZIRP,ZIRP,loro,level_zscore,total_gain,0.0,curve
NOR_10Y,5,LORO_ZIRP,ZIRP,loro,slope_10_1,total_gain,0.24172785878181458,curve
NOR_10Y,5,LORO_ZIRP,ZIRP,loro,slope_10_5,total_gain,0.0,curve
NOR_10Y,5,LORO_ZIRP,ZIRP,loro,slope_5_1,total_gain,0.0,curve
NOR_10Y,5,LORO_ZIRP,ZIRP,loro,sofr_mom_1m,total_gain,0.3373643755912781,macro
NOR_10Y,5,LORO_ZIRP,ZIRP,loro,ibor_level,total_gain,0.0,macro
NOR_10Y,5,LORO_ZIRP,ZIRP,loro,ibor_chg_1d,total_gain,0.0,macro
NOR_10Y,5,LORO_ZIRP,ZIRP,loro,ibor_mom_1m,total_gain,0.0,macro
NOR_10Y,5,LORO_ZIRP,ZIRP,loro,ibor_term_slope,total_gain,0.11652670800685883,macro
NOR_10Y,5,LORO_ZIRP,ZIRP,loro,swap_ibor_basis,total_gain,0.0,curve
NOR_10Y,5,LORO_ZIRP,ZIRP,loro,move_level,total_gain,0.0026194974780082703,vol
NOR_10Y,5,LORO_ZIRP,ZIRP,loro,move_zscore,total_gain,0.0,vol
NOR_10Y,5,LORO_ZIRP,ZIRP,loro,vix_level,total_gain,0.0,vol
NOR_10Y,5,LORO_ZIRP,ZIRP,loro,vix_zscore,total_gain,0.0,vol
NOR_10Y,5,LORO_ZIRP,ZIRP,loro,v2x_level,total_gain,0.0,vol
NOR_10Y,5,LORO_ZIRP,ZIRP,loro,vxn_level,total_gain,0.03135569393634796,vol
NOR_10Y,5,LORO_ZIRP,ZIRP,loro,ovx_level,total_gain,0.10285717248916626,vol
NOR_10Y,5,LORO_ZIRP,ZIRP,loro,gvz_level,total_gain,0.0,vol
NOR_10Y,5,LORO_ZIRP,ZIRP,loro,spx_mom_1m,total_gain,0.1235361322760582,macro
NOR_10Y,5,LORO_ZIRP,ZIRP,loro,spx_mom_3m,total_gain,0.0,macro
NOR_10Y,5,LORO_ZIRP,ZIRP,loro,sx5e_mom_1m,total_gain,0.0,macro
NOR_10Y,5,LORO_ZIRP,ZIRP,loro,sx5e_mom_3m,total_gain,0.0,macro
NOR_10Y,5,LORO_ZIRP,ZIRP,loro,mxwo_mom_1m,total_gain,0.0,macro
NOR_10Y,5,LORO_ZIRP,ZIRP,loro,ndx_mom_1m,total_gain,0.24624882638454437,macro
NOR_10Y,5,LORO_ZIRP,ZIRP,loro,oil_mom_1m,total_gain,0.13316351175308228,macro
NOR_10Y,5,LORO_ZIRP,ZIRP,loro,oil_mom_3m,total_gain,0.0,macro
NOR_10Y,5,LORO_ZIRP,ZIRP,loro,copper_mom_1m,total_gain,0.09846952557563782,macro
NOR_10Y,5,LORO_ZIRP,ZIRP,loro,opec_prod,total_gain,0.026457393541932106,macro
NOR_10Y,5,LORO_ZIRP,ZIRP,loro,natgas_mom_1m,total_gain,0.0,macro
NOR_10Y,5,LORO_ZIRP,ZIRP,loro,be5y_level,total_gain,0.0,macro
NOR_10Y,5,LORO_ZIRP,ZIRP,loro,be10y_level,total_gain,0.0,macro
NOR_10Y,5,LORO_ZIRP,ZIRP,loro,be_slope,total_gain,0.0,macro
NOR_10Y,5,LORO_ZIRP,ZIRP,loro,be5y_chg_1m,total_gain,0.0,macro
NOR_10Y,5,LORO_ZIRP,ZIRP,loro,ig_spread,total_gain,0.0,credit
NOR_10Y,5,LORO_ZIRP,ZIRP,loro,hy_spread,total_gain,0.0,credit
NOR_10Y,5,LORO_ZIRP,ZIRP,loro,ig_chg_1m,total_gain,0.0,credit
NOR_10Y,5,LORO_ZIRP,ZIRP,loro,hy_chg_1m,total_gain,0.0,credit
NOR_10Y,5,LORO_ZIRP,ZIRP,loro,cpi_yoy,total_gain,0.0,macro
NOR_10Y,5,LORO_ZIRP,ZIRP,loro,pce_core_chg,total_gain,0.11830919981002808,macro
NOR_10Y,5,LORO_ZIRP,ZIRP,loro,nfp_change,total_gain,0.0,macro
NOR_10Y,5,LORO_ZIRP,ZIRP,loro,pmi_us,total_gain,0.0,macro
NOR_10Y,5,LORO_ZIRP,ZIRP,loro,pmi_eur,total_gain,0.4890643060207367,macro
NOR_10Y,5,LORO_ZIRP,ZIRP,loro,unemp_eur,total_gain,0.0,macro
NOR_10Y,5,LORO_ZIRP,ZIRP,loro,cpi_nsa_level,total_gain,0.0,macro
NOR_10Y,5,LORO_ZIRP,ZIRP,loro,pce_core_level,total_gain,0.0,macro
NOR_10Y,5,LORO_ZIRP,ZIRP,loro,eur_3m,total_gain,0.004615031182765961,macro
NOR_10Y,5,LORO_ZIRP,ZIRP,loro,eur_1w,total_gain,0.0,macro
NOR_10Y,5,LORO_ZIRP,ZIRP,loro,nor_ibor_1m,total_gain,0.0,norway
NOR_10Y,5,LORO_ZIRP,ZIRP,loro,nor_ibor_6m,total_gain,0.0,norway
NOR_10Y,5,LORO_ZIRP,ZIRP,loro,nor_ecb_dfr_chg,total_gain,0.0,norway
NOR_10Y,5,LORO_ZIRP,ZIRP,loro,nor_ecb_dfr_level,total_gain,0.0,norway
NOR_10Y,5,LORO_ZIRP,ZIRP,loro,nor_eurnok_chg_1d,total_gain,0.0,norway
NOR_10Y,5,LORO_ZIRP,ZIRP,loro,nor_eurnok_level,total_gain,0.0,norway
NOR_10Y,5,LORO_ZIRP,ZIRP,loro,nor_eurnok_mom_1m,total_gain,0.0,norway
NOR_10Y,5,LORO_ZIRP,ZIRP,loro,nor_eurnok_mom_3m,total_gain,0.04110360145568848,norway
NOR_10Y,5,LORO_ZIRP,ZIRP,loro,nor_eurnok_rvol_20d,total_gain,0.309483140707016,norway
NOR_10Y,5,LORO_ZIRP,ZIRP,loro,nor_govt_10y,total_gain,0.0,norway
NOR_10Y,5,LORO_ZIRP,ZIRP,loro,nor_govt_3y,total_gain,0.0,norway
NOR_10Y,5,LORO_ZIRP,ZIRP,loro,nor_govt_5y,total_gain,0.0,norway
NOR_10Y,5,LORO_ZIRP,ZIRP,loro,nor_i44_chg_1d,total_gain,0.0,norway
NOR_10Y,5,LORO_ZIRP,ZIRP,loro,nor_i44_level,total_gain,0.0,norway
NOR_10Y,5,LORO_ZIRP,ZIRP,loro,nor_i44_mom_1m,total_gain,0.509199321269989,norway
NOR_10Y,5,LORO_ZIRP,ZIRP,loro,nor_i44_mom_3m,total_gain,0.0,norway
NOR_10Y,5,LORO_ZIRP,ZIRP,loro,nor_i44_rvol_20d,total_gain,0.0,norway
NOR_10Y,5,LORO_ZIRP,ZIRP,loro,nor_kpi_yoy,total_gain,0.1943703442811966,norway
NOR_10Y,5,LORO_ZIRP,ZIRP,loro,nor_kpijae_yoy,total_gain,0.0,norway
NOR_10Y,5,LORO_ZIRP,ZIRP,loro,nor_nibor_nowa_spread,total_gain,0.0,norway
NOR_10Y,5,LORO_ZIRP,ZIRP,loro,nor_nowa_level,total_gain,0.0,norway
NOR_10Y,5,LORO_ZIRP,ZIRP,loro,nor_polrate_chg_1d,total_gain,0.0,norway
NOR_10Y,5,LORO_ZIRP,ZIRP,loro,nor_polrate_days_since_chg,total_gain,0.32031822204589844,norway
NOR_10Y,5,LORO_ZIRP,ZIRP,loro,nor_polrate_level,total_gain,0.0,norway
NOR_10Y,5,LORO_ZIRP,ZIRP,loro,nor_rb_rate_chg,total_gain,0.0,norway
NOR_10Y,5,LORO_ZIRP,ZIRP,loro,nor_rb_rate_level,total_gain,0.11838756501674652,norway
NOR_10Y,5,LORO_ZIRP,ZIRP,loro,nor_unemp,total_gain,0.0,norway
NOR_10Y,5,LORO_ZIRP,ZIRP,loro,nor_usdnok_chg_1d,total_gain,0.06335572898387909,norway
NOR_10Y,5,LORO_ZIRP,ZIRP,loro,nor_usdnok_level,total_gain,0.0,norway
NOR_10Y,5,LORO_ZIRP,ZIRP,loro,nor_usdnok_mom_1m,total_gain,0.0,norway
NOR_10Y,5,LORO_ZIRP,ZIRP,loro,nor_usdnok_mom_3m,total_gain,0.3107067942619324,norway
NOR_10Y,5,LORO_ZIRP,ZIRP,loro,nor_usdnok_rvol_20d,total_gain,0.0,norway
NOR_10Y,5,LORO_ZIRP,ZIRP,loro,swap_govt_spread,total_gain,0.0,norway
NOR_10Y,5,LORO_ZIRP,ZIRP,loro,xmpca_01,total_gain,0.17145580053329468,cross_market
NOR_10Y,5,LORO_ZIRP,ZIRP,loro,xmpca_02,total_gain,0.0,cross_market
NOR_10Y,5,LORO_ZIRP,ZIRP,loro,xmpca_03,total_gain,0.0,cross_market
NOR_10Y,5,LORO_ZIRP,ZIRP,loro,xmpca_04,total_gain,0.0,cross_market
NOR_10Y,5,LORO_ZIRP,ZIRP,loro,xmpca_05,total_gain,0.0848107859492302,cross_market
NOR_10Y,5,LORO_ZIRP,ZIRP,loro,xmpca_06,total_gain,0.0,cross_market
NOR_10Y,5,LORO_ZIRP,ZIRP,loro,xmpca_07,total_gain,0.018973127007484436,cross_market
NOR_10Y,5,LORO_ZIRP,ZIRP,loro,xmpca_08,total_gain,0.0,cross_market
NOR_10Y,5,LORO_ZIRP,ZIRP,loro,xmpca_09,total_gain,0.0,cross_market
NOR_10Y,5,LORO_ZIRP,ZIRP,loro,xmpca_10,total_gain,0.2202158123254776,cross_market
NOR_10Y,5,LORO_ZIRP,ZIRP,loro,xmpca_11,total_gain,0.08384537696838379,cross_market
NOR_10Y,5,LORO_ZIRP,ZIRP,loro,xmpca_12,total_gain,0.0,cross_market
NOR_10Y,5,LORO_ZIRP,ZIRP,loro,chg_lag1,total_cover,23.0,momentum
NOR_10Y,5,LORO_ZIRP,ZIRP,loro,chg_lag2,total_cover,0.0,momentum
NOR_10Y,5,LORO_ZIRP,ZIRP,loro,chg_lag3,total_cover,0.0,momentum
NOR_10Y,5,LORO_ZIRP,ZIRP,loro,chg_lag4,total_cover,0.0,momentum
NOR_10Y,5,LORO_ZIRP,ZIRP,loro,chg_lag5,total_cover,0.0,momentum
NOR_10Y,5,LORO_ZIRP,ZIRP,loro,carry_roll,total_cover,0.0,carry_roll
NOR_10Y,5,LORO_ZIRP,ZIRP,loro,mom_63d,total_cover,63.0,momentum
NOR_10Y,5,LORO_ZIRP,ZIRP,loro,mom_1m,total_cover,0.0,momentum
NOR_10Y,5,LORO_ZIRP,ZIRP,loro,mom_3m,total_cover,0.0,momentum
NOR_10Y,5,LORO_ZIRP,ZIRP,loro,mom_6m,total_cover,29.0,momentum
NOR_10Y,5,LORO_ZIRP,ZIRP,loro,mom_12m,total_cover,221.0,momentum
NOR_10Y,5,LORO_ZIRP,ZIRP,loro,dev_ma_3m,total_cover,57.0,curve
NOR_10Y,5,LORO_ZIRP,ZIRP,loro,dev_ma_12m,total_cover,5378.0,curve
NOR_10Y,5,LORO_ZIRP,ZIRP,loro,vol_20d,total_cover,0.0,vol
NOR_10Y,5,LORO_ZIRP,ZIRP,loro,vol_regime,total_cover,0.0,vol
NOR_10Y,5,LORO_ZIRP,ZIRP,loro,vol_zscore,total_cover,114.0,vol
NOR_10Y,5,LORO_ZIRP,ZIRP,loro,level_zscore,total_cover,0.0,curve
NOR_10Y,5,LORO_ZIRP,ZIRP,loro,slope_10_1,total_cover,2849.0,curve
NOR_10Y,5,LORO_ZIRP,ZIRP,loro,slope_10_5,total_cover,0.0,curve
NOR_10Y,5,LORO_ZIRP,ZIRP,loro,slope_5_1,total_cover,0.0,curve
NOR_10Y,5,LORO_ZIRP,ZIRP,loro,sofr_mom_1m,total_cover,3592.0,macro
NOR_10Y,5,LORO_ZIRP,ZIRP,loro,ibor_level,total_cover,0.0,macro
NOR_10Y,5,LORO_ZIRP,ZIRP,loro,ibor_chg_1d,total_cover,0.0,macro
NOR_10Y,5,LORO_ZIRP,ZIRP,loro,ibor_mom_1m,total_cover,0.0,macro
NOR_10Y,5,LORO_ZIRP,ZIRP,loro,ibor_term_slope,total_cover,1530.0,macro
NOR_10Y,5,LORO_ZIRP,ZIRP,loro,swap_ibor_basis,total_cover,0.0,curve
NOR_10Y,5,LORO_ZIRP,ZIRP,loro,move_level,total_cover,11.0,vol
NOR_10Y,5,LORO_ZIRP,ZIRP,loro,move_zscore,total_cover,0.0,vol
NOR_10Y,5,LORO_ZIRP,ZIRP,loro,vix_level,total_cover,0.0,vol
NOR_10Y,5,LORO_ZIRP,ZIRP,loro,vix_zscore,total_cover,0.0,vol
NOR_10Y,5,LORO_ZIRP,ZIRP,loro,v2x_level,total_cover,0.0,vol
NOR_10Y,5,LORO_ZIRP,ZIRP,loro,vxn_level,total_cover,28.0,vol
NOR_10Y,5,LORO_ZIRP,ZIRP,loro,ovx_level,total_cover,39.0,vol
NOR_10Y,5,LORO_ZIRP,ZIRP,loro,gvz_level,total_cover,0.0,vol
NOR_10Y,5,LORO_ZIRP,ZIRP,loro,spx_mom_1m,total_cover,512.0,macro
NOR_10Y,5,LORO_ZIRP,ZIRP,loro,spx_mom_3m,total_cover,0.0,macro
NOR_10Y,5,LORO_ZIRP,ZIRP,loro,sx5e_mom_1m,total_cover,0.0,macro
NOR_10Y,5,LORO_ZIRP,ZIRP,loro,sx5e_mom_3m,total_cover,0.0,macro
NOR_10Y,5,LORO_ZIRP,ZIRP,loro,mxwo_mom_1m,total_cover,0.0,macro
NOR_10Y,5,LORO_ZIRP,ZIRP,loro,ndx_mom_1m,total_cover,1750.0,macro
NOR_10Y,5,LORO_ZIRP,ZIRP,loro,oil_mom_1m,total_cover,135.0,macro
NOR_10Y,5,LORO_ZIRP,ZIRP,loro,oil_mom_3m,total_cover,0.0,macro
NOR_10Y,5,LORO_ZIRP,ZIRP,loro,copper_mom_1m,total_cover,120.0,macro
NOR_10Y,5,LORO_ZIRP,ZIRP,loro,opec_prod,total_cover,34.0,macro
NOR_10Y,5,LORO_ZIRP,ZIRP,loro,natgas_mom_1m,total_cover,0.0,macro
NOR_10Y,5,LORO_ZIRP,ZIRP,loro,be5y_level,total_cover,0.0,macro
NOR_10Y,5,LORO_ZIRP,ZIRP,loro,be10y_level,total_cover,0.0,macro
NOR_10Y,5,LORO_ZIRP,ZIRP,loro,be_slope,total_cover,0.0,macro
NOR_10Y,5,LORO_ZIRP,ZIRP,loro,be5y_chg_1m,total_cover,0.0,macro
NOR_10Y,5,LORO_ZIRP,ZIRP,loro,ig_spread,total_cover,0.0,credit
NOR_10Y,5,LORO_ZIRP,ZIRP,loro,hy_spread,total_cover,0.0,credit
NOR_10Y,5,LORO_ZIRP,ZIRP,loro,ig_chg_1m,total_cover,0.0,credit
NOR_10Y,5,LORO_ZIRP,ZIRP,loro,hy_chg_1m,total_cover,0.0,credit
NOR_10Y,5,LORO_ZIRP,ZIRP,loro,cpi_yoy,total_cover,0.0,macro
NOR_10Y,5,LORO_ZIRP,ZIRP,loro,pce_core_chg,total_cover,87.0,macro
NOR_10Y,5,LORO_ZIRP,ZIRP,loro,nfp_change,total_cover,0.0,macro
NOR_10Y,5,LORO_ZIRP,ZIRP,loro,pmi_us,total_cover,0.0,macro
NOR_10Y,5,LORO_ZIRP,ZIRP,loro,pmi_eur,total_cover,5670.0,macro
NOR_10Y,5,LORO_ZIRP,ZIRP,loro,unemp_eur,total_cover,0.0,macro
NOR_10Y,5,LORO_ZIRP,ZIRP,loro,cpi_nsa_level,total_cover,0.0,macro
NOR_10Y,5,LORO_ZIRP,ZIRP,loro,pce_core_level,total_cover,0.0,macro
NOR_10Y,5,LORO_ZIRP,ZIRP,loro,eur_3m,total_cover,18.0,macro
NOR_10Y,5,LORO_ZIRP,ZIRP,loro,eur_1w,total_cover,0.0,macro
NOR_10Y,5,LORO_ZIRP,ZIRP,loro,nor_ibor_1m,total_cover,0.0,norway
NOR_10Y,5,LORO_ZIRP,ZIRP,loro,nor_ibor_6m,total_cover,0.0,norway
NOR_10Y,5,LORO_ZIRP,ZIRP,loro,nor_ecb_dfr_chg,total_cover,0.0,norway
NOR_10Y,5,LORO_ZIRP,ZIRP,loro,nor_ecb_dfr_level,total_cover,0.0,norway
NOR_10Y,5,LORO_ZIRP,ZIRP,loro,nor_eurnok_chg_1d,total_cover,0.0,norway
NOR_10Y,5,LORO_ZIRP,ZIRP,loro,nor_eurnok_level,total_cover,0.0,norway
NOR_10Y,5,LORO_ZIRP,ZIRP,loro,nor_eurnok_mom_1m,total_cover,0.0,norway
NOR_10Y,5,LORO_ZIRP,ZIRP,loro,nor_eurnok_mom_3m,total_cover,50.0,norway
NOR_10Y,5,LORO_ZIRP,ZIRP,loro,nor_eurnok_rvol_20d,total_cover,404.0,norway
NOR_10Y,5,LORO_ZIRP,ZIRP,loro,nor_govt_10y,total_cover,0.0,norway
NOR_10Y,5,LORO_ZIRP,ZIRP,loro,nor_govt_3y,total_cover,0.0,norway
NOR_10Y,5,LORO_ZIRP,ZIRP,loro,nor_govt_5y,total_cover,0.0,norway
NOR_10Y,5,LORO_ZIRP,ZIRP,loro,nor_i44_chg_1d,total_cover,0.0,norway
NOR_10Y,5,LORO_ZIRP,ZIRP,loro,nor_i44_level,total_cover,0.0,norway
NOR_10Y,5,LORO_ZIRP,ZIRP,loro,nor_i44_mom_1m,total_cover,1905.0,norway
NOR_10Y,5,LORO_ZIRP,ZIRP,loro,nor_i44_mom_3m,total_cover,0.0,norway
NOR_10Y,5,LORO_ZIRP,ZIRP,loro,nor_i44_rvol_20d,total_cover,0.0,norway
NOR_10Y,5,LORO_ZIRP,ZIRP,loro,nor_kpi_yoy,total_cover,329.0,norway
NOR_10Y,5,LORO_ZIRP,ZIRP,loro,nor_kpijae_yoy,total_cover,0.0,norway
NOR_10Y,5,LORO_ZIRP,ZIRP,loro,nor_nibor_nowa_spread,total_cover,0.0,norway
NOR_10Y,5,LORO_ZIRP,ZIRP,loro,nor_nowa_level,total_cover,0.0,norway
NOR_10Y,5,LORO_ZIRP,ZIRP,loro,nor_polrate_chg_1d,total_cover,0.0,norway
NOR_10Y,5,LORO_ZIRP,ZIRP,loro,nor_polrate_days_since_chg,total_cover,342.0,norway
NOR_10Y,5,LORO_ZIRP,ZIRP,loro,nor_polrate_level,total_cover,0.0,norway
NOR_10Y,5,LORO_ZIRP,ZIRP,loro,nor_rb_rate_chg,total_cover,0.0,norway
NOR_10Y,5,LORO_ZIRP,ZIRP,loro,nor_rb_rate_level,total_cover,145.0,norway
NOR_10Y,5,LORO_ZIRP,ZIRP,loro,nor_unemp,total_cover,0.0,norway
NOR_10Y,5,LORO_ZIRP,ZIRP,loro,nor_usdnok_chg_1d,total_cover,248.0,norway
NOR_10Y,5,LORO_ZIRP,ZIRP,loro,nor_usdnok_level,total_cover,0.0,norway
NOR_10Y,5,LORO_ZIRP,ZIRP,loro,nor_usdnok_mom_1m,total_cover,0.0,norway
NOR_10Y,5,LORO_ZIRP,ZIRP,loro,nor_usdnok_mom_3m,total_cover,3679.0,norway
NOR_10Y,5,LORO_ZIRP,ZIRP,loro,nor_usdnok_rvol_20d,total_cover,0.0,norway
NOR_10Y,5,LORO_ZIRP,ZIRP,loro,swap_govt_spread,total_cover,0.0,norway
NOR_10Y,5,LORO_ZIRP,ZIRP,loro,xmpca_01,total_cover,161.0,cross_market
NOR_10Y,5,LORO_ZIRP,ZIRP,loro,xmpca_02,total_cover,0.0,cross_market
NOR_10Y,5,LORO_ZIRP,ZIRP,loro,xmpca_03,total_cover,0.0,cross_market
NOR_10Y,5,LORO_ZIRP,ZIRP,loro,xmpca_04,total_cover,0.0,cross_market
NOR_10Y,5,LORO_ZIRP,ZIRP,loro,xmpca_05,total_cover,167.0,cross_market
NOR_10Y,5,LORO_ZIRP,ZIRP,loro,xmpca_06,total_cover,0.0,cross_market
NOR_10Y,5,LORO_ZIRP,ZIRP,loro,xmpca_07,total_cover,53.0,cross_market
NOR_10Y,5,LORO_ZIRP,ZIRP,loro,xmpca_08,total_cover,0.0,cross_market
NOR_10Y,5,LORO_ZIRP,ZIRP,loro,xmpca_09,total_cover,0.0,cross_market
NOR_10Y,5,LORO_ZIRP,ZIRP,loro,xmpca_10,total_cover,207.0,cross_market
NOR_10Y,5,LORO_ZIRP,ZIRP,loro,xmpca_11,total_cover,72.0,cross_market
NOR_10Y,5,LORO_ZIRP,ZIRP,loro,xmpca_12,total_cover,0.0,cross_market
NOR_10Y,5,LORO_ZIRP,ZIRP,loro,chg_lag1,shap_mean_abs,1.9533856175257824e-05,momentum
NOR_10Y,5,LORO_ZIRP,ZIRP,loro,chg_lag2,shap_mean_abs,0.0,momentum
NOR_10Y,5,LORO_ZIRP,ZIRP,loro,chg_lag3,shap_mean_abs,0.0,momentum
NOR_10Y,5,LORO_ZIRP,ZIRP,loro,chg_lag4,shap_mean_abs,0.0,momentum
NOR_10Y,5,LORO_ZIRP,ZIRP,loro,chg_lag5,shap_mean_abs,0.0,momentum
NOR_10Y,5,LORO_ZIRP,ZIRP,loro,carry_roll,shap_mean_abs,0.0,carry_roll
NOR_10Y,5,LORO_ZIRP,ZIRP,loro,mom_63d,shap_mean_abs,1.1655225534923375e-05,momentum
NOR_10Y,5,LORO_ZIRP,ZIRP,loro,mom_1m,shap_mean_abs,0.0,momentum
NOR_10Y,5,LORO_ZIRP,ZIRP,loro,mom_3m,shap_mean_abs,0.0,momentum
NOR_10Y,5,LORO_ZIRP,ZIRP,loro,mom_6m,shap_mean_abs,1.3895460142521188e-05,momentum
NOR_10Y,5,LORO_ZIRP,ZIRP,loro,mom_12m,shap_mean_abs,0.00010719848069129512,momentum
NOR_10Y,5,LORO_ZIRP,ZIRP,loro,dev_ma_3m,shap_mean_abs,1.728323331917636e-05,curve
NOR_10Y,5,LORO_ZIRP,ZIRP,loro,dev_ma_12m,shap_mean_abs,0.00011289467511232942,curve
NOR_10Y,5,LORO_ZIRP,ZIRP,loro,vol_20d,shap_mean_abs,0.0,vol
NOR_10Y,5,LORO_ZIRP,ZIRP,loro,vol_regime,shap_mean_abs,0.0,vol
NOR_10Y,5,LORO_ZIRP,ZIRP,loro,vol_zscore,shap_mean_abs,6.383255822584033e-05,vol
NOR_10Y,5,LORO_ZIRP,ZIRP,loro,level_zscore,shap_mean_abs,0.0,curve
NOR_10Y,5,LORO_ZIRP,ZIRP,loro,slope_10_1,shap_mean_abs,0.000280007574474439,curve
NOR_10Y,5,LORO_ZIRP,ZIRP,loro,slope_10_5,shap_mean_abs,0.0,curve
NOR_10Y,5,LORO_ZIRP,ZIRP,loro,slope_5_1,shap_mean_abs,0.0,curve
NOR_10Y,5,LORO_ZIRP,ZIRP,loro,sofr_mom_1m,shap_mean_abs,0.0009846866596490145,macro
NOR_10Y,5,LORO_ZIRP,ZIRP,loro,ibor_level,shap_mean_abs,0.0,macro
NOR_10Y,5,LORO_ZIRP,ZIRP,loro,ibor_chg_1d,shap_mean_abs,0.0,macro
NOR_10Y,5,LORO_ZIRP,ZIRP,loro,ibor_mom_1m,shap_mean_abs,0.0,macro
NOR_10Y,5,LORO_ZIRP,ZIRP,loro,ibor_term_slope,shap_mean_abs,0.00046629636199213564,macro
NOR_10Y,5,LORO_ZIRP,ZIRP,loro,swap_ibor_basis,shap_mean_abs,0.0,curve
NOR_10Y,5,LORO_ZIRP,ZIRP,loro,move_level,shap_mean_abs,3.44233831128804e-06,vol
NOR_10Y,5,LORO_ZIRP,ZIRP,loro,move_zscore,shap_mean_abs,0.0,vol
NOR_10Y,5,LORO_ZIRP,ZIRP,loro,vix_level,shap_mean_abs,0.0,vol
NOR_10Y,5,LORO_ZIRP,ZIRP,loro,vix_zscore,shap_mean_abs,0.0,vol
NOR_10Y,5,LORO_ZIRP,ZIRP,loro,v2x_level,shap_mean_abs,0.0,vol
NOR_10Y,5,LORO_ZIRP,ZIRP,loro,vxn_level,shap_mean_abs,4.5208238589111716e-05,vol
NOR_10Y,5,LORO_ZIRP,ZIRP,loro,ovx_level,shap_mean_abs,0.0001228283072123304,vol
NOR_10Y,5,LORO_ZIRP,ZIRP,loro,gvz_level,shap_mean_abs,0.0,vol
NOR_10Y,5,LORO_ZIRP,ZIRP,loro,spx_mom_1m,shap_mean_abs,0.00012925326882395893,macro
NOR_10Y,5,LORO_ZIRP,ZIRP,loro,spx_mom_3m,shap_mean_abs,0.0,macro
NOR_10Y,5,LORO_ZIRP,ZIRP,loro,sx5e_mom_1m,shap_mean_abs,0.0,macro
NOR_10Y,5,LORO_ZIRP,ZIRP,loro,sx5e_mom_3m,shap_mean_abs,0.0,macro
NOR_10Y,5,LORO_ZIRP,ZIRP,loro,mxwo_mom_1m,shap_mean_abs,0.0,macro
NOR_10Y,5,LORO_ZIRP,ZIRP,loro,ndx_mom_1m,shap_mean_abs,0.0002721337368711829,macro
NOR_10Y,5,LORO_ZIRP,ZIRP,loro,oil_mom_1m,shap_mean_abs,3.5647415643325076e-05,macro
NOR_10Y,5,LORO_ZIRP,ZIRP,loro,oil_mom_3m,shap_mean_abs,0.0,macro
NOR_10Y,5,LORO_ZIRP,ZIRP,loro,copper_mom_1m,shap_mean_abs,7.831086259102449e-05,macro
NOR_10Y,5,LORO_ZIRP,ZIRP,loro,opec_prod,shap_mean_abs,1.896958019642625e-05,macro
NOR_10Y,5,LORO_ZIRP,ZIRP,loro,natgas_mom_1m,shap_mean_abs,0.0,macro
NOR_10Y,5,LORO_ZIRP,ZIRP,loro,be5y_level,shap_mean_abs,0.0,macro
NOR_10Y,5,LORO_ZIRP,ZIRP,loro,be10y_level,shap_mean_abs,0.0,macro
NOR_10Y,5,LORO_ZIRP,ZIRP,loro,be_slope,shap_mean_abs,0.0,macro
NOR_10Y,5,LORO_ZIRP,ZIRP,loro,be5y_chg_1m,shap_mean_abs,0.0,macro
NOR_10Y,5,LORO_ZIRP,ZIRP,loro,ig_spread,shap_mean_abs,0.0,credit
NOR_10Y,5,LORO_ZIRP,ZIRP,loro,hy_spread,shap_mean_abs,0.0,credit
NOR_10Y,5,LORO_ZIRP,ZIRP,loro,ig_chg_1m,shap_mean_abs,0.0,credit
NOR_10Y,5,LORO_ZIRP,ZIRP,loro,hy_chg_1m,shap_mean_abs,0.0,credit
NOR_10Y,5,LORO_ZIRP,ZIRP,loro,cpi_yoy,shap_mean_abs,0.0,macro
NOR_10Y,5,LORO_ZIRP,ZIRP,loro,pce_core_chg,shap_mean_abs,8.873717160895467e-05,macro
NOR_10Y,5,LORO_ZIRP,ZIRP,loro,nfp_change,shap_mean_abs,0.0,macro
NOR_10Y,5,LORO_ZIRP,ZIRP,loro,pmi_us,shap_mean_abs,0.0,macro
NOR_10Y,5,LORO_ZIRP,ZIRP,loro,pmi_eur,shap_mean_abs,0.0013474250445142388,macro
NOR_10Y,5,LORO_ZIRP,ZIRP,loro,unemp_eur,shap_mean_abs,0.0,macro
NOR_10Y,5,LORO_ZIRP,ZIRP,loro,cpi_nsa_level,shap_mean_abs,0.0,macro
NOR_10Y,5,LORO_ZIRP,ZIRP,loro,pce_core_level,shap_mean_abs,0.0,macro
NOR_10Y,5,LORO_ZIRP,ZIRP,loro,eur_3m,shap_mean_abs,3.3262515444221208e-06,macro
NOR_10Y,5,LORO_ZIRP,ZIRP,loro,eur_1w,shap_mean_abs,0.0,macro
NOR_10Y,5,LORO_ZIRP,ZIRP,loro,nor_ibor_1m,shap_mean_abs,0.0,norway
NOR_10Y,5,LORO_ZIRP,ZIRP,loro,nor_ibor_6m,shap_mean_abs,0.0,norway
NOR_10Y,5,LORO_ZIRP,ZIRP,loro,nor_ecb_dfr_chg,shap_mean_abs,0.0,norway
NOR_10Y,5,LORO_ZIRP,ZIRP,loro,nor_ecb_dfr_level,shap_mean_abs,0.0,norway
NOR_10Y,5,LORO_ZIRP,ZIRP,loro,nor_eurnok_chg_1d,shap_mean_abs,0.0,norway
NOR_10Y,5,LORO_ZIRP,ZIRP,loro,nor_eurnok_level,shap_mean_abs,0.0,norway
NOR_10Y,5,LORO_ZIRP,ZIRP,loro,nor_eurnok_mom_1m,shap_mean_abs,0.0,norway
NOR_10Y,5,LORO_ZIRP,ZIRP,loro,nor_eurnok_mom_3m,shap_mean_abs,6.251921877264977e-05,norway
NOR_10Y,5,LORO_ZIRP,ZIRP,loro,nor_eurnok_rvol_20d,shap_mean_abs,0.00013896085147280246,norway
NOR_10Y,5,LORO_ZIRP,ZIRP,loro,nor_govt_10y,shap_mean_abs,0.0,norway
NOR_10Y,5,LORO_ZIRP,ZIRP,loro,nor_govt_3y,shap_mean_abs,0.0,norway
NOR_10Y,5,LORO_ZIRP,ZIRP,loro,nor_govt_5y,shap_mean_abs,0.0,norway
NOR_10Y,5,LORO_ZIRP,ZIRP,loro,nor_i44_chg_1d,shap_mean_abs,0.0,norway
NOR_10Y,5,LORO_ZIRP,ZIRP,loro,nor_i44_level,shap_mean_abs,0.0,norway
NOR_10Y,5,LORO_ZIRP,ZIRP,loro,nor_i44_mom_1m,shap_mean_abs,0.0004937592893838882,norway
NOR_10Y,5,LORO_ZIRP,ZIRP,loro,nor_i44_mom_3m,shap_mean_abs,0.0,norway
NOR_10Y,5,LORO_ZIRP,ZIRP,loro,nor_i44_rvol_20d,shap_mean_abs,0.0,norway
NOR_10Y,5,LORO_ZIRP,ZIRP,loro,nor_kpi_yoy,shap_mean_abs,4.181806798442267e-05,norway
NOR_10Y,5,LORO_ZIRP,ZIRP,loro,nor_kpijae_yoy,shap_mean_abs,0.0,norway
NOR_10Y,5,LORO_ZIRP,ZIRP,loro,nor_nibor_nowa_spread,shap_mean_abs,0.0,norway
NOR_10Y,5,LORO_ZIRP,ZIRP,loro,nor_nowa_level,shap_mean_abs,0.0,norway
NOR_10Y,5,LORO_ZIRP,ZIRP,loro,nor_polrate_chg_1d,shap_mean_abs,0.0,norway
NOR_10Y,5,LORO_ZIRP,ZIRP,loro,nor_polrate_days_since_chg,shap_mean_abs,0.00036916203680448234,norway
NOR_10Y,5,LORO_ZIRP,ZIRP,loro,nor_polrate_level,shap_mean_abs,0.0,norway
NOR_10Y,5,LORO_ZIRP,ZIRP,loro,nor_rb_rate_chg,shap_mean_abs,0.0,norway
NOR_10Y,5,LORO_ZIRP,ZIRP,loro,nor_rb_rate_level,shap_mean_abs,0.0001273547240998596,norway
NOR_10Y,5,LORO_ZIRP,ZIRP,loro,nor_unemp,shap_mean_abs,0.0,norway
NOR_10Y,5,LORO_ZIRP,ZIRP,loro,nor_usdnok_chg_1d,shap_mean_abs,8.284214709419757e-05,norway
NOR_10Y,5,LORO_ZIRP,ZIRP,loro,nor_usdnok_level,shap_mean_abs,0.0,norway
NOR_10Y,5,LORO_ZIRP,ZIRP,loro,nor_usdnok_mom_1m,shap_mean_abs,0.0,norway
NOR_10Y,5,LORO_ZIRP,ZIRP,loro,nor_usdnok_mom_3m,shap_mean_abs,0.00028224935522302985,norway
NOR_10Y,5,LORO_ZIRP,ZIRP,loro,nor_usdnok_rvol_20d,shap_mean_abs,0.0,norway
NOR_10Y,5,LORO_ZIRP,ZIRP,loro,swap_govt_spread,shap_mean_abs,0.0,norway
NOR_10Y,5,LORO_ZIRP,ZIRP,loro,xmpca_01,shap_mean_abs,5.48931238881778e-05,cross_market
NOR_10Y,5,LORO_ZIRP,ZIRP,loro,xmpca_02,shap_mean_abs,0.0,cross_market
NOR_10Y,5,LORO_ZIRP,ZIRP,loro,xmpca_03,shap_mean_abs,0.0,cross_market
NOR_10Y,5,LORO_ZIRP,ZIRP,loro,xmpca_04,shap_mean_abs,0.0,cross_market
NOR_10Y,5,LORO_ZIRP,ZIRP,loro,xmpca_05,shap_mean_abs,8.05304225650616e-05,cross_market
NOR_10Y,5,LORO_ZIRP,ZIRP,loro,xmpca_06,shap_mean_abs,0.0,cross_market
NOR_10Y,5,LORO_ZIRP,ZIRP,loro,xmpca_07,shap_mean_abs,8.465986866212916e-06,cross_market
NOR_10Y,5,LORO_ZIRP,ZIRP,loro,xmpca_08,shap_mean_abs,0.0,cross_market
NOR_10Y,5,LORO_ZIRP,ZIRP,loro,xmpca_09,shap_mean_abs,0.0,cross_market
NOR_10Y,5,LORO_ZIRP,ZIRP,loro,xmpca_10,shap_mean_abs,8.056303340708837e-05,cross_market
NOR_10Y,5,LORO_ZIRP,ZIRP,loro,xmpca_11,shap_mean_abs,4.278794949641451e-05,cross_market
NOR_10Y,5,LORO_ZIRP,ZIRP,loro,xmpca_12,shap_mean_abs,0.0,cross_market
NOR_10Y,5,LORO_COVID,COVID,loro,chg_lag1,gain,0.0011080546537414193,momentum
NOR_10Y,5,LORO_COVID,COVID,loro,chg_lag2,gain,0.009121096692979336,momentum
NOR_10Y,5,LORO_COVID,COVID,loro,chg_lag3,gain,0.013876671902835369,momentum
NOR_10Y,5,LORO_COVID,COVID,loro,chg_lag4,gain,0.00016082104411907494,momentum
NOR_10Y,5,LORO_COVID,COVID,loro,chg_lag5,gain,0.0,momentum
NOR_10Y,5,LORO_COVID,COVID,loro,carry_roll,gain,0.04137672483921051,carry_roll
NOR_10Y,5,LORO_COVID,COVID,loro,mom_63d,gain,0.049904756247997284,momentum
NOR_10Y,5,LORO_COVID,COVID,loro,mom_1m,gain,0.07596240192651749,momentum
NOR_10Y,5,LORO_COVID,COVID,loro,mom_3m,gain,0.07749173790216446,momentum
NOR_10Y,5,LORO_COVID,COVID,loro,mom_6m,gain,0.05116258189082146,momentum
NOR_10Y,5,LORO_COVID,COVID,loro,mom_12m,gain,0.05467410013079643,momentum
NOR_10Y,5,LORO_COVID,COVID,loro,dev_ma_3m,gain,0.05678820237517357,curve
NOR_10Y,5,LORO_COVID,COVID,loro,dev_ma_12m,gain,0.08650806546211243,curve
NOR_10Y,5,LORO_COVID,COVID,loro,vol_20d,gain,0.08261317014694214,vol
NOR_10Y,5,LORO_COVID,COVID,loro,vol_regime,gain,0.0,vol
NOR_10Y,5,LORO_COVID,COVID,loro,vol_zscore,gain,0.052805542945861816,vol
NOR_10Y,5,LORO_COVID,COVID,loro,level_zscore,gain,0.014015852473676205,curve
NOR_10Y,5,LORO_COVID,COVID,loro,slope_10_1,gain,0.07118139415979385,curve
NOR_10Y,5,LORO_COVID,COVID,loro,slope_10_5,gain,0.0,curve
NOR_10Y,5,LORO_COVID,COVID,loro,slope_5_1,gain,0.08499377965927124,curve
NOR_10Y,5,LORO_COVID,COVID,loro,sofr_mom_1m,gain,0.042629167437553406,macro
NOR_10Y,5,LORO_COVID,COVID,loro,ibor_level,gain,0.017824996262788773,macro
NOR_10Y,5,LORO_COVID,COVID,loro,ibor_chg_1d,gain,0.08781448006629944,macro
NOR_10Y,5,LORO_COVID,COVID,loro,ibor_mom_1m,gain,0.035282764583826065,macro
NOR_10Y,5,LORO_COVID,COVID,loro,ibor_term_slope,gain,0.07977910339832306,macro
NOR_10Y,5,LORO_COVID,COVID,loro,swap_ibor_basis,gain,0.06492588669061661,curve
NOR_10Y,5,LORO_COVID,COVID,loro,move_level,gain,0.026364712044596672,vol
NOR_10Y,5,LORO_COVID,COVID,loro,move_zscore,gain,0.018998779356479645,vol
NOR_10Y,5,LORO_COVID,COVID,loro,vix_level,gain,0.0,vol
NOR_10Y,5,LORO_COVID,COVID,loro,vix_zscore,gain,0.002391209825873375,vol
NOR_10Y,5,LORO_COVID,COVID,loro,v2x_level,gain,0.031111184507608414,vol
NOR_10Y,5,LORO_COVID,COVID,loro,vxn_level,gain,0.035769134759902954,vol
NOR_10Y,5,LORO_COVID,COVID,loro,ovx_level,gain,0.028617313131690025,vol
NOR_10Y,5,LORO_COVID,COVID,loro,gvz_level,gain,0.021365957334637642,vol
NOR_10Y,5,LORO_COVID,COVID,loro,spx_mom_1m,gain,0.06659115850925446,macro
NOR_10Y,5,LORO_COVID,COVID,loro,spx_mom_3m,gain,0.0,macro
NOR_10Y,5,LORO_COVID,COVID,loro,sx5e_mom_1m,gain,0.027227187529206276,macro
NOR_10Y,5,LORO_COVID,COVID,loro,sx5e_mom_3m,gain,0.04530970752239227,macro
NOR_10Y,5,LORO_COVID,COVID,loro,mxwo_mom_1m,gain,0.03556620702147484,macro
NOR_10Y,5,LORO_COVID,COVID,loro,ndx_mom_1m,gain,0.0,macro
NOR_10Y,5,LORO_COVID,COVID,loro,oil_mom_1m,gain,0.046731580048799515,macro
NOR_10Y,5,LORO_COVID,COVID,loro,oil_mom_3m,gain,0.045402877032756805,macro
NOR_10Y,5,LORO_COVID,COVID,loro,copper_mom_1m,gain,0.08432499319314957,macro
NOR_10Y,5,LORO_COVID,COVID,loro,opec_prod,gain,0.051448605954647064,macro
NOR_10Y,5,LORO_COVID,COVID,loro,natgas_mom_1m,gain,0.06640955060720444,macro
NOR_10Y,5,LORO_COVID,COVID,loro,be5y_level,gain,0.04261454939842224,macro
NOR_10Y,5,LORO_COVID,COVID,loro,be10y_level,gain,0.0,macro
NOR_10Y,5,LORO_COVID,COVID,loro,be_slope,gain,0.0,macro
NOR_10Y,5,LORO_COVID,COVID,loro,be5y_chg_1m,gain,0.0,macro
NOR_10Y,5,LORO_COVID,COVID,loro,ig_spread,gain,0.0,credit
NOR_10Y,5,LORO_COVID,COVID,loro,hy_spread,gain,0.0,credit
NOR_10Y,5,LORO_COVID,COVID,loro,ig_chg_1m,gain,0.0,credit
NOR_10Y,5,LORO_COVID,COVID,loro,hy_chg_1m,gain,0.0,credit
NOR_10Y,5,LORO_COVID,COVID,loro,cpi_yoy,gain,0.0,macro
NOR_10Y,5,LORO_COVID,COVID,loro,pce_core_chg,gain,0.0755983367562294,macro
NOR_10Y,5,LORO_COVID,COVID,loro,nfp_change,gain,0.12771376967430115,macro
NOR_10Y,5,LORO_COVID,COVID,loro,pmi_us,gain,0.07158542424440384,macro
NOR_10Y,5,LORO_COVID,COVID,loro,pmi_eur,gain,0.1457599252462387,macro
NOR_10Y,5,LORO_COVID,COVID,loro,unemp_eur,gain,0.0,macro
NOR_10Y,5,LORO_COVID,COVID,loro,cpi_nsa_level,gain,0.0,macro
NOR_10Y,5,LORO_COVID,COVID,loro,pce_core_level,gain,0.0,macro
NOR_10Y,5,LORO_COVID,COVID,loro,eur_3m,gain,0.03979206085205078,macro
NOR_10Y,5,LORO_COVID,COVID,loro,eur_1w,gain,0.0808858871459961,macro
NOR_10Y,5,LORO_COVID,COVID,loro,nor_ibor_1m,gain,0.0,norway
NOR_10Y,5,LORO_COVID,COVID,loro,nor_ibor_6m,gain,0.06390964984893799,norway
NOR_10Y,5,LORO_COVID,COVID,loro,nor_ecb_dfr_chg,gain,0.0,norway
NOR_10Y,5,LORO_COVID,COVID,loro,nor_ecb_dfr_level,gain,0.0,norway
NOR_10Y,5,LORO_COVID,COVID,loro,nor_eurnok_chg_1d,gain,0.027233488857746124,norway
NOR_10Y,5,LORO_COVID,COVID,loro,nor_eurnok_level,gain,0.07205028086900711,norway
NOR_10Y,5,LORO_COVID,COVID,loro,nor_eurnok_mom_1m,gain,0.042925067245960236,norway
NOR_10Y,5,LORO_COVID,COVID,loro,nor_eurnok_mom_3m,gain,0.010635823011398315,norway
NOR_10Y,5,LORO_COVID,COVID,loro,nor_eurnok_rvol_20d,gain,0.04006481170654297,norway
NOR_10Y,5,LORO_COVID,COVID,loro,nor_govt_10y,gain,0.034616172313690186,norway
NOR_10Y,5,LORO_COVID,COVID,loro,nor_govt_3y,gain,0.07199203222990036,norway
NOR_10Y,5,LORO_COVID,COVID,loro,nor_govt_5y,gain,0.23981447517871857,norway
NOR_10Y,5,LORO_COVID,COVID,loro,nor_i44_chg_1d,gain,0.10148864984512329,norway
NOR_10Y,5,LORO_COVID,COVID,loro,nor_i44_level,gain,0.0,norway
NOR_10Y,5,LORO_COVID,COVID,loro,nor_i44_mom_1m,gain,0.008042987436056137,norway
NOR_10Y,5,LORO_COVID,COVID,loro,nor_i44_mom_3m,gain,0.046125806868076324,norway
NOR_10Y,5,LORO_COVID,COVID,loro,nor_i44_rvol_20d,gain,0.04923471435904503,norway
NOR_10Y,5,LORO_COVID,COVID,loro,nor_kpi_yoy,gain,0.09530141949653625,norway
NOR_10Y,5,LORO_COVID,COVID,loro,nor_kpijae_yoy,gain,0.004510138649493456,norway
NOR_10Y,5,LORO_COVID,COVID,loro,nor_nibor_nowa_spread,gain,0.04330641031265259,norway
NOR_10Y,5,LORO_COVID,COVID,loro,nor_nowa_level,gain,0.0,norway
NOR_10Y,5,LORO_COVID,COVID,loro,nor_polrate_chg_1d,gain,0.0,norway
NOR_10Y,5,LORO_COVID,COVID,loro,nor_polrate_days_since_chg,gain,0.12591055035591125,norway
NOR_10Y,5,LORO_COVID,COVID,loro,nor_polrate_level,gain,0.0,norway
NOR_10Y,5,LORO_COVID,COVID,loro,nor_rb_rate_chg,gain,0.0,norway
NOR_10Y,5,LORO_COVID,COVID,loro,nor_rb_rate_level,gain,0.0,norway
NOR_10Y,5,LORO_COVID,COVID,loro,nor_unemp,gain,0.0,norway
NOR_10Y,5,LORO_COVID,COVID,loro,nor_usdnok_chg_1d,gain,0.0,norway
NOR_10Y,5,LORO_COVID,COVID,loro,nor_usdnok_level,gain,0.08541330695152283,norway
NOR_10Y,5,LORO_COVID,COVID,loro,nor_usdnok_mom_1m,gain,0.024788253009319305,norway
NOR_10Y,5,LORO_COVID,COVID,loro,nor_usdnok_mom_3m,gain,0.07653547823429108,norway
NOR_10Y,5,LORO_COVID,COVID,loro,nor_usdnok_rvol_20d,gain,0.04274127259850502,norway
NOR_10Y,5,LORO_COVID,COVID,loro,swap_govt_spread,gain,0.0,norway
NOR_10Y,5,LORO_COVID,COVID,loro,xmpca_01,gain,0.0,cross_market
NOR_10Y,5,LORO_COVID,COVID,loro,xmpca_02,gain,0.04415091127157211,cross_market
NOR_10Y,5,LORO_COVID,COVID,loro,xmpca_03,gain,0.060787133872509,cross_market
NOR_10Y,5,LORO_COVID,COVID,loro,xmpca_04,gain,0.0,cross_market
NOR_10Y,5,LORO_COVID,COVID,loro,xmpca_05,gain,0.03371710702776909,cross_market
NOR_10Y,5,LORO_COVID,COVID,loro,xmpca_06,gain,0.008082369342446327,cross_market
NOR_10Y,5,LORO_COVID,COVID,loro,xmpca_07,gain,0.007353384047746658,cross_market
NOR_10Y,5,LORO_COVID,COVID,loro,xmpca_08,gain,0.023640083149075508,cross_market
NOR_10Y,5,LORO_COVID,COVID,loro,xmpca_09,gain,0.03157815337181091,cross_market
NOR_10Y,5,LORO_COVID,COVID,loro,xmpca_10,gain,0.016932319849729538,cross_market
NOR_10Y,5,LORO_COVID,COVID,loro,xmpca_11,gain,0.029298046603798866,cross_market
NOR_10Y,5,LORO_COVID,COVID,loro,xmpca_12,gain,0.015240158885717392,cross_market
NOR_10Y,5,LORO_COVID,COVID,loro,chg_lag1,weight,13.0,momentum
NOR_10Y,5,LORO_COVID,COVID,loro,chg_lag2,weight,13.0,momentum
NOR_10Y,5,LORO_COVID,COVID,loro,chg_lag3,weight,9.0,momentum
NOR_10Y,5,LORO_COVID,COVID,loro,chg_lag4,weight,2.0,momentum
NOR_10Y,5,LORO_COVID,COVID,loro,chg_lag5,weight,0.0,momentum
NOR_10Y,5,LORO_COVID,COVID,loro,carry_roll,weight,3.0,carry_roll
NOR_10Y,5,LORO_COVID,COVID,loro,mom_63d,weight,2.0,momentum
NOR_10Y,5,LORO_COVID,COVID,loro,mom_1m,weight,5.0,momentum
NOR_10Y,5,LORO_COVID,COVID,loro,mom_3m,weight,6.0,momentum
NOR_10Y,5,LORO_COVID,COVID,loro,mom_6m,weight,6.0,momentum
NOR_10Y,5,LORO_COVID,COVID,loro,mom_12m,weight,5.0,momentum
NOR_10Y,5,LORO_COVID,COVID,loro,dev_ma_3m,weight,4.0,curve
NOR_10Y,5,LORO_COVID,COVID,loro,dev_ma_12m,weight,2.0,curve
NOR_10Y,5,LORO_COVID,COVID,loro,vol_20d,weight,1.0,vol
NOR_10Y,5,LORO_COVID,COVID,loro,vol_regime,weight,0.0,vol
NOR_10Y,5,LORO_COVID,COVID,loro,vol_zscore,weight,1.0,vol
NOR_10Y,5,LORO_COVID,COVID,loro,level_zscore,weight,2.0,curve
NOR_10Y,5,LORO_COVID,COVID,loro,slope_10_1,weight,3.0,curve
NOR_10Y,5,LORO_COVID,COVID,loro,slope_10_5,weight,0.0,curve
NOR_10Y,5,LORO_COVID,COVID,loro,slope_5_1,weight,3.0,curve
NOR_10Y,5,LORO_COVID,COVID,loro,sofr_mom_1m,weight,8.0,macro
NOR_10Y,5,LORO_COVID,COVID,loro,ibor_level,weight,5.0,macro
NOR_10Y,5,LORO_COVID,COVID,loro,ibor_chg_1d,weight,4.0,macro
NOR_10Y,5,LORO_COVID,COVID,loro,ibor_mom_1m,weight,8.0,macro
NOR_10Y,5,LORO_COVID,COVID,loro,ibor_term_slope,weight,2.0,macro
NOR_10Y,5,LORO_COVID,COVID,loro,swap_ibor_basis,weight,4.0,curve
NOR_10Y,5,LORO_COVID,COVID,loro,move_level,weight,4.0,vol
NOR_10Y,5,LORO_COVID,COVID,loro,move_zscore,weight,1.0,vol
NOR_10Y,5,LORO_COVID,COVID,loro,vix_level,weight,0.0,vol
NOR_10Y,5,LORO_COVID,COVID,loro,vix_zscore,weight,1.0,vol
NOR_10Y,5,LORO_COVID,COVID,loro,v2x_level,weight,2.0,vol
NOR_10Y,5,LORO_COVID,COVID,loro,vxn_level,weight,3.0,vol
NOR_10Y,5,LORO_COVID,COVID,loro,ovx_level,weight,3.0,vol
NOR_10Y,5,LORO_COVID,COVID,loro,gvz_level,weight,1.0,vol
NOR_10Y,5,LORO_COVID,COVID,loro,spx_mom_1m,weight,3.0,macro
NOR_10Y,5,LORO_COVID,COVID,loro,spx_mom_3m,weight,0.0,macro
NOR_10Y,5,LORO_COVID,COVID,loro,sx5e_mom_1m,weight,4.0,macro
NOR_10Y,5,LORO_COVID,COVID,loro,sx5e_mom_3m,weight,1.0,macro
NOR_10Y,5,LORO_COVID,COVID,loro,mxwo_mom_1m,weight,3.0,macro
NOR_10Y,5,LORO_COVID,COVID,loro,ndx_mom_1m,weight,0.0,macro
NOR_10Y,5,LORO_COVID,COVID,loro,oil_mom_1m,weight,3.0,macro
NOR_10Y,5,LORO_COVID,COVID,loro,oil_mom_3m,weight,2.0,macro
NOR_10Y,5,LORO_COVID,COVID,loro,copper_mom_1m,weight,5.0,macro
NOR_10Y,5,LORO_COVID,COVID,loro,opec_prod,weight,5.0,macro
NOR_10Y,5,LORO_COVID,COVID,loro,natgas_mom_1m,weight,5.0,macro
NOR_10Y,5,LORO_COVID,COVID,loro,be5y_level,weight,2.0,macro
NOR_10Y,5,LORO_COVID,COVID,loro,be10y_level,weight,0.0,macro
NOR_10Y,5,LORO_COVID,COVID,loro,be_slope,weight,0.0,macro
NOR_10Y,5,LORO_COVID,COVID,loro,be5y_chg_1m,weight,0.0,macro
NOR_10Y,5,LORO_COVID,COVID,loro,ig_spread,weight,0.0,credit
NOR_10Y,5,LORO_COVID,COVID,loro,hy_spread,weight,0.0,credit
NOR_10Y,5,LORO_COVID,COVID,loro,ig_chg_1m,weight,0.0,credit
NOR_10Y,5,LORO_COVID,COVID,loro,hy_chg_1m,weight,0.0,credit
NOR_10Y,5,LORO_COVID,COVID,loro,cpi_yoy,weight,0.0,macro
NOR_10Y,5,LORO_COVID,COVID,loro,pce_core_chg,weight,1.0,macro
NOR_10Y,5,LORO_COVID,COVID,loro,nfp_change,weight,9.0,macro
NOR_10Y,5,LORO_COVID,COVID,loro,pmi_us,weight,3.0,macro
NOR_10Y,5,LORO_COVID,COVID,loro,pmi_eur,weight,2.0,macro
NOR_10Y,5,LORO_COVID,COVID,loro,unemp_eur,weight,0.0,macro
NOR_10Y,5,LORO_COVID,COVID,loro,cpi_nsa_level,weight,0.0,macro
NOR_10Y,5,LORO_COVID,COVID,loro,pce_core_level,weight,0.0,macro
NOR_10Y,5,LORO_COVID,COVID,loro,eur_3m,weight,1.0,macro
NOR_10Y,5,LORO_COVID,COVID,loro,eur_1w,weight,1.0,macro
NOR_10Y,5,LORO_COVID,COVID,loro,nor_ibor_1m,weight,0.0,norway
NOR_10Y,5,LORO_COVID,COVID,loro,nor_ibor_6m,weight,3.0,norway
NOR_10Y,5,LORO_COVID,COVID,loro,nor_ecb_dfr_chg,weight,0.0,norway
NOR_10Y,5,LORO_COVID,COVID,loro,nor_ecb_dfr_level,weight,0.0,norway
NOR_10Y,5,LORO_COVID,COVID,loro,nor_eurnok_chg_1d,weight,1.0,norway
NOR_10Y,5,LORO_COVID,COVID,loro,nor_eurnok_level,weight,1.0,norway
NOR_10Y,5,LORO_COVID,COVID,loro,nor_eurnok_mom_1m,weight,5.0,norway
NOR_10Y,5,LORO_COVID,COVID,loro,nor_eurnok_mom_3m,weight,2.0,norway
NOR_10Y,5,LORO_COVID,COVID,loro,nor_eurnok_rvol_20d,weight,7.0,norway
NOR_10Y,5,LORO_COVID,COVID,loro,nor_govt_10y,weight,4.0,norway
NOR_10Y,5,LORO_COVID,COVID,loro,nor_govt_3y,weight,1.0,norway
NOR_10Y,5,LORO_COVID,COVID,loro,nor_govt_5y,weight,1.0,norway
NOR_10Y,5,LORO_COVID,COVID,loro,nor_i44_chg_1d,weight,1.0,norway
NOR_10Y,5,LORO_COVID,COVID,loro,nor_i44_level,weight,0.0,norway
NOR_10Y,5,LORO_COVID,COVID,loro,nor_i44_mom_1m,weight,2.0,norway
NOR_10Y,5,LORO_COVID,COVID,loro,nor_i44_mom_3m,weight,2.0,norway
NOR_10Y,5,LORO_COVID,COVID,loro,nor_i44_rvol_20d,weight,2.0,norway
NOR_10Y,5,LORO_COVID,COVID,loro,nor_kpi_yoy,weight,2.0,norway
NOR_10Y,5,LORO_COVID,COVID,loro,nor_kpijae_yoy,weight,1.0,norway
NOR_10Y,5,LORO_COVID,COVID,loro,nor_nibor_nowa_spread,weight,1.0,norway
NOR_10Y,5,LORO_COVID,COVID,loro,nor_nowa_level,weight,0.0,norway
NOR_10Y,5,LORO_COVID,COVID,loro,nor_polrate_chg_1d,weight,0.0,norway
NOR_10Y,5,LORO_COVID,COVID,loro,nor_polrate_days_since_chg,weight,3.0,norway
NOR_10Y,5,LORO_COVID,COVID,loro,nor_polrate_level,weight,0.0,norway
NOR_10Y,5,LORO_COVID,COVID,loro,nor_rb_rate_chg,weight,0.0,norway
NOR_10Y,5,LORO_COVID,COVID,loro,nor_rb_rate_level,weight,0.0,norway
NOR_10Y,5,LORO_COVID,COVID,loro,nor_unemp,weight,0.0,norway
NOR_10Y,5,LORO_COVID,COVID,loro,nor_usdnok_chg_1d,weight,0.0,norway
NOR_10Y,5,LORO_COVID,COVID,loro,nor_usdnok_level,weight,1.0,norway
NOR_10Y,5,LORO_COVID,COVID,loro,nor_usdnok_mom_1m,weight,1.0,norway
NOR_10Y,5,LORO_COVID,COVID,loro,nor_usdnok_mom_3m,weight,8.0,norway
NOR_10Y,5,LORO_COVID,COVID,loro,nor_usdnok_rvol_20d,weight,4.0,norway
NOR_10Y,5,LORO_COVID,COVID,loro,swap_govt_spread,weight,0.0,norway
NOR_10Y,5,LORO_COVID,COVID,loro,xmpca_01,weight,0.0,cross_market
NOR_10Y,5,LORO_COVID,COVID,loro,xmpca_02,weight,2.0,cross_market
NOR_10Y,5,LORO_COVID,COVID,loro,xmpca_03,weight,1.0,cross_market
NOR_10Y,5,LORO_COVID,COVID,loro,xmpca_04,weight,0.0,cross_market
NOR_10Y,5,LORO_COVID,COVID,loro,xmpca_05,weight,3.0,cross_market
NOR_10Y,5,LORO_COVID,COVID,loro,xmpca_06,weight,4.0,cross_market
NOR_10Y,5,LORO_COVID,COVID,loro,xmpca_07,weight,2.0,cross_market
NOR_10Y,5,LORO_COVID,COVID,loro,xmpca_08,weight,3.0,cross_market
NOR_10Y,5,LORO_COVID,COVID,loro,xmpca_09,weight,2.0,cross_market
NOR_10Y,5,LORO_COVID,COVID,loro,xmpca_10,weight,4.0,cross_market
NOR_10Y,5,LORO_COVID,COVID,loro,xmpca_11,weight,3.0,cross_market
NOR_10Y,5,LORO_COVID,COVID,loro,xmpca_12,weight,3.0,cross_market
NOR_10Y,5,LORO_COVID,COVID,loro,chg_lag1,cover,4.92307710647583,momentum
NOR_10Y,5,LORO_COVID,COVID,loro,chg_lag2,cover,16.615385055541992,momentum
NOR_10Y,5,LORO_COVID,COVID,loro,chg_lag3,cover,17.44444465637207,momentum
NOR_10Y,5,LORO_COVID,COVID,loro,chg_lag4,cover,5.0,momentum
NOR_10Y,5,LORO_COVID,COVID,loro,chg_lag5,cover,0.0,momentum
NOR_10Y,5,LORO_COVID,COVID,loro,carry_roll,cover,606.6666870117188,carry_roll
NOR_10Y,5,LORO_COVID,COVID,loro,mom_63d,cover,117.0,momentum
NOR_10Y,5,LORO_COVID,COVID,loro,mom_1m,cover,1285.0,momentum
NOR_10Y,5,LORO_COVID,COVID,loro,mom_3m,cover,977.0,momentum
NOR_10Y,5,LORO_COVID,COVID,loro,mom_6m,cover,210.1666717529297,momentum
NOR_10Y,5,LORO_COVID,COVID,loro,mom_12m,cover,362.6000061035156,momentum
NOR_10Y,5,LORO_COVID,COVID,loro,dev_ma_3m,cover,63.0,curve
NOR_10Y,5,LORO_COVID,COVID,loro,dev_ma_12m,cover,2046.5,curve
NOR_10Y,5,LORO_COVID,COVID,loro,vol_20d,cover,345.0,vol
NOR_10Y,5,LORO_COVID,COVID,loro,vol_regime,cover,0.0,vol
NOR_10Y,5,LORO_COVID,COVID,loro,vol_zscore,cover,39.0,vol
NOR_10Y,5,LORO_COVID,COVID,loro,level_zscore,cover,14.5,curve
NOR_10Y,5,LORO_COVID,COVID,loro,slope_10_1,cover,968.3333129882812,curve
NOR_10Y,5,LORO_COVID,COVID,loro,slope_10_5,cover,0.0,curve
NOR_10Y,5,LORO_COVID,COVID,loro,slope_5_1,cover,1369.3333740234375,curve
NOR_10Y,5,LORO_COVID,COVID,loro,sofr_mom_1m,cover,956.875,macro
NOR_10Y,5,LORO_COVID,COVID,loro,ibor_level,cover,31.600000381469727,macro
NOR_10Y,5,LORO_COVID,COVID,loro,ibor_chg_1d,cover,1576.5,macro
NOR_10Y,5,LORO_COVID,COVID,loro,ibor_mom_1m,cover,283.0,macro
NOR_10Y,5,LORO_COVID,COVID,loro,ibor_term_slope,cover,666.5,macro
NOR_10Y,5,LORO_COVID,COVID,loro,swap_ibor_basis,cover,350.25,curve
NOR_10Y,5,LORO_COVID,COVID,loro,move_level,cover,35.75,vol
NOR_10Y,5,LORO_COVID,COVID,loro,move_zscore,cover,26.0,vol
NOR_10Y,5,LORO_COVID,COVID,loro,vix_level,cover,0.0,vol
NOR_10Y,5,LORO_COVID,COVID,loro,vix_zscore,cover,14.0,vol
NOR_10Y,5,LORO_COVID,COVID,loro,v2x_level,cover,90.0,vol
NOR_10Y,5,LORO_COVID,COVID,loro,vxn_level,cover,91.33333587646484,vol
NOR_10Y,5,LORO_COVID,COVID,loro,ovx_level,cover,68.33333587646484,vol
NOR_10Y,5,LORO_COVID,COVID,loro,gvz_level,cover,82.0,vol
NOR_10Y,5,LORO_COVID,COVID,loro,spx_mom_1m,cover,109.33333587646484,macro
NOR_10Y,5,LORO_COVID,COVID,loro,spx_mom_3m,cover,0.0,macro
NOR_10Y,5,LORO_COVID,COVID,loro,sx5e_mom_1m,cover,468.25,macro
NOR_10Y,5,LORO_COVID,COVID,loro,sx5e_mom_3m,cover,116.0,macro
NOR_10Y,5,LORO_COVID,COVID,loro,mxwo_mom_1m,cover,72.33333587646484,macro
NOR_10Y,5,LORO_COVID,COVID,loro,ndx_mom_1m,cover,0.0,macro
NOR_10Y,5,LORO_COVID,COVID,loro,oil_mom_1m,cover,713.0,macro
NOR_10Y,5,LORO_COVID,COVID,loro,oil_mom_3m,cover,858.5,macro
NOR_10Y,5,LORO_COVID,COVID,loro,copper_mom_1m,cover,238.39999389648438,macro
NOR_10Y,5,LORO_COVID,COVID,loro,opec_prod,cover,471.0,macro
NOR_10Y,5,LORO_COVID,COVID,loro,natgas_mom_1m,cover,483.6000061035156,macro
NOR_10Y,5,LORO_COVID,COVID,loro,be5y_level,cover,346.5,macro
NOR_10Y,5,LORO_COVID,COVID,loro,be10y_level,cover,0.0,macro
NOR_10Y,5,LORO_COVID,COVID,loro,be_slope,cover,0.0,macro
NOR_10Y,5,LORO_COVID,COVID,loro,be5y_chg_1m,cover,0.0,macro
NOR_10Y,5,LORO_COVID,COVID,loro,ig_spread,cover,0.0,credit
NOR_10Y,5,LORO_COVID,COVID,loro,hy_spread,cover,0.0,credit
NOR_10Y,5,LORO_COVID,COVID,loro,ig_chg_1m,cover,0.0,credit
NOR_10Y,5,LORO_COVID,COVID,loro,hy_chg_1m,cover,0.0,credit
NOR_10Y,5,LORO_COVID,COVID,loro,cpi_yoy,cover,0.0,macro
NOR_10Y,5,LORO_COVID,COVID,loro,pce_core_chg,cover,2145.0,macro
NOR_10Y,5,LORO_COVID,COVID,loro,nfp_change,cover,1953.22216796875,macro
NOR_10Y,5,LORO_COVID,COVID,loro,pmi_us,cover,787.3333129882812,macro
NOR_10Y,5,LORO_COVID,COVID,loro,pmi_eur,cover,2035.0,macro
NOR_10Y,5,LORO_COVID,COVID,loro,unemp_eur,cover,0.0,macro
NOR_10Y,5,LORO_COVID,COVID,loro,cpi_nsa_level,cover,0.0,macro
NOR_10Y,5,LORO_COVID,COVID,loro,pce_core_level,cover,0.0,macro
NOR_10Y,5,LORO_COVID,COVID,loro,eur_3m,cover,43.0,macro
NOR_10Y,5,LORO_COVID,COVID,loro,eur_1w,cover,1007.0,macro
NOR_10Y,5,LORO_COVID,COVID,loro,nor_ibor_1m,cover,0.0,norway
NOR_10Y,5,LORO_COVID,COVID,loro,nor_ibor_6m,cover,200.0,norway
NOR_10Y,5,LORO_COVID,COVID,loro,nor_ecb_dfr_chg,cover,0.0,norway
NOR_10Y,5,LORO_COVID,COVID,loro,nor_ecb_dfr_level,cover,0.0,norway
NOR_10Y,5,LORO_COVID,COVID,loro,nor_eurnok_chg_1d,cover,40.0,norway
NOR_10Y,5,LORO_COVID,COVID,loro,nor_eurnok_level,cover,929.0,norway
NOR_10Y,5,LORO_COVID,COVID,loro,nor_eurnok_mom_1m,cover,45.400001525878906,norway
NOR_10Y,5,LORO_COVID,COVID,loro,nor_eurnok_mom_3m,cover,19.0,norway
NOR_10Y,5,LORO_COVID,COVID,loro,nor_eurnok_rvol_20d,cover,55.28571319580078,norway
NOR_10Y,5,LORO_COVID,COVID,loro,nor_govt_10y,cover,43.75,norway
NOR_10Y,5,LORO_COVID,COVID,loro,nor_govt_3y,cover,2171.0,norway
NOR_10Y,5,LORO_COVID,COVID,loro,nor_govt_5y,cover,286.0,norway
NOR_10Y,5,LORO_COVID,COVID,loro,nor_i44_chg_1d,cover,118.0,norway
NOR_10Y,5,LORO_COVID,COVID,loro,nor_i44_level,cover,0.0,norway
NOR_10Y,5,LORO_COVID,COVID,loro,nor_i44_mom_1m,cover,28.5,norway
NOR_10Y,5,LORO_COVID,COVID,loro,nor_i44_mom_3m,cover,957.0,norway
NOR_10Y,5,LORO_COVID,COVID,loro,nor_i44_rvol_20d,cover,56.5,norway
NOR_10Y,5,LORO_COVID,COVID,loro,nor_kpi_yoy,cover,2137.5,norway
NOR_10Y,5,LORO_COVID,COVID,loro,nor_kpijae_yoy,cover,7.0,norway
NOR_10Y,5,LORO_COVID,COVID,loro,nor_nibor_nowa_spread,cover,34.0,norway
NOR_10Y,5,LORO_COVID,COVID,loro,nor_nowa_level,cover,0.0,norway
NOR_10Y,5,LORO_COVID,COVID,loro,nor_polrate_chg_1d,cover,0.0,norway
NOR_10Y,5,LORO_COVID,COVID,loro,nor_polrate_days_since_chg,cover,119.66666412353516,norway
NOR_10Y,5,LORO_COVID,COVID,loro,nor_polrate_level,cover,0.0,norway
NOR_10Y,5,LORO_COVID,COVID,loro,nor_rb_rate_chg,cover,0.0,norway
NOR_10Y,5,LORO_COVID,COVID,loro,nor_rb_rate_level,cover,0.0,norway
NOR_10Y,5,LORO_COVID,COVID,loro,nor_unemp,cover,0.0,norway
NOR_10Y,5,LORO_COVID,COVID,loro,nor_usdnok_chg_1d,cover,0.0,norway
NOR_10Y,5,LORO_COVID,COVID,loro,nor_usdnok_level,cover,1623.0,norway
NOR_10Y,5,LORO_COVID,COVID,loro,nor_usdnok_mom_1m,cover,153.0,norway
NOR_10Y,5,LORO_COVID,COVID,loro,nor_usdnok_mom_3m,cover,1331.125,norway
NOR_10Y,5,LORO_COVID,COVID,loro,nor_usdnok_rvol_20d,cover,90.75,norway
NOR_10Y,5,LORO_COVID,COVID,loro,swap_govt_spread,cover,0.0,norway
NOR_10Y,5,LORO_COVID,COVID,loro,xmpca_01,cover,0.0,cross_market
NOR_10Y,5,LORO_COVID,COVID,loro,xmpca_02,cover,1087.0,cross_market
NOR_10Y,5,LORO_COVID,COVID,loro,xmpca_03,cover,317.0,cross_market
NOR_10Y,5,LORO_COVID,COVID,loro,xmpca_04,cover,0.0,cross_market
NOR_10Y,5,LORO_COVID,COVID,loro,xmpca_05,cover,751.3333129882812,cross_market
NOR_10Y,5,LORO_COVID,COVID,loro,xmpca_06,cover,16.75,cross_market
NOR_10Y,5,LORO_COVID,COVID,loro,xmpca_07,cover,14.0,cross_market
NOR_10Y,5,LORO_COVID,COVID,loro,xmpca_08,cover,41.33333206176758,cross_market
NOR_10Y,5,LORO_COVID,COVID,loro,xmpca_09,cover,107.5,cross_market
NOR_10Y,5,LORO_COVID,COVID,loro,xmpca_10,cover,35.5,cross_market
NOR_10Y,5,LORO_COVID,COVID,loro,xmpca_11,cover,31.0,cross_market
NOR_10Y,5,LORO_COVID,COVID,loro,xmpca_12,cover,31.0,cross_market
NOR_10Y,5,LORO_COVID,COVID,loro,chg_lag1,total_gain,0.01440471038222313,momentum
NOR_10Y,5,LORO_COVID,COVID,loro,chg_lag2,total_gain,0.11857426166534424,momentum
NOR_10Y,5,LORO_COVID,COVID,loro,chg_lag3,total_gain,0.1248900443315506,momentum
NOR_10Y,5,LORO_COVID,COVID,loro,chg_lag4,total_gain,0.0003216420882381499,momentum
NOR_10Y,5,LORO_COVID,COVID,loro,chg_lag5,total_gain,0.0,momentum
NOR_10Y,5,LORO_COVID,COVID,loro,carry_roll,total_gain,0.12413017451763153,carry_roll
NOR_10Y,5,LORO_COVID,COVID,loro,mom_63d,total_gain,0.09980951249599457,momentum
NOR_10Y,5,LORO_COVID,COVID,loro,mom_1m,total_gain,0.37981200218200684,momentum
NOR_10Y,5,LORO_COVID,COVID,loro,mom_3m,total_gain,0.46495041251182556,momentum
NOR_10Y,5,LORO_COVID,COVID,loro,mom_6m,total_gain,0.30697548389434814,momentum
NOR_10Y,5,LORO_COVID,COVID,loro,mom_12m,total_gain,0.27337050437927246,momentum
NOR_10Y,5,LORO_COVID,COVID,loro,dev_ma_3m,total_gain,0.22715280950069427,curve
NOR_10Y,5,LORO_COVID,COVID,loro,dev_ma_12m,total_gain,0.17301613092422485,curve
NOR_10Y,5,LORO_COVID,COVID,loro,vol_20d,total_gain,0.08261317014694214,vol
NOR_10Y,5,LORO_COVID,COVID,loro,vol_regime,total_gain,0.0,vol
NOR_10Y,5,LORO_COVID,COVID,loro,vol_zscore,total_gain,0.052805542945861816,vol
NOR_10Y,5,LORO_COVID,COVID,loro,level_zscore,total_gain,0.02803170494735241,curve
NOR_10Y,5,LORO_COVID,COVID,loro,slope_10_1,total_gain,0.21354417502880096,curve
NOR_10Y,5,LORO_COVID,COVID,loro,slope_10_5,total_gain,0.0,curve
NOR_10Y,5,LORO_COVID,COVID,loro,slope_5_1,total_gain,0.2549813389778137,curve
NOR_10Y,5,LORO_COVID,COVID,loro,sofr_mom_1m,total_gain,0.34103333950042725,macro
NOR_10Y,5,LORO_COVID,COVID,loro,ibor_level,total_gain,0.08912498503923416,macro
NOR_10Y,5,LORO_COVID,COVID,loro,ibor_chg_1d,total_gain,0.35125792026519775,macro
NOR_10Y,5,LORO_COVID,COVID,loro,ibor_mom_1m,total_gain,0.2822621166706085,macro
NOR_10Y,5,LORO_COVID,COVID,loro,ibor_term_slope,total_gain,0.15955820679664612,macro
NOR_10Y,5,LORO_COVID,COVID,loro,swap_ibor_basis,total_gain,0.25970354676246643,curve
NOR_10Y,5,LORO_COVID,COVID,loro,move_level,total_gain,0.10545884817838669,vol
NOR_10Y,5,LORO_COVID,COVID,loro,move_zscore,total_gain,0.018998779356479645,vol
NOR_10Y,5,LORO_COVID,COVID,loro,vix_level,total_gain,0.0,vol
NOR_10Y,5,LORO_COVID,COVID,loro,vix_zscore,total_gain,0.002391209825873375,vol
NOR_10Y,5,LORO_COVID,COVID,loro,v2x_level,total_gain,0.06222236901521683,vol
NOR_10Y,5,LORO_COVID,COVID,loro,vxn_level,total_gain,0.10730740427970886,vol
NOR_10Y,5,LORO_COVID,COVID,loro,ovx_level,total_gain,0.08585193753242493,vol
NOR_10Y,5,LORO_COVID,COVID,loro,gvz_level,total_gain,0.021365957334637642,vol
NOR_10Y,5,LORO_COVID,COVID,loro,spx_mom_1m,total_gain,0.19977347552776337,macro
NOR_10Y,5,LORO_COVID,COVID,loro,spx_mom_3m,total_gain,0.0,macro
NOR_10Y,5,LORO_COVID,COVID,loro,sx5e_mom_1m,total_gain,0.1089087501168251,macro
NOR_10Y,5,LORO_COVID,COVID,loro,sx5e_mom_3m,total_gain,0.04530970752239227,macro
NOR_10Y,5,LORO_COVID,COVID,loro,mxwo_mom_1m,total_gain,0.10669861733913422,macro
NOR_10Y,5,LORO_COVID,COVID,loro,ndx_mom_1m,total_gain,0.0,macro
NOR_10Y,5,LORO_COVID,COVID,loro,oil_mom_1m,total_gain,0.14019474387168884,macro
NOR_10Y,5,LORO_COVID,COVID,loro,oil_mom_3m,total_gain,0.09080575406551361,macro
NOR_10Y,5,LORO_COVID,COVID,loro,copper_mom_1m,total_gain,0.42162495851516724,macro
NOR_10Y,5,LORO_COVID,COVID,loro,opec_prod,total_gain,0.2572430372238159,macro
NOR_10Y,5,LORO_COVID,COVID,loro,natgas_mom_1m,total_gain,0.3320477604866028,macro
NOR_10Y,5,LORO_COVID,COVID,loro,be5y_level,total_gain,0.08522909879684448,macro
NOR_10Y,5,LORO_COVID,COVID,loro,be10y_level,total_gain,0.0,macro
NOR_10Y,5,LORO_COVID,COVID,loro,be_slope,total_gain,0.0,macro
NOR_10Y,5,LORO_COVID,COVID,loro,be5y_chg_1m,total_gain,0.0,macro
NOR_10Y,5,LORO_COVID,COVID,loro,ig_spread,total_gain,0.0,credit
NOR_10Y,5,LORO_COVID,COVID,loro,hy_spread,total_gain,0.0,credit
NOR_10Y,5,LORO_COVID,COVID,loro,ig_chg_1m,total_gain,0.0,credit
NOR_10Y,5,LORO_COVID,COVID,loro,hy_chg_1m,total_gain,0.0,credit
NOR_10Y,5,LORO_COVID,COVID,loro,cpi_yoy,total_gain,0.0,macro
NOR_10Y,5,LORO_COVID,COVID,loro,pce_core_chg,total_gain,0.0755983367562294,macro
NOR_10Y,5,LORO_COVID,COVID,loro,nfp_change,total_gain,1.1494239568710327,macro
NOR_10Y,5,LORO_COVID,COVID,loro,pmi_us,total_gain,0.21475626528263092,macro
NOR_10Y,5,LORO_COVID,COVID,loro,pmi_eur,total_gain,0.2915198504924774,macro
NOR_10Y,5,LORO_COVID,COVID,loro,unemp_eur,total_gain,0.0,macro
NOR_10Y,5,LORO_COVID,COVID,loro,cpi_nsa_level,total_gain,0.0,macro
NOR_10Y,5,LORO_COVID,COVID,loro,pce_core_level,total_gain,0.0,macro
NOR_10Y,5,LORO_COVID,COVID,loro,eur_3m,total_gain,0.03979206085205078,macro
NOR_10Y,5,LORO_COVID,COVID,loro,eur_1w,total_gain,0.0808858871459961,macro
NOR_10Y,5,LORO_COVID,COVID,loro,nor_ibor_1m,total_gain,0.0,norway
NOR_10Y,5,LORO_COVID,COVID,loro,nor_ibor_6m,total_gain,0.19172894954681396,norway
NOR_10Y,5,LORO_COVID,COVID,loro,nor_ecb_dfr_chg,total_gain,0.0,norway
NOR_10Y,5,LORO_COVID,COVID,loro,nor_ecb_dfr_level,total_gain,0.0,norway
NOR_10Y,5,LORO_COVID,COVID,loro,nor_eurnok_chg_1d,total_gain,0.027233488857746124,norway
NOR_10Y,5,LORO_COVID,COVID,loro,nor_eurnok_level,total_gain,0.07205028086900711,norway
NOR_10Y,5,LORO_COVID,COVID,loro,nor_eurnok_mom_1m,total_gain,0.21462532877922058,norway
NOR_10Y,5,LORO_COVID,COVID,loro,nor_eurnok_mom_3m,total_gain,0.02127164602279663,norway
NOR_10Y,5,LORO_COVID,COVID,loro,nor_eurnok_rvol_20d,total_gain,0.2804536819458008,norway
NOR_10Y,5,LORO_COVID,COVID,loro,nor_govt_10y,total_gain,0.13846468925476074,norway
NOR_10Y,5,LORO_COVID,COVID,loro,nor_govt_3y,total_gain,0.07199203222990036,norway
NOR_10Y,5,LORO_COVID,COVID,loro,nor_govt_5y,total_gain,0.23981447517871857,norway
NOR_10Y,5,LORO_COVID,COVID,loro,nor_i44_chg_1d,total_gain,0.10148864984512329,norway
NOR_10Y,5,LORO_COVID,COVID,loro,nor_i44_level,total_gain,0.0,norway
NOR_10Y,5,LORO_COVID,COVID,loro,nor_i44_mom_1m,total_gain,0.016085974872112274,norway
NOR_10Y,5,LORO_COVID,COVID,loro,nor_i44_mom_3m,total_gain,0.09225161373615265,norway
NOR_10Y,5,LORO_COVID,COVID,loro,nor_i44_rvol_20d,total_gain,0.09846942871809006,norway
NOR_10Y,5,LORO_COVID,COVID,loro,nor_kpi_yoy,total_gain,0.1906028389930725,norway
NOR_10Y,5,LORO_COVID,COVID,loro,nor_kpijae_yoy,total_gain,0.004510138649493456,norway
NOR_10Y,5,LORO_COVID,COVID,loro,nor_nibor_nowa_spread,total_gain,0.04330641031265259,norway
NOR_10Y,5,LORO_COVID,COVID,loro,nor_nowa_level,total_gain,0.0,norway
NOR_10Y,5,LORO_COVID,COVID,loro,nor_polrate_chg_1d,total_gain,0.0,norway
NOR_10Y,5,LORO_COVID,COVID,loro,nor_polrate_days_since_chg,total_gain,0.37773165106773376,norway
NOR_10Y,5,LORO_COVID,COVID,loro,nor_polrate_level,total_gain,0.0,norway
NOR_10Y,5,LORO_COVID,COVID,loro,nor_rb_rate_chg,total_gain,0.0,norway
NOR_10Y,5,LORO_COVID,COVID,loro,nor_rb_rate_level,total_gain,0.0,norway
NOR_10Y,5,LORO_COVID,COVID,loro,nor_unemp,total_gain,0.0,norway
NOR_10Y,5,LORO_COVID,COVID,loro,nor_usdnok_chg_1d,total_gain,0.0,norway
NOR_10Y,5,LORO_COVID,COVID,loro,nor_usdnok_level,total_gain,0.08541330695152283,norway
NOR_10Y,5,LORO_COVID,COVID,loro,nor_usdnok_mom_1m,total_gain,0.024788253009319305,norway
NOR_10Y,5,LORO_COVID,COVID,loro,nor_usdnok_mom_3m,total_gain,0.6122838258743286,norway
NOR_10Y,5,LORO_COVID,COVID,loro,nor_usdnok_rvol_20d,total_gain,0.17096509039402008,norway
NOR_10Y,5,LORO_COVID,COVID,loro,swap_govt_spread,total_gain,0.0,norway
NOR_10Y,5,LORO_COVID,COVID,loro,xmpca_01,total_gain,0.0,cross_market
NOR_10Y,5,LORO_COVID,COVID,loro,xmpca_02,total_gain,0.08830182254314423,cross_market
NOR_10Y,5,LORO_COVID,COVID,loro,xmpca_03,total_gain,0.060787133872509,cross_market
NOR_10Y,5,LORO_COVID,COVID,loro,xmpca_04,total_gain,0.0,cross_market
NOR_10Y,5,LORO_COVID,COVID,loro,xmpca_05,total_gain,0.10115132480859756,cross_market
NOR_10Y,5,LORO_COVID,COVID,loro,xmpca_06,total_gain,0.03232947736978531,cross_market
NOR_10Y,5,LORO_COVID,COVID,loro,xmpca_07,total_gain,0.014706768095493317,cross_market
NOR_10Y,5,LORO_COVID,COVID,loro,xmpca_08,total_gain,0.07092025130987167,cross_market
NOR_10Y,5,LORO_COVID,COVID,loro,xmpca_09,total_gain,0.06315630674362183,cross_market
NOR_10Y,5,LORO_COVID,COVID,loro,xmpca_10,total_gain,0.06772927939891815,cross_market
NOR_10Y,5,LORO_COVID,COVID,loro,xmpca_11,total_gain,0.08789414167404175,cross_market
NOR_10Y,5,LORO_COVID,COVID,loro,xmpca_12,total_gain,0.045720476657152176,cross_market
NOR_10Y,5,LORO_COVID,COVID,loro,chg_lag1,total_cover,64.0,momentum
NOR_10Y,5,LORO_COVID,COVID,loro,chg_lag2,total_cover,216.0,momentum
NOR_10Y,5,LORO_COVID,COVID,loro,chg_lag3,total_cover,157.0,momentum
NOR_10Y,5,LORO_COVID,COVID,loro,chg_lag4,total_cover,10.0,momentum
NOR_10Y,5,LORO_COVID,COVID,loro,chg_lag5,total_cover,0.0,momentum
NOR_10Y,5,LORO_COVID,COVID,loro,carry_roll,total_cover,1820.0,carry_roll
NOR_10Y,5,LORO_COVID,COVID,loro,mom_63d,total_cover,234.0,momentum
NOR_10Y,5,LORO_COVID,COVID,loro,mom_1m,total_cover,6425.0,momentum
NOR_10Y,5,LORO_COVID,COVID,loro,mom_3m,total_cover,5862.0,momentum
NOR_10Y,5,LORO_COVID,COVID,loro,mom_6m,total_cover,1261.0,momentum
NOR_10Y,5,LORO_COVID,COVID,loro,mom_12m,total_cover,1813.0,momentum
NOR_10Y,5,LORO_COVID,COVID,loro,dev_ma_3m,total_cover,252.0,curve
NOR_10Y,5,LORO_COVID,COVID,loro,dev_ma_12m,total_cover,4093.0,curve
NOR_10Y,5,LORO_COVID,COVID,loro,vol_20d,total_cover,345.0,vol
NOR_10Y,5,LORO_COVID,COVID,loro,vol_regime,total_cover,0.0,vol
NOR_10Y,5,LORO_COVID,COVID,loro,vol_zscore,total_cover,39.0,vol
NOR_10Y,5,LORO_COVID,COVID,loro,level_zscore,total_cover,29.0,curve
NOR_10Y,5,LORO_COVID,COVID,loro,slope_10_1,total_cover,2905.0,curve
NOR_10Y,5,LORO_COVID,COVID,loro,slope_10_5,total_cover,0.0,curve
NOR_10Y,5,LORO_COVID,COVID,loro,slope_5_1,total_cover,4108.0,curve
NOR_10Y,5,LORO_COVID,COVID,loro,sofr_mom_1m,total_cover,7655.0,macro
NOR_10Y,5,LORO_COVID,COVID,loro,ibor_level,total_cover,158.0,macro
NOR_10Y,5,LORO_COVID,COVID,loro,ibor_chg_1d,total_cover,6306.0,macro
NOR_10Y,5,LORO_COVID,COVID,loro,ibor_mom_1m,total_cover,2264.0,macro
NOR_10Y,5,LORO_COVID,COVID,loro,ibor_term_slope,total_cover,1333.0,macro
NOR_10Y,5,LORO_COVID,COVID,loro,swap_ibor_basis,total_cover,1401.0,curve
NOR_10Y,5,LORO_COVID,COVID,loro,move_level,total_cover,143.0,vol
NOR_10Y,5,LORO_COVID,COVID,loro,move_zscore,total_cover,26.0,vol
NOR_10Y,5,LORO_COVID,COVID,loro,vix_level,total_cover,0.0,vol
NOR_10Y,5,LORO_COVID,COVID,loro,vix_zscore,total_cover,14.0,vol
NOR_10Y,5,LORO_COVID,COVID,loro,v2x_level,total_cover,180.0,vol
NOR_10Y,5,LORO_COVID,COVID,loro,vxn_level,total_cover,274.0,vol
NOR_10Y,5,LORO_COVID,COVID,loro,ovx_level,total_cover,205.0,vol
NOR_10Y,5,LORO_COVID,COVID,loro,gvz_level,total_cover,82.0,vol
NOR_10Y,5,LORO_COVID,COVID,loro,spx_mom_1m,total_cover,328.0,macro
NOR_10Y,5,LORO_COVID,COVID,loro,spx_mom_3m,total_cover,0.0,macro
NOR_10Y,5,LORO_COVID,COVID,loro,sx5e_mom_1m,total_cover,1873.0,macro
NOR_10Y,5,LORO_COVID,COVID,loro,sx5e_mom_3m,total_cover,116.0,macro
NOR_10Y,5,LORO_COVID,COVID,loro,mxwo_mom_1m,total_cover,217.0,macro
NOR_10Y,5,LORO_COVID,COVID,loro,ndx_mom_1m,total_cover,0.0,macro
NOR_10Y,5,LORO_COVID,COVID,loro,oil_mom_1m,total_cover,2139.0,macro
NOR_10Y,5,LORO_COVID,COVID,loro,oil_mom_3m,total_cover,1717.0,macro
NOR_10Y,5,LORO_COVID,COVID,loro,copper_mom_1m,total_cover,1192.0,macro
NOR_10Y,5,LORO_COVID,COVID,loro,opec_prod,total_cover,2355.0,macro
NOR_10Y,5,LORO_COVID,COVID,loro,natgas_mom_1m,total_cover,2418.0,macro
NOR_10Y,5,LORO_COVID,COVID,loro,be5y_level,total_cover,693.0,macro
NOR_10Y,5,LORO_COVID,COVID,loro,be10y_level,total_cover,0.0,macro
NOR_10Y,5,LORO_COVID,COVID,loro,be_slope,total_cover,0.0,macro
NOR_10Y,5,LORO_COVID,COVID,loro,be5y_chg_1m,total_cover,0.0,macro
NOR_10Y,5,LORO_COVID,COVID,loro,ig_spread,total_cover,0.0,credit
NOR_10Y,5,LORO_COVID,COVID,loro,hy_spread,total_cover,0.0,credit
NOR_10Y,5,LORO_COVID,COVID,loro,ig_chg_1m,total_cover,0.0,credit
NOR_10Y,5,LORO_COVID,COVID,loro,hy_chg_1m,total_cover,0.0,credit
NOR_10Y,5,LORO_COVID,COVID,loro,cpi_yoy,total_cover,0.0,macro
NOR_10Y,5,LORO_COVID,COVID,loro,pce_core_chg,total_cover,2145.0,macro
NOR_10Y,5,LORO_COVID,COVID,loro,nfp_change,total_cover,17579.0,macro
NOR_10Y,5,LORO_COVID,COVID,loro,pmi_us,total_cover,2362.0,macro
NOR_10Y,5,LORO_COVID,COVID,loro,pmi_eur,total_cover,4070.0,macro
NOR_10Y,5,LORO_COVID,COVID,loro,unemp_eur,total_cover,0.0,macro
NOR_10Y,5,LORO_COVID,COVID,loro,cpi_nsa_level,total_cover,0.0,macro
NOR_10Y,5,LORO_COVID,COVID,loro,pce_core_level,total_cover,0.0,macro
NOR_10Y,5,LORO_COVID,COVID,loro,eur_3m,total_cover,43.0,macro
NOR_10Y,5,LORO_COVID,COVID,loro,eur_1w,total_cover,1007.0,macro
NOR_10Y,5,LORO_COVID,COVID,loro,nor_ibor_1m,total_cover,0.0,norway
NOR_10Y,5,LORO_COVID,COVID,loro,nor_ibor_6m,total_cover,600.0,norway
NOR_10Y,5,LORO_COVID,COVID,loro,nor_ecb_dfr_chg,total_cover,0.0,norway
NOR_10Y,5,LORO_COVID,COVID,loro,nor_ecb_dfr_level,total_cover,0.0,norway
NOR_10Y,5,LORO_COVID,COVID,loro,nor_eurnok_chg_1d,total_cover,40.0,norway
NOR_10Y,5,LORO_COVID,COVID,loro,nor_eurnok_level,total_cover,929.0,norway
NOR_10Y,5,LORO_COVID,COVID,loro,nor_eurnok_mom_1m,total_cover,227.0,norway
NOR_10Y,5,LORO_COVID,COVID,loro,nor_eurnok_mom_3m,total_cover,38.0,norway
NOR_10Y,5,LORO_COVID,COVID,loro,nor_eurnok_rvol_20d,total_cover,387.0,norway
NOR_10Y,5,LORO_COVID,COVID,loro,nor_govt_10y,total_cover,175.0,norway
NOR_10Y,5,LORO_COVID,COVID,loro,nor_govt_3y,total_cover,2171.0,norway
NOR_10Y,5,LORO_COVID,COVID,loro,nor_govt_5y,total_cover,286.0,norway
NOR_10Y,5,LORO_COVID,COVID,loro,nor_i44_chg_1d,total_cover,118.0,norway
NOR_10Y,5,LORO_COVID,COVID,loro,nor_i44_level,total_cover,0.0,norway
NOR_10Y,5,LORO_COVID,COVID,loro,nor_i44_mom_1m,total_cover,57.0,norway
NOR_10Y,5,LORO_COVID,COVID,loro,nor_i44_mom_3m,total_cover,1914.0,norway
NOR_10Y,5,LORO_COVID,COVID,loro,nor_i44_rvol_20d,total_cover,113.0,norway
NOR_10Y,5,LORO_COVID,COVID,loro,nor_kpi_yoy,total_cover,4275.0,norway
NOR_10Y,5,LORO_COVID,COVID,loro,nor_kpijae_yoy,total_cover,7.0,norway
NOR_10Y,5,LORO_COVID,COVID,loro,nor_nibor_nowa_spread,total_cover,34.0,norway
NOR_10Y,5,LORO_COVID,COVID,loro,nor_nowa_level,total_cover,0.0,norway
NOR_10Y,5,LORO_COVID,COVID,loro,nor_polrate_chg_1d,total_cover,0.0,norway
NOR_10Y,5,LORO_COVID,COVID,loro,nor_polrate_days_since_chg,total_cover,359.0,norway
NOR_10Y,5,LORO_COVID,COVID,loro,nor_polrate_level,total_cover,0.0,norway
NOR_10Y,5,LORO_COVID,COVID,loro,nor_rb_rate_chg,total_cover,0.0,norway
NOR_10Y,5,LORO_COVID,COVID,loro,nor_rb_rate_level,total_cover,0.0,norway
NOR_10Y,5,LORO_COVID,COVID,loro,nor_unemp,total_cover,0.0,norway
NOR_10Y,5,LORO_COVID,COVID,loro,nor_usdnok_chg_1d,total_cover,0.0,norway
NOR_10Y,5,LORO_COVID,COVID,loro,nor_usdnok_level,total_cover,1623.0,norway
NOR_10Y,5,LORO_COVID,COVID,loro,nor_usdnok_mom_1m,total_cover,153.0,norway
NOR_10Y,5,LORO_COVID,COVID,loro,nor_usdnok_mom_3m,total_cover,10649.0,norway
NOR_10Y,5,LORO_COVID,COVID,loro,nor_usdnok_rvol_20d,total_cover,363.0,norway
NOR_10Y,5,LORO_COVID,COVID,loro,swap_govt_spread,total_cover,0.0,norway
NOR_10Y,5,LORO_COVID,COVID,loro,xmpca_01,total_cover,0.0,cross_market
NOR_10Y,5,LORO_COVID,COVID,loro,xmpca_02,total_cover,2174.0,cross_market
NOR_10Y,5,LORO_COVID,COVID,loro,xmpca_03,total_cover,317.0,cross_market
NOR_10Y,5,LORO_COVID,COVID,loro,xmpca_04,total_cover,0.0,cross_market
NOR_10Y,5,LORO_COVID,COVID,loro,xmpca_05,total_cover,2254.0,cross_market
NOR_10Y,5,LORO_COVID,COVID,loro,xmpca_06,total_cover,67.0,cross_market
NOR_10Y,5,LORO_COVID,COVID,loro,xmpca_07,total_cover,28.0,cross_market
NOR_10Y,5,LORO_COVID,COVID,loro,xmpca_08,total_cover,124.0,cross_market
NOR_10Y,5,LORO_COVID,COVID,loro,xmpca_09,total_cover,215.0,cross_market
NOR_10Y,5,LORO_COVID,COVID,loro,xmpca_10,total_cover,142.0,cross_market
NOR_10Y,5,LORO_COVID,COVID,loro,xmpca_11,total_cover,93.0,cross_market
NOR_10Y,5,LORO_COVID,COVID,loro,xmpca_12,total_cover,93.0,cross_market
NOR_10Y,5,LORO_COVID,COVID,loro,chg_lag1,shap_mean_abs,9.749847959028557e-05,momentum
NOR_10Y,5,LORO_COVID,COVID,loro,chg_lag2,shap_mean_abs,0.00020689309167210013,momentum
NOR_10Y,5,LORO_COVID,COVID,loro,chg_lag3,shap_mean_abs,9.472734382143244e-05,momentum
NOR_10Y,5,LORO_COVID,COVID,loro,chg_lag4,shap_mean_abs,1.0027050848293584e-05,momentum
NOR_10Y,5,LORO_COVID,COVID,loro,chg_lag5,shap_mean_abs,0.0,momentum
NOR_10Y,5,LORO_COVID,COVID,loro,carry_roll,shap_mean_abs,0.0001412654237356037,carry_roll
NOR_10Y,5,LORO_COVID,COVID,loro,mom_63d,shap_mean_abs,0.00012955092824995518,momentum
NOR_10Y,5,LORO_COVID,COVID,loro,mom_1m,shap_mean_abs,0.0005214412813074887,momentum
NOR_10Y,5,LORO_COVID,COVID,loro,mom_3m,shap_mean_abs,0.0008767001563683152,momentum
NOR_10Y,5,LORO_COVID,COVID,loro,mom_6m,shap_mean_abs,0.00042959529673680663,momentum
NOR_10Y,5,LORO_COVID,COVID,loro,mom_12m,shap_mean_abs,0.00017968985775951296,momentum
NOR_10Y,5,LORO_COVID,COVID,loro,dev_ma_3m,shap_mean_abs,0.0002978425472974777,curve
NOR_10Y,5,LORO_COVID,COVID,loro,dev_ma_12m,shap_mean_abs,0.000559197214897722,curve
NOR_10Y,5,LORO_COVID,COVID,loro,vol_20d,shap_mean_abs,0.00011394116882001981,vol
NOR_10Y,5,LORO_COVID,COVID,loro,vol_regime,shap_mean_abs,0.0,vol
NOR_10Y,5,LORO_COVID,COVID,loro,vol_zscore,shap_mean_abs,3.538189776008949e-05,vol
NOR_10Y,5,LORO_COVID,COVID,loro,level_zscore,shap_mean_abs,4.390890899230726e-05,curve
NOR_10Y,5,LORO_COVID,COVID,loro,slope_10_1,shap_mean_abs,0.00043928049854002893,curve
NOR_10Y,5,LORO_COVID,COVID,loro,slope_10_5,shap_mean_abs,0.0,curve
NOR_10Y,5,LORO_COVID,COVID,loro,slope_5_1,shap_mean_abs,0.0003446876653470099,curve
NOR_10Y,5,LORO_COVID,COVID,loro,sofr_mom_1m,shap_mean_abs,0.0013616919750347733,macro
NOR_10Y,5,LORO_COVID,COVID,loro,ibor_level,shap_mean_abs,0.0041588786989450455,macro
NOR_10Y,5,LORO_COVID,COVID,loro,ibor_chg_1d,shap_mean_abs,0.00012284473632462323,macro
NOR_10Y,5,LORO_COVID,COVID,loro,ibor_mom_1m,shap_mean_abs,0.00039899226976558566,macro
NOR_10Y,5,LORO_COVID,COVID,loro,ibor_term_slope,shap_mean_abs,0.0002485366421751678,macro
NOR_10Y,5,LORO_COVID,COVID,loro,swap_ibor_basis,shap_mean_abs,0.0004684272571466863,curve
NOR_10Y,5,LORO_COVID,COVID,loro,move_level,shap_mean_abs,0.00021268159616738558,vol
NOR_10Y,5,LORO_COVID,COVID,loro,move_zscore,shap_mean_abs,2.2450363758252934e-05,vol
NOR_10Y,5,LORO_COVID,COVID,loro,vix_level,shap_mean_abs,0.0,vol
NOR_10Y,5,LORO_COVID,COVID,loro,vix_zscore,shap_mean_abs,5.754972153226845e-05,vol
NOR_10Y,5,LORO_COVID,COVID,loro,v2x_level,shap_mean_abs,0.00021709992142859846,vol
NOR_10Y,5,LORO_COVID,COVID,loro,vxn_level,shap_mean_abs,0.00016072603466454893,vol
NOR_10Y,5,LORO_COVID,COVID,loro,ovx_level,shap_mean_abs,0.0012201587669551373,vol
NOR_10Y,5,LORO_COVID,COVID,loro,gvz_level,shap_mean_abs,0.00010892086720559746,vol
NOR_10Y,5,LORO_COVID,COVID,loro,spx_mom_1m,shap_mean_abs,0.00022875290596857667,macro
NOR_10Y,5,LORO_COVID,COVID,loro,spx_mom_3m,shap_mean_abs,0.0,macro
NOR_10Y,5,LORO_COVID,COVID,loro,sx5e_mom_1m,shap_mean_abs,7.856081356294453e-05,macro
NOR_10Y,5,LORO_COVID,COVID,loro,sx5e_mom_3m,shap_mean_abs,3.127038507955149e-05,macro
NOR_10Y,5,LORO_COVID,COVID,loro,mxwo_mom_1m,shap_mean_abs,0.00016904118820093572,macro
NOR_10Y,5,LORO_COVID,COVID,loro,ndx_mom_1m,shap_mean_abs,0.0,macro
NOR_10Y,5,LORO_COVID,COVID,loro,oil_mom_1m,shap_mean_abs,0.0013238053070381284,macro
NOR_10Y,5,LORO_COVID,COVID,loro,oil_mom_3m,shap_mean_abs,0.0003454698307905346,macro
NOR_10Y,5,LORO_COVID,COVID,loro,copper_mom_1m,shap_mean_abs,0.0003931850369554013,macro
NOR_10Y,5,LORO_COVID,COVID,loro,opec_prod,shap_mean_abs,0.000799729663413018,macro
NOR_10Y,5,LORO_COVID,COVID,loro,natgas_mom_1m,shap_mean_abs,0.002079624915495515,macro
NOR_10Y,5,LORO_COVID,COVID,loro,be5y_level,shap_mean_abs,0.0001677497202763334,macro
NOR_10Y,5,LORO_COVID,COVID,loro,be10y_level,shap_mean_abs,0.0,macro
NOR_10Y,5,LORO_COVID,COVID,loro,be_slope,shap_mean_abs,0.0,macro
NOR_10Y,5,LORO_COVID,COVID,loro,be5y_chg_1m,shap_mean_abs,0.0,macro
NOR_10Y,5,LORO_COVID,COVID,loro,ig_spread,shap_mean_abs,0.0,credit
NOR_10Y,5,LORO_COVID,COVID,loro,hy_spread,shap_mean_abs,0.0,credit
NOR_10Y,5,LORO_COVID,COVID,loro,ig_chg_1m,shap_mean_abs,0.0,credit
NOR_10Y,5,LORO_COVID,COVID,loro,hy_chg_1m,shap_mean_abs,0.0,credit
NOR_10Y,5,LORO_COVID,COVID,loro,cpi_yoy,shap_mean_abs,0.0,macro
NOR_10Y,5,LORO_COVID,COVID,loro,pce_core_chg,shap_mean_abs,0.00047719269059598446,macro
NOR_10Y,5,LORO_COVID,COVID,loro,nfp_change,shap_mean_abs,0.01617993228137493,macro
NOR_10Y,5,LORO_COVID,COVID,loro,pmi_us,shap_mean_abs,0.00036385576822794974,macro
NOR_10Y,5,LORO_COVID,COVID,loro,pmi_eur,shap_mean_abs,0.0006041732849553227,macro
NOR_10Y,5,LORO_COVID,COVID,loro,unemp_eur,shap_mean_abs,0.0,macro
NOR_10Y,5,LORO_COVID,COVID,loro,cpi_nsa_level,shap_mean_abs,0.0,macro
NOR_10Y,5,LORO_COVID,COVID,loro,pce_core_level,shap_mean_abs,0.0,macro
NOR_10Y,5,LORO_COVID,COVID,loro,eur_3m,shap_mean_abs,2.4027232939261012e-05,macro
NOR_10Y,5,LORO_COVID,COVID,loro,eur_1w,shap_mean_abs,0.0001547142892377451,macro
NOR_10Y,5,LORO_COVID,COVID,loro,nor_ibor_1m,shap_mean_abs,0.0,norway
NOR_10Y,5,LORO_COVID,COVID,loro,nor_ibor_6m,shap_mean_abs,0.0003262605459894985,norway
NOR_10Y,5,LORO_COVID,COVID,loro,nor_ecb_dfr_chg,shap_mean_abs,0.0,norway
NOR_10Y,5,LORO_COVID,COVID,loro,nor_ecb_dfr_level,shap_mean_abs,0.0,norway
NOR_10Y,5,LORO_COVID,COVID,loro,nor_eurnok_chg_1d,shap_mean_abs,1.1114635526610073e-05,norway
NOR_10Y,5,LORO_COVID,COVID,loro,nor_eurnok_level,shap_mean_abs,2.8915557777509093e-05,norway
NOR_10Y,5,LORO_COVID,COVID,loro,nor_eurnok_mom_1m,shap_mean_abs,0.00011631775123532861,norway
NOR_10Y,5,LORO_COVID,COVID,loro,nor_eurnok_mom_3m,shap_mean_abs,0.000278956547845155,norway
NOR_10Y,5,LORO_COVID,COVID,loro,nor_eurnok_rvol_20d,shap_mean_abs,0.001104104914702475,norway
NOR_10Y,5,LORO_COVID,COVID,loro,nor_govt_10y,shap_mean_abs,0.00019630149472504854,norway
NOR_10Y,5,LORO_COVID,COVID,loro,nor_govt_3y,shap_mean_abs,0.0009703281102702022,norway
NOR_10Y,5,LORO_COVID,COVID,loro,nor_govt_5y,shap_mean_abs,0.0006223861710168421,norway
NOR_10Y,5,LORO_COVID,COVID,loro,nor_i44_chg_1d,shap_mean_abs,0.0003187654074281454,norway
NOR_10Y,5,LORO_COVID,COVID,loro,nor_i44_level,shap_mean_abs,0.0,norway
NOR_10Y,5,LORO_COVID,COVID,loro,nor_i44_mom_1m,shap_mean_abs,0.00022704526782035828,norway
NOR_10Y,5,LORO_COVID,COVID,loro,nor_i44_mom_3m,shap_mean_abs,0.00015372781490441412,norway
NOR_10Y,5,LORO_COVID,COVID,loro,nor_i44_rvol_20d,shap_mean_abs,0.00028963727527298033,norway
NOR_10Y,5,LORO_COVID,COVID,loro,nor_kpi_yoy,shap_mean_abs,7.004394865361974e-05,norway
NOR_10Y,5,LORO_COVID,COVID,loro,nor_kpijae_yoy,shap_mean_abs,2.6430204798089107e-06,norway
NOR_10Y,5,LORO_COVID,COVID,loro,nor_nibor_nowa_spread,shap_mean_abs,6.833424413343892e-05,norway
NOR_10Y,5,LORO_COVID,COVID,loro,nor_nowa_level,shap_mean_abs,0.0,norway
NOR_10Y,5,LORO_COVID,COVID,loro,nor_polrate_chg_1d,shap_mean_abs,0.0,norway
NOR_10Y,5,LORO_COVID,COVID,loro,nor_polrate_days_since_chg,shap_mean_abs,0.00038804038194939494,norway
NOR_10Y,5,LORO_COVID,COVID,loro,nor_polrate_level,shap_mean_abs,0.0,norway
NOR_10Y,5,LORO_COVID,COVID,loro,nor_rb_rate_chg,shap_mean_abs,0.0,norway
NOR_10Y,5,LORO_COVID,COVID,loro,nor_rb_rate_level,shap_mean_abs,0.0,norway
NOR_10Y,5,LORO_COVID,COVID,loro,nor_unemp,shap_mean_abs,0.0,norway
NOR_10Y,5,LORO_COVID,COVID,loro,nor_usdnok_chg_1d,shap_mean_abs,0.0,norway
NOR_10Y,5,LORO_COVID,COVID,loro,nor_usdnok_level,shap_mean_abs,0.00018299739167559892,norway
NOR_10Y,5,LORO_COVID,COVID,loro,nor_usdnok_mom_1m,shap_mean_abs,0.00014067473239265382,norway
NOR_10Y,5,LORO_COVID,COVID,loro,nor_usdnok_mom_3m,shap_mean_abs,0.0006060684099793434,norway
NOR_10Y,5,LORO_COVID,COVID,loro,nor_usdnok_rvol_20d,shap_mean_abs,0.00036287796683609486,norway
NOR_10Y,5,LORO_COVID,COVID,loro,swap_govt_spread,shap_mean_abs,0.0,norway
NOR_10Y,5,LORO_COVID,COVID,loro,xmpca_01,shap_mean_abs,0.0,cross_market
NOR_10Y,5,LORO_COVID,COVID,loro,xmpca_02,shap_mean_abs,0.00012088482617400587,cross_market
NOR_10Y,5,LORO_COVID,COVID,loro,xmpca_03,shap_mean_abs,0.0008648584480397403,cross_market
NOR_10Y,5,LORO_COVID,COVID,loro,xmpca_04,shap_mean_abs,0.0,cross_market
NOR_10Y,5,LORO_COVID,COVID,loro,xmpca_05,shap_mean_abs,9.080897143576294e-05,cross_market
NOR_10Y,5,LORO_COVID,COVID,loro,xmpca_06,shap_mean_abs,0.0003645717806648463,cross_market
NOR_10Y,5,LORO_COVID,COVID,loro,xmpca_07,shap_mean_abs,4.8113517550518736e-05,cross_market
NOR_10Y,5,LORO_COVID,COVID,loro,xmpca_08,shap_mean_abs,0.0003348103491589427,cross_market
NOR_10Y,5,LORO_COVID,COVID,loro,xmpca_09,shap_mean_abs,0.00013206010044086725,cross_market
NOR_10Y,5,LORO_COVID,COVID,loro,xmpca_10,shap_mean_abs,0.0005456196959130466,cross_market
NOR_10Y,5,LORO_COVID,COVID,loro,xmpca_11,shap_mean_abs,5.8337394875707105e-05,cross_market
NOR_10Y,5,LORO_COVID,COVID,loro,xmpca_12,shap_mean_abs,3.663705865619704e-05,cross_market
NOR_10Y,5,LORO_Hiking,Hiking,loro,chg_lag1,gain,0.042574796825647354,momentum
NOR_10Y,5,LORO_Hiking,Hiking,loro,chg_lag2,gain,0.048089757561683655,momentum
NOR_10Y,5,LORO_Hiking,Hiking,loro,chg_lag3,gain,0.05174196511507034,momentum
NOR_10Y,5,LORO_Hiking,Hiking,loro,chg_lag4,gain,0.0,momentum
NOR_10Y,5,LORO_Hiking,Hiking,loro,chg_lag5,gain,0.0,momentum
NOR_10Y,5,LORO_Hiking,Hiking,loro,carry_roll,gain,0.0,carry_roll
NOR_10Y,5,LORO_Hiking,Hiking,loro,mom_63d,gain,0.0,momentum
NOR_10Y,5,LORO_Hiking,Hiking,loro,mom_1m,gain,0.0697483941912651,momentum
NOR_10Y,5,LORO_Hiking,Hiking,loro,mom_3m,gain,0.04558563232421875,momentum
NOR_10Y,5,LORO_Hiking,Hiking,loro,mom_6m,gain,0.04196834936738014,momentum
NOR_10Y,5,LORO_Hiking,Hiking,loro,mom_12m,gain,0.06335336714982986,momentum
NOR_10Y,5,LORO_Hiking,Hiking,loro,dev_ma_3m,gain,0.04165080189704895,curve
NOR_10Y,5,LORO_Hiking,Hiking,loro,dev_ma_12m,gain,0.0710562989115715,curve
NOR_10Y,5,LORO_Hiking,Hiking,loro,vol_20d,gain,0.053173452615737915,vol
NOR_10Y,5,LORO_Hiking,Hiking,loro,vol_regime,gain,0.0,vol
NOR_10Y,5,LORO_Hiking,Hiking,loro,vol_zscore,gain,0.007246775086969137,vol
NOR_10Y,5,LORO_Hiking,Hiking,loro,level_zscore,gain,0.07006753981113434,curve
NOR_10Y,5,LORO_Hiking,Hiking,loro,slope_10_1,gain,0.05948300287127495,curve
NOR_10Y,5,LORO_Hiking,Hiking,loro,slope_10_5,gain,0.0,curve
NOR_10Y,5,LORO_Hiking,Hiking,loro,slope_5_1,gain,0.06901213526725769,curve
NOR_10Y,5,LORO_Hiking,Hiking,loro,sofr_mom_1m,gain,0.05894821882247925,macro
NOR_10Y,5,LORO_Hiking,Hiking,loro,ibor_level,gain,0.0,macro
NOR_10Y,5,LORO_Hiking,Hiking,loro,ibor_chg_1d,gain,0.09786469489336014,macro
NOR_10Y,5,LORO_Hiking,Hiking,loro,ibor_mom_1m,gain,0.08981478214263916,macro
NOR_10Y,5,LORO_Hiking,Hiking,loro,ibor_term_slope,gain,0.05793718621134758,macro
NOR_10Y,5,LORO_Hiking,Hiking,loro,swap_ibor_basis,gain,0.03972954303026199,curve
NOR_10Y,5,LORO_Hiking,Hiking,loro,move_level,gain,0.0,vol
NOR_10Y,5,LORO_Hiking,Hiking,loro,move_zscore,gain,0.034576673060655594,vol
NOR_10Y,5,LORO_Hiking,Hiking,loro,vix_level,gain,0.0,vol
NOR_10Y,5,LORO_Hiking,Hiking,loro,vix_zscore,gain,0.0,vol
NOR_10Y,5,LORO_Hiking,Hiking,loro,v2x_level,gain,0.06482070684432983,vol
NOR_10Y,5,LORO_Hiking,Hiking,loro,vxn_level,gain,0.06674831360578537,vol
NOR_10Y,5,LORO_Hiking,Hiking,loro,ovx_level,gain,0.049054235219955444,vol
NOR_10Y,5,LORO_Hiking,Hiking,loro,gvz_level,gain,0.061025239527225494,vol
NOR_10Y,5,LORO_Hiking,Hiking,loro,spx_mom_1m,gain,0.05188390612602234,macro
NOR_10Y,5,LORO_Hiking,Hiking,loro,spx_mom_3m,gain,0.06645031273365021,macro
NOR_10Y,5,LORO_Hiking,Hiking,loro,sx5e_mom_1m,gain,0.03933849558234215,macro
NOR_10Y,5,LORO_Hiking,Hiking,loro,sx5e_mom_3m,gain,0.0,macro
NOR_10Y,5,LORO_Hiking,Hiking,loro,mxwo_mom_1m,gain,0.0602884478867054,macro
NOR_10Y,5,LORO_Hiking,Hiking,loro,ndx_mom_1m,gain,0.0,macro
NOR_10Y,5,LORO_Hiking,Hiking,loro,oil_mom_1m,gain,0.05258774757385254,macro
NOR_10Y,5,LORO_Hiking,Hiking,loro,oil_mom_3m,gain,0.06385716050863266,macro
NOR_10Y,5,LORO_Hiking,Hiking,loro,copper_mom_1m,gain,0.03527483344078064,macro
NOR_10Y,5,LORO_Hiking,Hiking,loro,opec_prod,gain,0.0,macro
NOR_10Y,5,LORO_Hiking,Hiking,loro,natgas_mom_1m,gain,0.0,macro
NOR_10Y,5,LORO_Hiking,Hiking,loro,be5y_level,gain,0.0,macro
NOR_10Y,5,LORO_Hiking,Hiking,loro,be10y_level,gain,0.0,macro
NOR_10Y,5,LORO_Hiking,Hiking,loro,be_slope,gain,0.0,macro
NOR_10Y,5,LORO_Hiking,Hiking,loro,be5y_chg_1m,gain,0.0,macro
NOR_10Y,5,LORO_Hiking,Hiking,loro,ig_spread,gain,0.0,credit
NOR_10Y,5,LORO_Hiking,Hiking,loro,hy_spread,gain,0.0,credit
NOR_10Y,5,LORO_Hiking,Hiking,loro,ig_chg_1m,gain,0.0,credit
NOR_10Y,5,LORO_Hiking,Hiking,loro,hy_chg_1m,gain,0.0,credit
NOR_10Y,5,LORO_Hiking,Hiking,loro,cpi_yoy,gain,0.06393525749444962,macro
NOR_10Y,5,LORO_Hiking,Hiking,loro,pce_core_chg,gain,0.0,macro
NOR_10Y,5,LORO_Hiking,Hiking,loro,nfp_change,gain,0.0,macro
NOR_10Y,5,LORO_Hiking,Hiking,loro,pmi_us,gain,0.0,macro
NOR_10Y,5,LORO_Hiking,Hiking,loro,pmi_eur,gain,0.0,macro
NOR_10Y,5,LORO_Hiking,Hiking,loro,unemp_eur,gain,0.0,macro
NOR_10Y,5,LORO_Hiking,Hiking,loro,cpi_nsa_level,gain,0.0,macro
NOR_10Y,5,LORO_Hiking,Hiking,loro,pce_core_level,gain,0.0,macro
NOR_10Y,5,LORO_Hiking,Hiking,loro,eur_3m,gain,0.0,macro
NOR_10Y,5,LORO_Hiking,Hiking,loro,eur_1w,gain,0.0,macro
NOR_10Y,5,LORO_Hiking,Hiking,loro,nor_ibor_1m,gain,0.058634672313928604,norway
NOR_10Y,5,LORO_Hiking,Hiking,loro,nor_ibor_6m,gain,0.0,norway
NOR_10Y,5,LORO_Hiking,Hiking,loro,nor_ecb_dfr_chg,gain,0.0,norway
NOR_10Y,5,LORO_Hiking,Hiking,loro,nor_ecb_dfr_level,gain,0.0,norway
NOR_10Y,5,LORO_Hiking,Hiking,loro,nor_eurnok_chg_1d,gain,0.0487753301858902,norway
NOR_10Y,5,LORO_Hiking,Hiking,loro,nor_eurnok_level,gain,0.0,norway
NOR_10Y,5,LORO_Hiking,Hiking,loro,nor_eurnok_mom_1m,gain,0.08640296757221222,norway
NOR_10Y,5,LORO_Hiking,Hiking,loro,nor_eurnok_mom_3m,gain,0.037581320852041245,norway
NOR_10Y,5,LORO_Hiking,Hiking,loro,nor_eurnok_rvol_20d,gain,0.045779671519994736,norway
NOR_10Y,5,LORO_Hiking,Hiking,loro,nor_govt_10y,gain,0.0,norway
NOR_10Y,5,LORO_Hiking,Hiking,loro,nor_govt_3y,gain,0.035819392651319504,norway
NOR_10Y,5,LORO_Hiking,Hiking,loro,nor_govt_5y,gain,0.032993756234645844,norway
NOR_10Y,5,LORO_Hiking,Hiking,loro,nor_i44_chg_1d,gain,0.038643620908260345,norway
NOR_10Y,5,LORO_Hiking,Hiking,loro,nor_i44_level,gain,0.0,norway
NOR_10Y,5,LORO_Hiking,Hiking,loro,nor_i44_mom_1m,gain,0.0,norway
NOR_10Y,5,LORO_Hiking,Hiking,loro,nor_i44_mom_3m,gain,0.03663286566734314,norway
NOR_10Y,5,LORO_Hiking,Hiking,loro,nor_i44_rvol_20d,gain,0.03018210455775261,norway
NOR_10Y,5,LORO_Hiking,Hiking,loro,nor_kpi_yoy,gain,0.0,norway
NOR_10Y,5,LORO_Hiking,Hiking,loro,nor_kpijae_yoy,gain,0.07407745718955994,norway
NOR_10Y,5,LORO_Hiking,Hiking,loro,nor_nibor_nowa_spread,gain,0.0,norway
NOR_10Y,5,LORO_Hiking,Hiking,loro,nor_nowa_level,gain,0.0,norway
NOR_10Y,5,LORO_Hiking,Hiking,loro,nor_polrate_chg_1d,gain,0.0,norway
NOR_10Y,5,LORO_Hiking,Hiking,loro,nor_polrate_days_since_chg,gain,0.0766259953379631,norway
NOR_10Y,5,LORO_Hiking,Hiking,loro,nor_polrate_level,gain,0.0,norway
NOR_10Y,5,LORO_Hiking,Hiking,loro,nor_rb_rate_chg,gain,0.0,norway
NOR_10Y,5,LORO_Hiking,Hiking,loro,nor_rb_rate_level,gain,0.0,norway
NOR_10Y,5,LORO_Hiking,Hiking,loro,nor_unemp,gain,0.0,norway
NOR_10Y,5,LORO_Hiking,Hiking,loro,nor_usdnok_chg_1d,gain,0.0,norway
NOR_10Y,5,LORO_Hiking,Hiking,loro,nor_usdnok_level,gain,0.06578965485095978,norway
NOR_10Y,5,LORO_Hiking,Hiking,loro,nor_usdnok_mom_1m,gain,0.012664755806326866,norway
NOR_10Y,5,LORO_Hiking,Hiking,loro,nor_usdnok_mom_3m,gain,0.09543877840042114,norway
NOR_10Y,5,LORO_Hiking,Hiking,loro,nor_usdnok_rvol_20d,gain,0.0,norway
NOR_10Y,5,LORO_Hiking,Hiking,loro,swap_govt_spread,gain,0.0,norway
NOR_10Y,5,LORO_Hiking,Hiking,loro,xmpca_01,gain,0.0,cross_market
NOR_10Y,5,LORO_Hiking,Hiking,loro,xmpca_02,gain,0.03317499905824661,cross_market
NOR_10Y,5,LORO_Hiking,Hiking,loro,xmpca_03,gain,0.0,cross_market
NOR_10Y,5,LORO_Hiking,Hiking,loro,xmpca_04,gain,0.0,cross_market
NOR_10Y,5,LORO_Hiking,Hiking,loro,xmpca_05,gain,0.07325601577758789,cross_market
NOR_10Y,5,LORO_Hiking,Hiking,loro,xmpca_06,gain,0.0,cross_market
NOR_10Y,5,LORO_Hiking,Hiking,loro,xmpca_07,gain,0.0,cross_market
NOR_10Y,5,LORO_Hiking,Hiking,loro,xmpca_08,gain,0.07105286419391632,cross_market
NOR_10Y,5,LORO_Hiking,Hiking,loro,xmpca_09,gain,0.019975833594799042,cross_market
NOR_10Y,5,LORO_Hiking,Hiking,loro,xmpca_10,gain,0.028296712785959244,cross_market
NOR_10Y,5,LORO_Hiking,Hiking,loro,xmpca_11,gain,0.0,cross_market
NOR_10Y,5,LORO_Hiking,Hiking,loro,xmpca_12,gain,0.0,cross_market
NOR_10Y,5,LORO_Hiking,Hiking,loro,chg_lag1,weight,1.0,momentum
NOR_10Y,5,LORO_Hiking,Hiking,loro,chg_lag2,weight,1.0,momentum
NOR_10Y,5,LORO_Hiking,Hiking,loro,chg_lag3,weight,2.0,momentum
NOR_10Y,5,LORO_Hiking,Hiking,loro,chg_lag4,weight,0.0,momentum
NOR_10Y,5,LORO_Hiking,Hiking,loro,chg_lag5,weight,0.0,momentum
NOR_10Y,5,LORO_Hiking,Hiking,loro,carry_roll,weight,0.0,carry_roll
NOR_10Y,5,LORO_Hiking,Hiking,loro,mom_63d,weight,0.0,momentum
NOR_10Y,5,LORO_Hiking,Hiking,loro,mom_1m,weight,6.0,momentum
NOR_10Y,5,LORO_Hiking,Hiking,loro,mom_3m,weight,3.0,momentum
NOR_10Y,5,LORO_Hiking,Hiking,loro,mom_6m,weight,1.0,momentum
NOR_10Y,5,LORO_Hiking,Hiking,loro,mom_12m,weight,2.0,momentum
NOR_10Y,5,LORO_Hiking,Hiking,loro,dev_ma_3m,weight,1.0,curve
NOR_10Y,5,LORO_Hiking,Hiking,loro,dev_ma_12m,weight,8.0,curve
NOR_10Y,5,LORO_Hiking,Hiking,loro,vol_20d,weight,3.0,vol
NOR_10Y,5,LORO_Hiking,Hiking,loro,vol_regime,weight,0.0,vol
NOR_10Y,5,LORO_Hiking,Hiking,loro,vol_zscore,weight,1.0,vol
NOR_10Y,5,LORO_Hiking,Hiking,loro,level_zscore,weight,5.0,curve
NOR_10Y,5,LORO_Hiking,Hiking,loro,slope_10_1,weight,5.0,curve
NOR_10Y,5,LORO_Hiking,Hiking,loro,slope_10_5,weight,0.0,curve
NOR_10Y,5,LORO_Hiking,Hiking,loro,slope_5_1,weight,1.0,curve
NOR_10Y,5,LORO_Hiking,Hiking,loro,sofr_mom_1m,weight,8.0,macro
NOR_10Y,5,LORO_Hiking,Hiking,loro,ibor_level,weight,0.0,macro
NOR_10Y,5,LORO_Hiking,Hiking,loro,ibor_chg_1d,weight,6.0,macro
NOR_10Y,5,LORO_Hiking,Hiking,loro,ibor_mom_1m,weight,3.0,macro
NOR_10Y,5,LORO_Hiking,Hiking,loro,ibor_term_slope,weight,3.0,macro
NOR_10Y,5,LORO_Hiking,Hiking,loro,swap_ibor_basis,weight,2.0,curve
NOR_10Y,5,LORO_Hiking,Hiking,loro,move_level,weight,0.0,vol
NOR_10Y,5,LORO_Hiking,Hiking,loro,move_zscore,weight,1.0,vol
NOR_10Y,5,LORO_Hiking,Hiking,loro,vix_level,weight,0.0,vol
NOR_10Y,5,LORO_Hiking,Hiking,loro,vix_zscore,weight,0.0,vol
NOR_10Y,5,LORO_Hiking,Hiking,loro,v2x_level,weight,1.0,vol
NOR_10Y,5,LORO_Hiking,Hiking,loro,vxn_level,weight,1.0,vol
NOR_10Y,5,LORO_Hiking,Hiking,loro,ovx_level,weight,2.0,vol
NOR_10Y,5,LORO_Hiking,Hiking,loro,gvz_level,weight,2.0,vol
NOR_10Y,5,LORO_Hiking,Hiking,loro,spx_mom_1m,weight,4.0,macro
NOR_10Y,5,LORO_Hiking,Hiking,loro,spx_mom_3m,weight,1.0,macro
NOR_10Y,5,LORO_Hiking,Hiking,loro,sx5e_mom_1m,weight,3.0,macro
NOR_10Y,5,LORO_Hiking,Hiking,loro,sx5e_mom_3m,weight,0.0,macro
NOR_10Y,5,LORO_Hiking,Hiking,loro,mxwo_mom_1m,weight,3.0,macro
NOR_10Y,5,LORO_Hiking,Hiking,loro,ndx_mom_1m,weight,0.0,macro
NOR_10Y,5,LORO_Hiking,Hiking,loro,oil_mom_1m,weight,5.0,macro
NOR_10Y,5,LORO_Hiking,Hiking,loro,oil_mom_3m,weight,4.0,macro
NOR_10Y,5,LORO_Hiking,Hiking,loro,copper_mom_1m,weight,2.0,macro
NOR_10Y,5,LORO_Hiking,Hiking,loro,opec_prod,weight,0.0,macro
NOR_10Y,5,LORO_Hiking,Hiking,loro,natgas_mom_1m,weight,0.0,macro
NOR_10Y,5,LORO_Hiking,Hiking,loro,be5y_level,weight,0.0,macro
NOR_10Y,5,LORO_Hiking,Hiking,loro,be10y_level,weight,0.0,macro
NOR_10Y,5,LORO_Hiking,Hiking,loro,be_slope,weight,0.0,macro
NOR_10Y,5,LORO_Hiking,Hiking,loro,be5y_chg_1m,weight,0.0,macro
NOR_10Y,5,LORO_Hiking,Hiking,loro,ig_spread,weight,0.0,credit
NOR_10Y,5,LORO_Hiking,Hiking,loro,hy_spread,weight,0.0,credit
NOR_10Y,5,LORO_Hiking,Hiking,loro,ig_chg_1m,weight,0.0,credit
NOR_10Y,5,LORO_Hiking,Hiking,loro,hy_chg_1m,weight,0.0,credit
NOR_10Y,5,LORO_Hiking,Hiking,loro,cpi_yoy,weight,1.0,macro
NOR_10Y,5,LORO_Hiking,Hiking,loro,pce_core_chg,weight,0.0,macro
NOR_10Y,5,LORO_Hiking,Hiking,loro,nfp_change,weight,0.0,macro
NOR_10Y,5,LORO_Hiking,Hiking,loro,pmi_us,weight,0.0,macro
NOR_10Y,5,LORO_Hiking,Hiking,loro,pmi_eur,weight,0.0,macro
NOR_10Y,5,LORO_Hiking,Hiking,loro,unemp_eur,weight,0.0,macro
NOR_10Y,5,LORO_Hiking,Hiking,loro,cpi_nsa_level,weight,0.0,macro
NOR_10Y,5,LORO_Hiking,Hiking,loro,pce_core_level,weight,0.0,macro
NOR_10Y,5,LORO_Hiking,Hiking,loro,eur_3m,weight,0.0,macro
NOR_10Y,5,LORO_Hiking,Hiking,loro,eur_1w,weight,0.0,macro
NOR_10Y,5,LORO_Hiking,Hiking,loro,nor_ibor_1m,weight,1.0,norway
NOR_10Y,5,LORO_Hiking,Hiking,loro,nor_ibor_6m,weight,0.0,norway
NOR_10Y,5,LORO_Hiking,Hiking,loro,nor_ecb_dfr_chg,weight,0.0,norway
NOR_10Y,5,LORO_Hiking,Hiking,loro,nor_ecb_dfr_level,weight,0.0,norway
NOR_10Y,5,LORO_Hiking,Hiking,loro,nor_eurnok_chg_1d,weight,1.0,norway
NOR_10Y,5,LORO_Hiking,Hiking,loro,nor_eurnok_level,weight,0.0,norway
NOR_10Y,5,LORO_Hiking,Hiking,loro,nor_eurnok_mom_1m,weight,2.0,norway
NOR_10Y,5,LORO_Hiking,Hiking,loro,nor_eurnok_mom_3m,weight,1.0,norway
NOR_10Y,5,LORO_Hiking,Hiking,loro,nor_eurnok_rvol_20d,weight,3.0,norway
NOR_10Y,5,LORO_Hiking,Hiking,loro,nor_govt_10y,weight,0.0,norway
NOR_10Y,5,LORO_Hiking,Hiking,loro,nor_govt_3y,weight,1.0,norway
NOR_10Y,5,LORO_Hiking,Hiking,loro,nor_govt_5y,weight,1.0,norway
NOR_10Y,5,LORO_Hiking,Hiking,loro,nor_i44_chg_1d,weight,1.0,norway
NOR_10Y,5,LORO_Hiking,Hiking,loro,nor_i44_level,weight,0.0,norway
NOR_10Y,5,LORO_Hiking,Hiking,loro,nor_i44_mom_1m,weight,0.0,norway
NOR_10Y,5,LORO_Hiking,Hiking,loro,nor_i44_mom_3m,weight,2.0,norway
NOR_10Y,5,LORO_Hiking,Hiking,loro,nor_i44_rvol_20d,weight,1.0,norway
NOR_10Y,5,LORO_Hiking,Hiking,loro,nor_kpi_yoy,weight,0.0,norway
NOR_10Y,5,LORO_Hiking,Hiking,loro,nor_kpijae_yoy,weight,2.0,norway
NOR_10Y,5,LORO_Hiking,Hiking,loro,nor_nibor_nowa_spread,weight,0.0,norway
NOR_10Y,5,LORO_Hiking,Hiking,loro,nor_nowa_level,weight,0.0,norway
NOR_10Y,5,LORO_Hiking,Hiking,loro,nor_polrate_chg_1d,weight,0.0,norway
NOR_10Y,5,LORO_Hiking,Hiking,loro,nor_polrate_days_since_chg,weight,1.0,norway
NOR_10Y,5,LORO_Hiking,Hiking,loro,nor_polrate_level,weight,0.0,norway
NOR_10Y,5,LORO_Hiking,Hiking,loro,nor_rb_rate_chg,weight,0.0,norway
NOR_10Y,5,LORO_Hiking,Hiking,loro,nor_rb_rate_level,weight,0.0,norway
NOR_10Y,5,LORO_Hiking,Hiking,loro,nor_unemp,weight,0.0,norway
NOR_10Y,5,LORO_Hiking,Hiking,loro,nor_usdnok_chg_1d,weight,0.0,norway
NOR_10Y,5,LORO_Hiking,Hiking,loro,nor_usdnok_level,weight,2.0,norway
NOR_10Y,5,LORO_Hiking,Hiking,loro,nor_usdnok_mom_1m,weight,2.0,norway
NOR_10Y,5,LORO_Hiking,Hiking,loro,nor_usdnok_mom_3m,weight,8.0,norway
NOR_10Y,5,LORO_Hiking,Hiking,loro,nor_usdnok_rvol_20d,weight,0.0,norway
NOR_10Y,5,LORO_Hiking,Hiking,loro,swap_govt_spread,weight,0.0,norway
NOR_10Y,5,LORO_Hiking,Hiking,loro,xmpca_01,weight,0.0,cross_market
NOR_10Y,5,LORO_Hiking,Hiking,loro,xmpca_02,weight,2.0,cross_market
NOR_10Y,5,LORO_Hiking,Hiking,loro,xmpca_03,weight,0.0,cross_market
NOR_10Y,5,LORO_Hiking,Hiking,loro,xmpca_04,weight,0.0,cross_market
NOR_10Y,5,LORO_Hiking,Hiking,loro,xmpca_05,weight,1.0,cross_market
NOR_10Y,5,LORO_Hiking,Hiking,loro,xmpca_06,weight,0.0,cross_market
NOR_10Y,5,LORO_Hiking,Hiking,loro,xmpca_07,weight,0.0,cross_market
NOR_10Y,5,LORO_Hiking,Hiking,loro,xmpca_08,weight,1.0,cross_market
NOR_10Y,5,LORO_Hiking,Hiking,loro,xmpca_09,weight,1.0,cross_market
NOR_10Y,5,LORO_Hiking,Hiking,loro,xmpca_10,weight,1.0,cross_market
NOR_10Y,5,LORO_Hiking,Hiking,loro,xmpca_11,weight,0.0,cross_market
NOR_10Y,5,LORO_Hiking,Hiking,loro,xmpca_12,weight,0.0,cross_market
NOR_10Y,5,LORO_Hiking,Hiking,loro,chg_lag1,cover,1399.0,momentum
NOR_10Y,5,LORO_Hiking,Hiking,loro,chg_lag2,cover,14.0,momentum
NOR_10Y,5,LORO_Hiking,Hiking,loro,chg_lag3,cover,32.5,momentum
NOR_10Y,5,LORO_Hiking,Hiking,loro,chg_lag4,cover,0.0,momentum
NOR_10Y,5,LORO_Hiking,Hiking,loro,chg_lag5,cover,0.0,momentum
NOR_10Y,5,LORO_Hiking,Hiking,loro,carry_roll,cover,0.0,carry_roll
NOR_10Y,5,LORO_Hiking,Hiking,loro,mom_63d,cover,0.0,momentum
NOR_10Y,5,LORO_Hiking,Hiking,loro,mom_1m,cover,1697.8333740234375,momentum
NOR_10Y,5,LORO_Hiking,Hiking,loro,mom_3m,cover,972.0,momentum
NOR_10Y,5,LORO_Hiking,Hiking,loro,mom_6m,cover,1821.0,momentum
NOR_10Y,5,LORO_Hiking,Hiking,loro,mom_12m,cover,1360.0,momentum
NOR_10Y,5,LORO_Hiking,Hiking,loro,dev_ma_3m,cover,53.0,curve
NOR_10Y,5,LORO_Hiking,Hiking,loro,dev_ma_12m,cover,1891.625,curve
NOR_10Y,5,LORO_Hiking,Hiking,loro,vol_20d,cover,1569.6666259765625,vol
NOR_10Y,5,LORO_Hiking,Hiking,loro,vol_regime,cover,0.0,vol
NOR_10Y,5,LORO_Hiking,Hiking,loro,vol_zscore,cover,20.0,vol
NOR_10Y,5,LORO_Hiking,Hiking,loro,level_zscore,cover,1371.4000244140625,curve
NOR_10Y,5,LORO_Hiking,Hiking,loro,slope_10_1,cover,1181.199951171875,curve
NOR_10Y,5,LORO_Hiking,Hiking,loro,slope_10_5,cover,0.0,curve
NOR_10Y,5,LORO_Hiking,Hiking,loro,slope_5_1,cover,490.0,curve
NOR_10Y,5,LORO_Hiking,Hiking,loro,sofr_mom_1m,cover,1455.25,macro
NOR_10Y,5,LORO_Hiking,Hiking,loro,ibor_level,cover,0.0,macro
NOR_10Y,5,LORO_Hiking,Hiking,loro,ibor_chg_1d,cover,1300.8333740234375,macro
NOR_10Y,5,LORO_Hiking,Hiking,loro,ibor_mom_1m,cover,1870.0,macro
NOR_10Y,5,LORO_Hiking,Hiking,loro,ibor_term_slope,cover,674.6666870117188,macro
NOR_10Y,5,LORO_Hiking,Hiking,loro,swap_ibor_basis,cover,18.5,curve
NOR_10Y,5,LORO_Hiking,Hiking,loro,move_level,cover,0.0,vol
NOR_10Y,5,LORO_Hiking,Hiking,loro,move_zscore,cover,96.0,vol
NOR_10Y,5,LORO_Hiking,Hiking,loro,vix_level,cover,0.0,vol
NOR_10Y,5,LORO_Hiking,Hiking,loro,vix_zscore,cover,0.0,vol
NOR_10Y,5,LORO_Hiking,Hiking,loro,v2x_level,cover,54.0,vol
NOR_10Y,5,LORO_Hiking,Hiking,loro,vxn_level,cover,48.0,vol
NOR_10Y,5,LORO_Hiking,Hiking,loro,ovx_level,cover,976.0,vol
NOR_10Y,5,LORO_Hiking,Hiking,loro,gvz_level,cover,985.5,vol
NOR_10Y,5,LORO_Hiking,Hiking,loro,spx_mom_1m,cover,1214.0,macro
NOR_10Y,5,LORO_Hiking,Hiking,loro,spx_mom_3m,cover,837.0,macro
NOR_10Y,5,LORO_Hiking,Hiking,loro,sx5e_mom_1m,cover,743.3333129882812,macro
NOR_10Y,5,LORO_Hiking,Hiking,loro,sx5e_mom_3m,cover,0.0,macro
NOR_10Y,5,LORO_Hiking,Hiking,loro,mxwo_mom_1m,cover,1403.6666259765625,macro
NOR_10Y,5,LORO_Hiking,Hiking,loro,ndx_mom_1m,cover,0.0,macro
NOR_10Y,5,LORO_Hiking,Hiking,loro,oil_mom_1m,cover,1509.4000244140625,macro
NOR_10Y,5,LORO_Hiking,Hiking,loro,oil_mom_3m,cover,1443.25,macro
NOR_10Y,5,LORO_Hiking,Hiking,loro,copper_mom_1m,cover,1056.0,macro
NOR_10Y,5,LORO_Hiking,Hiking,loro,opec_prod,cover,0.0,macro
NOR_10Y,5,LORO_Hiking,Hiking,loro,natgas_mom_1m,cover,0.0,macro
NOR_10Y,5,LORO_Hiking,Hiking,loro,be5y_level,cover,0.0,macro
NOR_10Y,5,LORO_Hiking,Hiking,loro,be10y_level,cover,0.0,macro
NOR_10Y,5,LORO_Hiking,Hiking,loro,be_slope,cover,0.0,macro
NOR_10Y,5,LORO_Hiking,Hiking,loro,be5y_chg_1m,cover,0.0,macro
NOR_10Y,5,LORO_Hiking,Hiking,loro,ig_spread,cover,0.0,credit
NOR_10Y,5,LORO_Hiking,Hiking,loro,hy_spread,cover,0.0,credit
NOR_10Y,5,LORO_Hiking,Hiking,loro,ig_chg_1m,cover,0.0,credit
NOR_10Y,5,LORO_Hiking,Hiking,loro,hy_chg_1m,cover,0.0,credit
NOR_10Y,5,LORO_Hiking,Hiking,loro,cpi_yoy,cover,853.0,macro
NOR_10Y,5,LORO_Hiking,Hiking,loro,pce_core_chg,cover,0.0,macro
NOR_10Y,5,LORO_Hiking,Hiking,loro,nfp_change,cover,0.0,macro
NOR_10Y,5,LORO_Hiking,Hiking,loro,pmi_us,cover,0.0,macro
NOR_10Y,5,LORO_Hiking,Hiking,loro,pmi_eur,cover,0.0,macro
NOR_10Y,5,LORO_Hiking,Hiking,loro,unemp_eur,cover,0.0,macro
NOR_10Y,5,LORO_Hiking,Hiking,loro,cpi_nsa_level,cover,0.0,macro
NOR_10Y,5,LORO_Hiking,Hiking,loro,pce_core_level,cover,0.0,macro
NOR_10Y,5,LORO_Hiking,Hiking,loro,eur_3m,cover,0.0,macro
NOR_10Y,5,LORO_Hiking,Hiking,loro,eur_1w,cover,0.0,macro
NOR_10Y,5,LORO_Hiking,Hiking,loro,nor_ibor_1m,cover,1913.0,norway
NOR_10Y,5,LORO_Hiking,Hiking,loro,nor_ibor_6m,cover,0.0,norway
NOR_10Y,5,LORO_Hiking,Hiking,loro,nor_ecb_dfr_chg,cover,0.0,norway
NOR_10Y,5,LORO_Hiking,Hiking,loro,nor_ecb_dfr_level,cover,0.0,norway
NOR_10Y,5,LORO_Hiking,Hiking,loro,nor_eurnok_chg_1d,cover,1873.0,norway
NOR_10Y,5,LORO_Hiking,Hiking,loro,nor_eurnok_level,cover,0.0,norway
NOR_10Y,5,LORO_Hiking,Hiking,loro,nor_eurnok_mom_1m,cover,1917.0,norway
NOR_10Y,5,LORO_Hiking,Hiking,loro,nor_eurnok_mom_3m,cover,1947.0,norway
NOR_10Y,5,LORO_Hiking,Hiking,loro,nor_eurnok_rvol_20d,cover,1224.0,norway
NOR_10Y,5,LORO_Hiking,Hiking,loro,nor_govt_10y,cover,0.0,norway
NOR_10Y,5,LORO_Hiking,Hiking,loro,nor_govt_3y,cover,151.0,norway
NOR_10Y,5,LORO_Hiking,Hiking,loro,nor_govt_5y,cover,1772.0,norway
NOR_10Y,5,LORO_Hiking,Hiking,loro,nor_i44_chg_1d,cover,33.0,norway
NOR_10Y,5,LORO_Hiking,Hiking,loro,nor_i44_level,cover,0.0,norway
NOR_10Y,5,LORO_Hiking,Hiking,loro,nor_i44_mom_1m,cover,0.0,norway
NOR_10Y,5,LORO_Hiking,Hiking,loro,nor_i44_mom_3m,cover,971.0,norway
NOR_10Y,5,LORO_Hiking,Hiking,loro,nor_i44_rvol_20d,cover,15.0,norway
NOR_10Y,5,LORO_Hiking,Hiking,loro,nor_kpi_yoy,cover,0.0,norway
NOR_10Y,5,LORO_Hiking,Hiking,loro,nor_kpijae_yoy,cover,273.5,norway
NOR_10Y,5,LORO_Hiking,Hiking,loro,nor_nibor_nowa_spread,cover,0.0,norway
NOR_10Y,5,LORO_Hiking,Hiking,loro,nor_nowa_level,cover,0.0,norway
NOR_10Y,5,LORO_Hiking,Hiking,loro,nor_polrate_chg_1d,cover,0.0,norway
NOR_10Y,5,LORO_Hiking,Hiking,loro,nor_polrate_days_since_chg,cover,65.0,norway
NOR_10Y,5,LORO_Hiking,Hiking,loro,nor_polrate_level,cover,0.0,norway
NOR_10Y,5,LORO_Hiking,Hiking,loro,nor_rb_rate_chg,cover,0.0,norway
NOR_10Y,5,LORO_Hiking,Hiking,loro,nor_rb_rate_level,cover,0.0,norway
NOR_10Y,5,LORO_Hiking,Hiking,loro,nor_unemp,cover,0.0,norway
NOR_10Y,5,LORO_Hiking,Hiking,loro,nor_usdnok_chg_1d,cover,0.0,norway
NOR_10Y,5,LORO_Hiking,Hiking,loro,nor_usdnok_level,cover,498.0,norway
NOR_10Y,5,LORO_Hiking,Hiking,loro,nor_usdnok_mom_1m,cover,16.0,norway
NOR_10Y,5,LORO_Hiking,Hiking,loro,nor_usdnok_mom_3m,cover,1544.625,norway
NOR_10Y,5,LORO_Hiking,Hiking,loro,nor_usdnok_rvol_20d,cover,0.0,norway
NOR_10Y,5,LORO_Hiking,Hiking,loro,swap_govt_spread,cover,0.0,norway
NOR_10Y,5,LORO_Hiking,Hiking,loro,xmpca_01,cover,0.0,cross_market
NOR_10Y,5,LORO_Hiking,Hiking,loro,xmpca_02,cover,14.0,cross_market
NOR_10Y,5,LORO_Hiking,Hiking,loro,xmpca_03,cover,0.0,cross_market
NOR_10Y,5,LORO_Hiking,Hiking,loro,xmpca_04,cover,0.0,cross_market
NOR_10Y,5,LORO_Hiking,Hiking,loro,xmpca_05,cover,26.0,cross_market
NOR_10Y,5,LORO_Hiking,Hiking,loro,xmpca_06,cover,0.0,cross_market
NOR_10Y,5,LORO_Hiking,Hiking,loro,xmpca_07,cover,0.0,cross_market
NOR_10Y,5,LORO_Hiking,Hiking,loro,xmpca_08,cover,15.0,cross_market
NOR_10Y,5,LORO_Hiking,Hiking,loro,xmpca_09,cover,15.0,cross_market
NOR_10Y,5,LORO_Hiking,Hiking,loro,xmpca_10,cover,14.0,cross_market
NOR_10Y,5,LORO_Hiking,Hiking,loro,xmpca_11,cover,0.0,cross_market
NOR_10Y,5,LORO_Hiking,Hiking,loro,xmpca_12,cover,0.0,cross_market
NOR_10Y,5,LORO_Hiking,Hiking,loro,chg_lag1,total_gain,0.042574796825647354,momentum
NOR_10Y,5,LORO_Hiking,Hiking,loro,chg_lag2,total_gain,0.048089757561683655,momentum
NOR_10Y,5,LORO_Hiking,Hiking,loro,chg_lag3,total_gain,0.10348393023014069,momentum
NOR_10Y,5,LORO_Hiking,Hiking,loro,chg_lag4,total_gain,0.0,momentum
NOR_10Y,5,LORO_Hiking,Hiking,loro,chg_lag5,total_gain,0.0,momentum
NOR_10Y,5,LORO_Hiking,Hiking,loro,carry_roll,total_gain,0.0,carry_roll
NOR_10Y,5,LORO_Hiking,Hiking,loro,mom_63d,total_gain,0.0,momentum
NOR_10Y,5,LORO_Hiking,Hiking,loro,mom_1m,total_gain,0.41849035024642944,momentum
NOR_10Y,5,LORO_Hiking,Hiking,loro,mom_3m,total_gain,0.13675689697265625,momentum
NOR_10Y,5,LORO_Hiking,Hiking,loro,mom_6m,total_gain,0.04196834936738014,momentum
NOR_10Y,5,LORO_Hiking,Hiking,loro,mom_12m,total_gain,0.12670673429965973,momentum
NOR_10Y,5,LORO_Hiking,Hiking,loro,dev_ma_3m,total_gain,0.04165080189704895,curve
NOR_10Y,5,LORO_Hiking,Hiking,loro,dev_ma_12m,total_gain,0.568450391292572,curve
NOR_10Y,5,LORO_Hiking,Hiking,loro,vol_20d,total_gain,0.15952035784721375,vol
NOR_10Y,5,LORO_Hiking,Hiking,loro,vol_regime,total_gain,0.0,vol
NOR_10Y,5,LORO_Hiking,Hiking,loro,vol_zscore,total_gain,0.007246775086969137,vol
NOR_10Y,5,LORO_Hiking,Hiking,loro,level_zscore,total_gain,0.3503376841545105,curve
NOR_10Y,5,LORO_Hiking,Hiking,loro,slope_10_1,total_gain,0.29741501808166504,curve
NOR_10Y,5,LORO_Hiking,Hiking,loro,slope_10_5,total_gain,0.0,curve
NOR_10Y,5,LORO_Hiking,Hiking,loro,slope_5_1,total_gain,0.06901213526725769,curve
NOR_10Y,5,LORO_Hiking,Hiking,loro,sofr_mom_1m,total_gain,0.471585750579834,macro
NOR_10Y,5,LORO_Hiking,Hiking,loro,ibor_level,total_gain,0.0,macro
NOR_10Y,5,LORO_Hiking,Hiking,loro,ibor_chg_1d,total_gain,0.587188184261322,macro
NOR_10Y,5,LORO_Hiking,Hiking,loro,ibor_mom_1m,total_gain,0.2694443464279175,macro
NOR_10Y,5,LORO_Hiking,Hiking,loro,ibor_term_slope,total_gain,0.17381155490875244,macro
NOR_10Y,5,LORO_Hiking,Hiking,loro,swap_ibor_basis,total_gain,0.07945908606052399,curve
NOR_10Y,5,LORO_Hiking,Hiking,loro,move_level,total_gain,0.0,vol
NOR_10Y,5,LORO_Hiking,Hiking,loro,move_zscore,total_gain,0.034576673060655594,vol
NOR_10Y,5,LORO_Hiking,Hiking,loro,vix_level,total_gain,0.0,vol
NOR_10Y,5,LORO_Hiking,Hiking,loro,vix_zscore,total_gain,0.0,vol
NOR_10Y,5,LORO_Hiking,Hiking,loro,v2x_level,total_gain,0.06482070684432983,vol
NOR_10Y,5,LORO_Hiking,Hiking,loro,vxn_level,total_gain,0.06674831360578537,vol
NOR_10Y,5,LORO_Hiking,Hiking,loro,ovx_level,total_gain,0.09810847043991089,vol
NOR_10Y,5,LORO_Hiking,Hiking,loro,gvz_level,total_gain,0.12205047905445099,vol
NOR_10Y,5,LORO_Hiking,Hiking,loro,spx_mom_1m,total_gain,0.20753562450408936,macro
NOR_10Y,5,LORO_Hiking,Hiking,loro,spx_mom_3m,total_gain,0.06645031273365021,macro
NOR_10Y,5,LORO_Hiking,Hiking,loro,sx5e_mom_1m,total_gain,0.11801548302173615,macro
NOR_10Y,5,LORO_Hiking,Hiking,loro,sx5e_mom_3m,total_gain,0.0,macro
NOR_10Y,5,LORO_Hiking,Hiking,loro,mxwo_mom_1m,total_gain,0.1808653473854065,macro
NOR_10Y,5,LORO_Hiking,Hiking,loro,ndx_mom_1m,total_gain,0.0,macro
NOR_10Y,5,LORO_Hiking,Hiking,loro,oil_mom_1m,total_gain,0.2629387378692627,macro
NOR_10Y,5,LORO_Hiking,Hiking,loro,oil_mom_3m,total_gain,0.25542864203453064,macro
NOR_10Y,5,LORO_Hiking,Hiking,loro,copper_mom_1m,total_gain,0.07054966688156128,macro
NOR_10Y,5,LORO_Hiking,Hiking,loro,opec_prod,total_gain,0.0,macro
NOR_10Y,5,LORO_Hiking,Hiking,loro,natgas_mom_1m,total_gain,0.0,macro
NOR_10Y,5,LORO_Hiking,Hiking,loro,be5y_level,total_gain,0.0,macro
NOR_10Y,5,LORO_Hiking,Hiking,loro,be10y_level,total_gain,0.0,macro
NOR_10Y,5,LORO_Hiking,Hiking,loro,be_slope,total_gain,0.0,macro
NOR_10Y,5,LORO_Hiking,Hiking,loro,be5y_chg_1m,total_gain,0.0,macro
NOR_10Y,5,LORO_Hiking,Hiking,loro,ig_spread,total_gain,0.0,credit
NOR_10Y,5,LORO_Hiking,Hiking,loro,hy_spread,total_gain,0.0,credit
NOR_10Y,5,LORO_Hiking,Hiking,loro,ig_chg_1m,total_gain,0.0,credit
NOR_10Y,5,LORO_Hiking,Hiking,loro,hy_chg_1m,total_gain,0.0,credit
NOR_10Y,5,LORO_Hiking,Hiking,loro,cpi_yoy,total_gain,0.06393525749444962,macro
NOR_10Y,5,LORO_Hiking,Hiking,loro,pce_core_chg,total_gain,0.0,macro
NOR_10Y,5,LORO_Hiking,Hiking,loro,nfp_change,total_gain,0.0,macro
NOR_10Y,5,LORO_Hiking,Hiking,loro,pmi_us,total_gain,0.0,macro
NOR_10Y,5,LORO_Hiking,Hiking,loro,pmi_eur,total_gain,0.0,macro
NOR_10Y,5,LORO_Hiking,Hiking,loro,unemp_eur,total_gain,0.0,macro
NOR_10Y,5,LORO_Hiking,Hiking,loro,cpi_nsa_level,total_gain,0.0,macro
NOR_10Y,5,LORO_Hiking,Hiking,loro,pce_core_level,total_gain,0.0,macro
NOR_10Y,5,LORO_Hiking,Hiking,loro,eur_3m,total_gain,0.0,macro
NOR_10Y,5,LORO_Hiking,Hiking,loro,eur_1w,total_gain,0.0,macro
NOR_10Y,5,LORO_Hiking,Hiking,loro,nor_ibor_1m,total_gain,0.058634672313928604,norway
NOR_10Y,5,LORO_Hiking,Hiking,loro,nor_ibor_6m,total_gain,0.0,norway
NOR_10Y,5,LORO_Hiking,Hiking,loro,nor_ecb_dfr_chg,total_gain,0.0,norway
NOR_10Y,5,LORO_Hiking,Hiking,loro,nor_ecb_dfr_level,total_gain,0.0,norway
NOR_10Y,5,LORO_Hiking,Hiking,loro,nor_eurnok_chg_1d,total_gain,0.0487753301858902,norway
NOR_10Y,5,LORO_Hiking,Hiking,loro,nor_eurnok_level,total_gain,0.0,norway
NOR_10Y,5,LORO_Hiking,Hiking,loro,nor_eurnok_mom_1m,total_gain,0.17280593514442444,norway
NOR_10Y,5,LORO_Hiking,Hiking,loro,nor_eurnok_mom_3m,total_gain,0.037581320852041245,norway
NOR_10Y,5,LORO_Hiking,Hiking,loro,nor_eurnok_rvol_20d,total_gain,0.1373390108346939,norway
NOR_10Y,5,LORO_Hiking,Hiking,loro,nor_govt_10y,total_gain,0.0,norway
NOR_10Y,5,LORO_Hiking,Hiking,loro,nor_govt_3y,total_gain,0.035819392651319504,norway
NOR_10Y,5,LORO_Hiking,Hiking,loro,nor_govt_5y,total_gain,0.032993756234645844,norway
NOR_10Y,5,LORO_Hiking,Hiking,loro,nor_i44_chg_1d,total_gain,0.038643620908260345,norway
NOR_10Y,5,LORO_Hiking,Hiking,loro,nor_i44_level,total_gain,0.0,norway
NOR_10Y,5,LORO_Hiking,Hiking,loro,nor_i44_mom_1m,total_gain,0.0,norway
NOR_10Y,5,LORO_Hiking,Hiking,loro,nor_i44_mom_3m,total_gain,0.07326573133468628,norway
NOR_10Y,5,LORO_Hiking,Hiking,loro,nor_i44_rvol_20d,total_gain,0.03018210455775261,norway
NOR_10Y,5,LORO_Hiking,Hiking,loro,nor_kpi_yoy,total_gain,0.0,norway
NOR_10Y,5,LORO_Hiking,Hiking,loro,nor_kpijae_yoy,total_gain,0.14815491437911987,norway
NOR_10Y,5,LORO_Hiking,Hiking,loro,nor_nibor_nowa_spread,total_gain,0.0,norway
NOR_10Y,5,LORO_Hiking,Hiking,loro,nor_nowa_level,total_gain,0.0,norway
NOR_10Y,5,LORO_Hiking,Hiking,loro,nor_polrate_chg_1d,total_gain,0.0,norway
NOR_10Y,5,LORO_Hiking,Hiking,loro,nor_polrate_days_since_chg,total_gain,0.0766259953379631,norway
NOR_10Y,5,LORO_Hiking,Hiking,loro,nor_polrate_level,total_gain,0.0,norway
NOR_10Y,5,LORO_Hiking,Hiking,loro,nor_rb_rate_chg,total_gain,0.0,norway
NOR_10Y,5,LORO_Hiking,Hiking,loro,nor_rb_rate_level,total_gain,0.0,norway
NOR_10Y,5,LORO_Hiking,Hiking,loro,nor_unemp,total_gain,0.0,norway
NOR_10Y,5,LORO_Hiking,Hiking,loro,nor_usdnok_chg_1d,total_gain,0.0,norway
NOR_10Y,5,LORO_Hiking,Hiking,loro,nor_usdnok_level,total_gain,0.13157930970191956,norway
NOR_10Y,5,LORO_Hiking,Hiking,loro,nor_usdnok_mom_1m,total_gain,0.025329511612653732,norway
NOR_10Y,5,LORO_Hiking,Hiking,loro,nor_usdnok_mom_3m,total_gain,0.7635102272033691,norway
NOR_10Y,5,LORO_Hiking,Hiking,loro,nor_usdnok_rvol_20d,total_gain,0.0,norway
NOR_10Y,5,LORO_Hiking,Hiking,loro,swap_govt_spread,total_gain,0.0,norway
NOR_10Y,5,LORO_Hiking,Hiking,loro,xmpca_01,total_gain,0.0,cross_market
NOR_10Y,5,LORO_Hiking,Hiking,loro,xmpca_02,total_gain,0.06634999811649323,cross_market
NOR_10Y,5,LORO_Hiking,Hiking,loro,xmpca_03,total_gain,0.0,cross_market
NOR_10Y,5,LORO_Hiking,Hiking,loro,xmpca_04,total_gain,0.0,cross_market
NOR_10Y,5,LORO_Hiking,Hiking,loro,xmpca_05,total_gain,0.07325601577758789,cross_market
NOR_10Y,5,LORO_Hiking,Hiking,loro,xmpca_06,total_gain,0.0,cross_market
NOR_10Y,5,LORO_Hiking,Hiking,loro,xmpca_07,total_gain,0.0,cross_market
NOR_10Y,5,LORO_Hiking,Hiking,loro,xmpca_08,total_gain,0.07105286419391632,cross_market
NOR_10Y,5,LORO_Hiking,Hiking,loro,xmpca_09,total_gain,0.019975833594799042,cross_market
NOR_10Y,5,LORO_Hiking,Hiking,loro,xmpca_10,total_gain,0.028296712785959244,cross_market
NOR_10Y,5,LORO_Hiking,Hiking,loro,xmpca_11,total_gain,0.0,cross_market
NOR_10Y,5,LORO_Hiking,Hiking,loro,xmpca_12,total_gain,0.0,cross_market
NOR_10Y,5,LORO_Hiking,Hiking,loro,chg_lag1,total_cover,1399.0,momentum
NOR_10Y,5,LORO_Hiking,Hiking,loro,chg_lag2,total_cover,14.0,momentum
NOR_10Y,5,LORO_Hiking,Hiking,loro,chg_lag3,total_cover,65.0,momentum
NOR_10Y,5,LORO_Hiking,Hiking,loro,chg_lag4,total_cover,0.0,momentum
NOR_10Y,5,LORO_Hiking,Hiking,loro,chg_lag5,total_cover,0.0,momentum
NOR_10Y,5,LORO_Hiking,Hiking,loro,carry_roll,total_cover,0.0,carry_roll
NOR_10Y,5,LORO_Hiking,Hiking,loro,mom_63d,total_cover,0.0,momentum
NOR_10Y,5,LORO_Hiking,Hiking,loro,mom_1m,total_cover,10187.0,momentum
NOR_10Y,5,LORO_Hiking,Hiking,loro,mom_3m,total_cover,2916.0,momentum
NOR_10Y,5,LORO_Hiking,Hiking,loro,mom_6m,total_cover,1821.0,momentum
NOR_10Y,5,LORO_Hiking,Hiking,loro,mom_12m,total_cover,2720.0,momentum
NOR_10Y,5,LORO_Hiking,Hiking,loro,dev_ma_3m,total_cover,53.0,curve
NOR_10Y,5,LORO_Hiking,Hiking,loro,dev_ma_12m,total_cover,15133.0,curve
NOR_10Y,5,LORO_Hiking,Hiking,loro,vol_20d,total_cover,4709.0,vol
NOR_10Y,5,LORO_Hiking,Hiking,loro,vol_regime,total_cover,0.0,vol
NOR_10Y,5,LORO_Hiking,Hiking,loro,vol_zscore,total_cover,20.0,vol
NOR_10Y,5,LORO_Hiking,Hiking,loro,level_zscore,total_cover,6857.0,curve
NOR_10Y,5,LORO_Hiking,Hiking,loro,slope_10_1,total_cover,5906.0,curve
NOR_10Y,5,LORO_Hiking,Hiking,loro,slope_10_5,total_cover,0.0,curve
NOR_10Y,5,LORO_Hiking,Hiking,loro,slope_5_1,total_cover,490.0,curve
NOR_10Y,5,LORO_Hiking,Hiking,loro,sofr_mom_1m,total_cover,11642.0,macro
NOR_10Y,5,LORO_Hiking,Hiking,loro,ibor_level,total_cover,0.0,macro
NOR_10Y,5,LORO_Hiking,Hiking,loro,ibor_chg_1d,total_cover,7805.0,macro
NOR_10Y,5,LORO_Hiking,Hiking,loro,ibor_mom_1m,total_cover,5610.0,macro
NOR_10Y,5,LORO_Hiking,Hiking,loro,ibor_term_slope,total_cover,2024.0,macro
NOR_10Y,5,LORO_Hiking,Hiking,loro,swap_ibor_basis,total_cover,37.0,curve
NOR_10Y,5,LORO_Hiking,Hiking,loro,move_level,total_cover,0.0,vol
NOR_10Y,5,LORO_Hiking,Hiking,loro,move_zscore,total_cover,96.0,vol
NOR_10Y,5,LORO_Hiking,Hiking,loro,vix_level,total_cover,0.0,vol
NOR_10Y,5,LORO_Hiking,Hiking,loro,vix_zscore,total_cover,0.0,vol
NOR_10Y,5,LORO_Hiking,Hiking,loro,v2x_level,total_cover,54.0,vol
NOR_10Y,5,LORO_Hiking,Hiking,loro,vxn_level,total_cover,48.0,vol
NOR_10Y,5,LORO_Hiking,Hiking,loro,ovx_level,total_cover,1952.0,vol
NOR_10Y,5,LORO_Hiking,Hiking,loro,gvz_level,total_cover,1971.0,vol
NOR_10Y,5,LORO_Hiking,Hiking,loro,spx_mom_1m,total_cover,4856.0,macro
NOR_10Y,5,LORO_Hiking,Hiking,loro,spx_mom_3m,total_cover,837.0,macro
NOR_10Y,5,LORO_Hiking,Hiking,loro,sx5e_mom_1m,total_cover,2230.0,macro
NOR_10Y,5,LORO_Hiking,Hiking,loro,sx5e_mom_3m,total_cover,0.0,macro
NOR_10Y,5,LORO_Hiking,Hiking,loro,mxwo_mom_1m,total_cover,4211.0,macro
NOR_10Y,5,LORO_Hiking,Hiking,loro,ndx_mom_1m,total_cover,0.0,macro
NOR_10Y,5,LORO_Hiking,Hiking,loro,oil_mom_1m,total_cover,7547.0,macro
NOR_10Y,5,LORO_Hiking,Hiking,loro,oil_mom_3m,total_cover,5773.0,macro
NOR_10Y,5,LORO_Hiking,Hiking,loro,copper_mom_1m,total_cover,2112.0,macro
NOR_10Y,5,LORO_Hiking,Hiking,loro,opec_prod,total_cover,0.0,macro
NOR_10Y,5,LORO_Hiking,Hiking,loro,natgas_mom_1m,total_cover,0.0,macro
NOR_10Y,5,LORO_Hiking,Hiking,loro,be5y_level,total_cover,0.0,macro
NOR_10Y,5,LORO_Hiking,Hiking,loro,be10y_level,total_cover,0.0,macro
NOR_10Y,5,LORO_Hiking,Hiking,loro,be_slope,total_cover,0.0,macro
NOR_10Y,5,LORO_Hiking,Hiking,loro,be5y_chg_1m,total_cover,0.0,macro
NOR_10Y,5,LORO_Hiking,Hiking,loro,ig_spread,total_cover,0.0,credit
NOR_10Y,5,LORO_Hiking,Hiking,loro,hy_spread,total_cover,0.0,credit
NOR_10Y,5,LORO_Hiking,Hiking,loro,ig_chg_1m,total_cover,0.0,credit
NOR_10Y,5,LORO_Hiking,Hiking,loro,hy_chg_1m,total_cover,0.0,credit
NOR_10Y,5,LORO_Hiking,Hiking,loro,cpi_yoy,total_cover,853.0,macro
NOR_10Y,5,LORO_Hiking,Hiking,loro,pce_core_chg,total_cover,0.0,macro
NOR_10Y,5,LORO_Hiking,Hiking,loro,nfp_change,total_cover,0.0,macro
NOR_10Y,5,LORO_Hiking,Hiking,loro,pmi_us,total_cover,0.0,macro
NOR_10Y,5,LORO_Hiking,Hiking,loro,pmi_eur,total_cover,0.0,macro
NOR_10Y,5,LORO_Hiking,Hiking,loro,unemp_eur,total_cover,0.0,macro
NOR_10Y,5,LORO_Hiking,Hiking,loro,cpi_nsa_level,total_cover,0.0,macro
NOR_10Y,5,LORO_Hiking,Hiking,loro,pce_core_level,total_cover,0.0,macro
NOR_10Y,5,LORO_Hiking,Hiking,loro,eur_3m,total_cover,0.0,macro
NOR_10Y,5,LORO_Hiking,Hiking,loro,eur_1w,total_cover,0.0,macro
NOR_10Y,5,LORO_Hiking,Hiking,loro,nor_ibor_1m,total_cover,1913.0,norway
NOR_10Y,5,LORO_Hiking,Hiking,loro,nor_ibor_6m,total_cover,0.0,norway
NOR_10Y,5,LORO_Hiking,Hiking,loro,nor_ecb_dfr_chg,total_cover,0.0,norway
NOR_10Y,5,LORO_Hiking,Hiking,loro,nor_ecb_dfr_level,total_cover,0.0,norway
NOR_10Y,5,LORO_Hiking,Hiking,loro,nor_eurnok_chg_1d,total_cover,1873.0,norway
NOR_10Y,5,LORO_Hiking,Hiking,loro,nor_eurnok_level,total_cover,0.0,norway
NOR_10Y,5,LORO_Hiking,Hiking,loro,nor_eurnok_mom_1m,total_cover,3834.0,norway
NOR_10Y,5,LORO_Hiking,Hiking,loro,nor_eurnok_mom_3m,total_cover,1947.0,norway
NOR_10Y,5,LORO_Hiking,Hiking,loro,nor_eurnok_rvol_20d,total_cover,3672.0,norway
NOR_10Y,5,LORO_Hiking,Hiking,loro,nor_govt_10y,total_cover,0.0,norway
NOR_10Y,5,LORO_Hiking,Hiking,loro,nor_govt_3y,total_cover,151.0,norway
NOR_10Y,5,LORO_Hiking,Hiking,loro,nor_govt_5y,total_cover,1772.0,norway
NOR_10Y,5,LORO_Hiking,Hiking,loro,nor_i44_chg_1d,total_cover,33.0,norway
NOR_10Y,5,LORO_Hiking,Hiking,loro,nor_i44_level,total_cover,0.0,norway
NOR_10Y,5,LORO_Hiking,Hiking,loro,nor_i44_mom_1m,total_cover,0.0,norway
NOR_10Y,5,LORO_Hiking,Hiking,loro,nor_i44_mom_3m,total_cover,1942.0,norway
NOR_10Y,5,LORO_Hiking,Hiking,loro,nor_i44_rvol_20d,total_cover,15.0,norway
NOR_10Y,5,LORO_Hiking,Hiking,loro,nor_kpi_yoy,total_cover,0.0,norway
NOR_10Y,5,LORO_Hiking,Hiking,loro,nor_kpijae_yoy,total_cover,547.0,norway
NOR_10Y,5,LORO_Hiking,Hiking,loro,nor_nibor_nowa_spread,total_cover,0.0,norway
NOR_10Y,5,LORO_Hiking,Hiking,loro,nor_nowa_level,total_cover,0.0,norway
NOR_10Y,5,LORO_Hiking,Hiking,loro,nor_polrate_chg_1d,total_cover,0.0,norway
NOR_10Y,5,LORO_Hiking,Hiking,loro,nor_polrate_days_since_chg,total_cover,65.0,norway
NOR_10Y,5,LORO_Hiking,Hiking,loro,nor_polrate_level,total_cover,0.0,norway
NOR_10Y,5,LORO_Hiking,Hiking,loro,nor_rb_rate_chg,total_cover,0.0,norway
NOR_10Y,5,LORO_Hiking,Hiking,loro,nor_rb_rate_level,total_cover,0.0,norway
NOR_10Y,5,LORO_Hiking,Hiking,loro,nor_unemp,total_cover,0.0,norway
NOR_10Y,5,LORO_Hiking,Hiking,loro,nor_usdnok_chg_1d,total_cover,0.0,norway
NOR_10Y,5,LORO_Hiking,Hiking,loro,nor_usdnok_level,total_cover,996.0,norway
NOR_10Y,5,LORO_Hiking,Hiking,loro,nor_usdnok_mom_1m,total_cover,32.0,norway
NOR_10Y,5,LORO_Hiking,Hiking,loro,nor_usdnok_mom_3m,total_cover,12357.0,norway
NOR_10Y,5,LORO_Hiking,Hiking,loro,nor_usdnok_rvol_20d,total_cover,0.0,norway
NOR_10Y,5,LORO_Hiking,Hiking,loro,swap_govt_spread,total_cover,0.0,norway
NOR_10Y,5,LORO_Hiking,Hiking,loro,xmpca_01,total_cover,0.0,cross_market
NOR_10Y,5,LORO_Hiking,Hiking,loro,xmpca_02,total_cover,28.0,cross_market
NOR_10Y,5,LORO_Hiking,Hiking,loro,xmpca_03,total_cover,0.0,cross_market
NOR_10Y,5,LORO_Hiking,Hiking,loro,xmpca_04,total_cover,0.0,cross_market
NOR_10Y,5,LORO_Hiking,Hiking,loro,xmpca_05,total_cover,26.0,cross_market
NOR_10Y,5,LORO_Hiking,Hiking,loro,xmpca_06,total_cover,0.0,cross_market
NOR_10Y,5,LORO_Hiking,Hiking,loro,xmpca_07,total_cover,0.0,cross_market
NOR_10Y,5,LORO_Hiking,Hiking,loro,xmpca_08,total_cover,15.0,cross_market
NOR_10Y,5,LORO_Hiking,Hiking,loro,xmpca_09,total_cover,15.0,cross_market
NOR_10Y,5,LORO_Hiking,Hiking,loro,xmpca_10,total_cover,14.0,cross_market
NOR_10Y,5,LORO_Hiking,Hiking,loro,xmpca_11,total_cover,0.0,cross_market
NOR_10Y,5,LORO_Hiking,Hiking,loro,xmpca_12,total_cover,0.0,cross_market
NOR_10Y,5,LORO_Hiking,Hiking,loro,chg_lag1,shap_mean_abs,0.00019292693468742073,momentum
NOR_10Y,5,LORO_Hiking,Hiking,loro,chg_lag2,shap_mean_abs,2.142764424206689e-05,momentum
NOR_10Y,5,LORO_Hiking,Hiking,loro,chg_lag3,shap_mean_abs,3.520042446325533e-05,momentum
NOR_10Y,5,LORO_Hiking,Hiking,loro,chg_lag4,shap_mean_abs,0.0,momentum
NOR_10Y,5,LORO_Hiking,Hiking,loro,chg_lag5,shap_mean_abs,0.0,momentum
NOR_10Y,5,LORO_Hiking,Hiking,loro,carry_roll,shap_mean_abs,0.0,carry_roll
NOR_10Y,5,LORO_Hiking,Hiking,loro,mom_63d,shap_mean_abs,0.0,momentum
NOR_10Y,5,LORO_Hiking,Hiking,loro,mom_1m,shap_mean_abs,0.0016986996633931994,momentum
NOR_10Y,5,LORO_Hiking,Hiking,loro,mom_3m,shap_mean_abs,0.0005613259272649884,momentum
NOR_10Y,5,LORO_Hiking,Hiking,loro,mom_6m,shap_mean_abs,0.0001986390125239268,momentum
NOR_10Y,5,LORO_Hiking,Hiking,loro,mom_12m,shap_mean_abs,5.3793683036928996e-05,momentum
NOR_10Y,5,LORO_Hiking,Hiking,loro,dev_ma_3m,shap_mean_abs,7.006457599345595e-05,curve
NOR_10Y,5,LORO_Hiking,Hiking,loro,dev_ma_12m,shap_mean_abs,0.0005440046079456806,curve
NOR_10Y,5,LORO_Hiking,Hiking,loro,vol_20d,shap_mean_abs,0.0010139375226572156,vol
NOR_10Y,5,LORO_Hiking,Hiking,loro,vol_regime,shap_mean_abs,0.0,vol
NOR_10Y,5,LORO_Hiking,Hiking,loro,vol_zscore,shap_mean_abs,2.1625926819979213e-05,vol
NOR_10Y,5,LORO_Hiking,Hiking,loro,level_zscore,shap_mean_abs,0.0005685453652404249,curve
NOR_10Y,5,LORO_Hiking,Hiking,loro,slope_10_1,shap_mean_abs,0.001286999206058681,curve
NOR_10Y,5,LORO_Hiking,Hiking,loro,slope_10_5,shap_mean_abs,0.0,curve
NOR_10Y,5,LORO_Hiking,Hiking,loro,slope_5_1,shap_mean_abs,0.00044898566557094455,curve
NOR_10Y,5,LORO_Hiking,Hiking,loro,sofr_mom_1m,shap_mean_abs,0.00348529196344316,macro
NOR_10Y,5,LORO_Hiking,Hiking,loro,ibor_level,shap_mean_abs,0.0,macro
NOR_10Y,5,LORO_Hiking,Hiking,loro,ibor_chg_1d,shap_mean_abs,0.0002832215395756066,macro
NOR_10Y,5,LORO_Hiking,Hiking,loro,ibor_mom_1m,shap_mean_abs,1.6542029698030092e-05,macro
NOR_10Y,5,LORO_Hiking,Hiking,loro,ibor_term_slope,shap_mean_abs,0.0005012993351556361,macro
NOR_10Y,5,LORO_Hiking,Hiking,loro,swap_ibor_basis,shap_mean_abs,5.336634785635397e-05,curve
NOR_10Y,5,LORO_Hiking,Hiking,loro,move_level,shap_mean_abs,0.0,vol
NOR_10Y,5,LORO_Hiking,Hiking,loro,move_zscore,shap_mean_abs,9.567419328959659e-05,vol
NOR_10Y,5,LORO_Hiking,Hiking,loro,vix_level,shap_mean_abs,0.0,vol
NOR_10Y,5,LORO_Hiking,Hiking,loro,vix_zscore,shap_mean_abs,0.0,vol
NOR_10Y,5,LORO_Hiking,Hiking,loro,v2x_level,shap_mean_abs,3.869376450893469e-05,vol
NOR_10Y,5,LORO_Hiking,Hiking,loro,vxn_level,shap_mean_abs,6.854802632005885e-05,vol
NOR_10Y,5,LORO_Hiking,Hiking,loro,ovx_level,shap_mean_abs,0.0004568063886836171,vol
NOR_10Y,5,LORO_Hiking,Hiking,loro,gvz_level,shap_mean_abs,0.00014143915905151516,vol
NOR_10Y,5,LORO_Hiking,Hiking,loro,spx_mom_1m,shap_mean_abs,0.0010630395263433456,macro
NOR_10Y,5,LORO_Hiking,Hiking,loro,spx_mom_3m,shap_mean_abs,2.6773317586048506e-05,macro
NOR_10Y,5,LORO_Hiking,Hiking,loro,sx5e_mom_1m,shap_mean_abs,0.0006271366728469729,macro
NOR_10Y,5,LORO_Hiking,Hiking,loro,sx5e_mom_3m,shap_mean_abs,0.0,macro
NOR_10Y,5,LORO_Hiking,Hiking,loro,mxwo_mom_1m,shap_mean_abs,0.0001904196251416579,macro
NOR_10Y,5,LORO_Hiking,Hiking,loro,ndx_mom_1m,shap_mean_abs,0.0,macro
NOR_10Y,5,LORO_Hiking,Hiking,loro,oil_mom_1m,shap_mean_abs,0.0015150728868320584,macro
NOR_10Y,5,LORO_Hiking,Hiking,loro,oil_mom_3m,shap_mean_abs,0.0017145993188023567,macro
NOR_10Y,5,LORO_Hiking,Hiking,loro,copper_mom_1m,shap_mean_abs,0.0001543613470857963,macro
NOR_10Y,5,LORO_Hiking,Hiking,loro,opec_prod,shap_mean_abs,0.0,macro
NOR_10Y,5,LORO_Hiking,Hiking,loro,natgas_mom_1m,shap_mean_abs,0.0,macro
NOR_10Y,5,LORO_Hiking,Hiking,loro,be5y_level,shap_mean_abs,0.0,macro
NOR_10Y,5,LORO_Hiking,Hiking,loro,be10y_level,shap_mean_abs,0.0,macro
NOR_10Y,5,LORO_Hiking,Hiking,loro,be_slope,shap_mean_abs,0.0,macro
NOR_10Y,5,LORO_Hiking,Hiking,loro,be5y_chg_1m,shap_mean_abs,0.0,macro
NOR_10Y,5,LORO_Hiking,Hiking,loro,ig_spread,shap_mean_abs,0.0,credit
NOR_10Y,5,LORO_Hiking,Hiking,loro,hy_spread,shap_mean_abs,0.0,credit
NOR_10Y,5,LORO_Hiking,Hiking,loro,ig_chg_1m,shap_mean_abs,0.0,credit
NOR_10Y,5,LORO_Hiking,Hiking,loro,hy_chg_1m,shap_mean_abs,0.0,credit
NOR_10Y,5,LORO_Hiking,Hiking,loro,cpi_yoy,shap_mean_abs,0.0005013998015783727,macro
NOR_10Y,5,LORO_Hiking,Hiking,loro,pce_core_chg,shap_mean_abs,0.0,macro
NOR_10Y,5,LORO_Hiking,Hiking,loro,nfp_change,shap_mean_abs,0.0,macro
NOR_10Y,5,LORO_Hiking,Hiking,loro,pmi_us,shap_mean_abs,0.0,macro
NOR_10Y,5,LORO_Hiking,Hiking,loro,pmi_eur,shap_mean_abs,0.0,macro
NOR_10Y,5,LORO_Hiking,Hiking,loro,unemp_eur,shap_mean_abs,0.0,macro
NOR_10Y,5,LORO_Hiking,Hiking,loro,cpi_nsa_level,shap_mean_abs,0.0,macro
NOR_10Y,5,LORO_Hiking,Hiking,loro,pce_core_level,shap_mean_abs,0.0,macro
NOR_10Y,5,LORO_Hiking,Hiking,loro,eur_3m,shap_mean_abs,0.0,macro
NOR_10Y,5,LORO_Hiking,Hiking,loro,eur_1w,shap_mean_abs,0.0,macro
NOR_10Y,5,LORO_Hiking,Hiking,loro,nor_ibor_1m,shap_mean_abs,4.542415263131261e-05,norway
NOR_10Y,5,LORO_Hiking,Hiking,loro,nor_ibor_6m,shap_mean_abs,0.0,norway
NOR_10Y,5,LORO_Hiking,Hiking,loro,nor_ecb_dfr_chg,shap_mean_abs,0.0,norway
NOR_10Y,5,LORO_Hiking,Hiking,loro,nor_ecb_dfr_level,shap_mean_abs,0.0,norway
NOR_10Y,5,LORO_Hiking,Hiking,loro,nor_eurnok_chg_1d,shap_mean_abs,3.589335028664209e-05,norway
NOR_10Y,5,LORO_Hiking,Hiking,loro,nor_eurnok_level,shap_mean_abs,0.0,norway
NOR_10Y,5,LORO_Hiking,Hiking,loro,nor_eurnok_mom_1m,shap_mean_abs,0.0002721229684539139,norway
NOR_10Y,5,LORO_Hiking,Hiking,loro,nor_eurnok_mom_3m,shap_mean_abs,0.00039689961704425514,norway
NOR_10Y,5,LORO_Hiking,Hiking,loro,nor_eurnok_rvol_20d,shap_mean_abs,0.00044638957479037344,norway
NOR_10Y,5,LORO_Hiking,Hiking,loro,nor_govt_10y,shap_mean_abs,0.0,norway
NOR_10Y,5,LORO_Hiking,Hiking,loro,nor_govt_3y,shap_mean_abs,0.0007163521368056536,norway
NOR_10Y,5,LORO_Hiking,Hiking,loro,nor_govt_5y,shap_mean_abs,0.0043458035215735435,norway
NOR_10Y,5,LORO_Hiking,Hiking,loro,nor_i44_chg_1d,shap_mean_abs,3.202671359758824e-05,norway
NOR_10Y,5,LORO_Hiking,Hiking,loro,nor_i44_level,shap_mean_abs,0.0,norway
NOR_10Y,5,LORO_Hiking,Hiking,loro,nor_i44_mom_1m,shap_mean_abs,0.0,norway
NOR_10Y,5,LORO_Hiking,Hiking,loro,nor_i44_mom_3m,shap_mean_abs,0.00046206789556890726,norway
NOR_10Y,5,LORO_Hiking,Hiking,loro,nor_i44_rvol_20d,shap_mean_abs,1.2567804333230015e-05,norway
NOR_10Y,5,LORO_Hiking,Hiking,loro,nor_kpi_yoy,shap_mean_abs,0.0,norway
NOR_10Y,5,LORO_Hiking,Hiking,loro,nor_kpijae_yoy,shap_mean_abs,0.00041059241630136967,norway
NOR_10Y,5,LORO_Hiking,Hiking,loro,nor_nibor_nowa_spread,shap_mean_abs,0.0,norway
NOR_10Y,5,LORO_Hiking,Hiking,loro,nor_nowa_level,shap_mean_abs,0.0,norway
NOR_10Y,5,LORO_Hiking,Hiking,loro,nor_polrate_chg_1d,shap_mean_abs,0.0,norway
NOR_10Y,5,LORO_Hiking,Hiking,loro,nor_polrate_days_since_chg,shap_mean_abs,6.406259490177035e-05,norway
NOR_10Y,5,LORO_Hiking,Hiking,loro,nor_polrate_level,shap_mean_abs,0.0,norway
NOR_10Y,5,LORO_Hiking,Hiking,loro,nor_rb_rate_chg,shap_mean_abs,0.0,norway
NOR_10Y,5,LORO_Hiking,Hiking,loro,nor_rb_rate_level,shap_mean_abs,0.0,norway
NOR_10Y,5,LORO_Hiking,Hiking,loro,nor_unemp,shap_mean_abs,0.0,norway
NOR_10Y,5,LORO_Hiking,Hiking,loro,nor_usdnok_chg_1d,shap_mean_abs,0.0,norway
NOR_10Y,5,LORO_Hiking,Hiking,loro,nor_usdnok_level,shap_mean_abs,0.0003578452451620251,norway
NOR_10Y,5,LORO_Hiking,Hiking,loro,nor_usdnok_mom_1m,shap_mean_abs,7.192048360593617e-05,norway
NOR_10Y,5,LORO_Hiking,Hiking,loro,nor_usdnok_mom_3m,shap_mean_abs,0.0009342364501208067,norway
NOR_10Y,5,LORO_Hiking,Hiking,loro,nor_usdnok_rvol_20d,shap_mean_abs,0.0,norway
NOR_10Y,5,LORO_Hiking,Hiking,loro,swap_govt_spread,shap_mean_abs,0.0,norway
NOR_10Y,5,LORO_Hiking,Hiking,loro,xmpca_01,shap_mean_abs,0.0,cross_market
NOR_10Y,5,LORO_Hiking,Hiking,loro,xmpca_02,shap_mean_abs,3.280963210272603e-05,cross_market
NOR_10Y,5,LORO_Hiking,Hiking,loro,xmpca_03,shap_mean_abs,0.0,cross_market
NOR_10Y,5,LORO_Hiking,Hiking,loro,xmpca_04,shap_mean_abs,0.0,cross_market
NOR_10Y,5,LORO_Hiking,Hiking,loro,xmpca_05,shap_mean_abs,4.1492752643534914e-05,cross_market
NOR_10Y,5,LORO_Hiking,Hiking,loro,xmpca_06,shap_mean_abs,0.0,cross_market
NOR_10Y,5,LORO_Hiking,Hiking,loro,xmpca_07,shap_mean_abs,0.0,cross_market
NOR_10Y,5,LORO_Hiking,Hiking,loro,xmpca_08,shap_mean_abs,3.122764974250458e-05,cross_market
NOR_10Y,5,LORO_Hiking,Hiking,loro,xmpca_09,shap_mean_abs,3.41585764545016e-05,cross_market
NOR_10Y,5,LORO_Hiking,Hiking,loro,xmpca_10,shap_mean_abs,1.709910975478124e-05,cross_market
NOR_10Y,5,LORO_Hiking,Hiking,loro,xmpca_11,shap_mean_abs,0.0,cross_market
NOR_10Y,5,LORO_Hiking,Hiking,loro,xmpca_12,shap_mean_abs,0.0,cross_market
NOR_15Y,5,LORO_GFC,GFC,loro,chg_lag1,gain,0.08048541843891144,momentum
NOR_15Y,5,LORO_GFC,GFC,loro,chg_lag2,gain,0.0,momentum
NOR_15Y,5,LORO_GFC,GFC,loro,chg_lag3,gain,0.0,momentum
NOR_15Y,5,LORO_GFC,GFC,loro,chg_lag4,gain,0.0,momentum
NOR_15Y,5,LORO_GFC,GFC,loro,chg_lag5,gain,0.0,momentum
NOR_15Y,5,LORO_GFC,GFC,loro,carry_roll,gain,0.08598991483449936,carry_roll
NOR_15Y,5,LORO_GFC,GFC,loro,mom_63d,gain,0.0,momentum
NOR_15Y,5,LORO_GFC,GFC,loro,mom_1m,gain,0.05477064102888107,momentum
NOR_15Y,5,LORO_GFC,GFC,loro,mom_3m,gain,0.08408543467521667,momentum
NOR_15Y,5,LORO_GFC,GFC,loro,mom_6m,gain,0.0,momentum
NOR_15Y,5,LORO_GFC,GFC,loro,mom_12m,gain,0.0,momentum
NOR_15Y,5,LORO_GFC,GFC,loro,dev_ma_3m,gain,0.06726805865764618,curve
NOR_15Y,5,LORO_GFC,GFC,loro,dev_ma_12m,gain,0.01866823434829712,curve
NOR_15Y,5,LORO_GFC,GFC,loro,vol_20d,gain,0.0,vol
NOR_15Y,5,LORO_GFC,GFC,loro,vol_regime,gain,0.0,vol
NOR_15Y,5,LORO_GFC,GFC,loro,vol_zscore,gain,0.0,vol
NOR_15Y,5,LORO_GFC,GFC,loro,level_zscore,gain,0.0,curve
NOR_15Y,5,LORO_GFC,GFC,loro,slope_10_1,gain,0.0,curve
NOR_15Y,5,LORO_GFC,GFC,loro,slope_10_5,gain,0.08922748267650604,curve
NOR_15Y,5,LORO_GFC,GFC,loro,slope_5_1,gain,0.08860228955745697,curve
NOR_15Y,5,LORO_GFC,GFC,loro,sofr_mom_1m,gain,0.08377718925476074,macro
NOR_15Y,5,LORO_GFC,GFC,loro,ibor_level,gain,0.06338296830654144,macro
NOR_15Y,5,LORO_GFC,GFC,loro,ibor_chg_1d,gain,0.0,macro
NOR_15Y,5,LORO_GFC,GFC,loro,ibor_mom_1m,gain,0.054439373314380646,macro
NOR_15Y,5,LORO_GFC,GFC,loro,ibor_term_slope,gain,0.05378827452659607,macro
NOR_15Y,5,LORO_GFC,GFC,loro,swap_ibor_basis,gain,0.0,curve
NOR_15Y,5,LORO_GFC,GFC,loro,move_level,gain,0.1074913740158081,vol
NOR_15Y,5,LORO_GFC,GFC,loro,move_zscore,gain,0.12320040911436081,vol
NOR_15Y,5,LORO_GFC,GFC,loro,vix_level,gain,0.04308684170246124,vol
NOR_15Y,5,LORO_GFC,GFC,loro,vix_zscore,gain,0.0,vol
NOR_15Y,5,LORO_GFC,GFC,loro,v2x_level,gain,0.0,vol
NOR_15Y,5,LORO_GFC,GFC,loro,vxn_level,gain,0.0,vol
NOR_15Y,5,LORO_GFC,GFC,loro,ovx_level,gain,0.0,vol
NOR_15Y,5,LORO_GFC,GFC,loro,gvz_level,gain,0.0,vol
NOR_15Y,5,LORO_GFC,GFC,loro,spx_mom_1m,gain,0.0,macro
NOR_15Y,5,LORO_GFC,GFC,loro,spx_mom_3m,gain,0.0,macro
NOR_15Y,5,LORO_GFC,GFC,loro,sx5e_mom_1m,gain,0.0,macro
NOR_15Y,5,LORO_GFC,GFC,loro,sx5e_mom_3m,gain,0.0,macro
NOR_15Y,5,LORO_GFC,GFC,loro,mxwo_mom_1m,gain,0.0,macro
NOR_15Y,5,LORO_GFC,GFC,loro,ndx_mom_1m,gain,0.049996063113212585,macro
NOR_15Y,5,LORO_GFC,GFC,loro,oil_mom_1m,gain,0.07471220940351486,macro
NOR_15Y,5,LORO_GFC,GFC,loro,oil_mom_3m,gain,0.0,macro
NOR_15Y,5,LORO_GFC,GFC,loro,copper_mom_1m,gain,0.0724930539727211,macro
NOR_15Y,5,LORO_GFC,GFC,loro,opec_prod,gain,0.0,macro
NOR_15Y,5,LORO_GFC,GFC,loro,natgas_mom_1m,gain,0.05782896280288696,macro
NOR_15Y,5,LORO_GFC,GFC,loro,be5y_level,gain,0.0,macro
NOR_15Y,5,LORO_GFC,GFC,loro,be10y_level,gain,0.0,macro
NOR_15Y,5,LORO_GFC,GFC,loro,be_slope,gain,0.0,macro
NOR_15Y,5,LORO_GFC,GFC,loro,be5y_chg_1m,gain,0.0,macro
NOR_15Y,5,LORO_GFC,GFC,loro,ig_spread,gain,0.0,credit
NOR_15Y,5,LORO_GFC,GFC,loro,hy_spread,gain,0.0,credit
NOR_15Y,5,LORO_GFC,GFC,loro,ig_chg_1m,gain,0.0,credit
NOR_15Y,5,LORO_GFC,GFC,loro,hy_chg_1m,gain,0.0,credit
NOR_15Y,5,LORO_GFC,GFC,loro,cpi_yoy,gain,0.0,macro
NOR_15Y,5,LORO_GFC,GFC,loro,pce_core_chg,gain,0.04224264621734619,macro
NOR_15Y,5,LORO_GFC,GFC,loro,nfp_change,gain,0.0,macro
NOR_15Y,5,LORO_GFC,GFC,loro,pmi_us,gain,0.0,macro
NOR_15Y,5,LORO_GFC,GFC,loro,pmi_eur,gain,0.0920872613787651,macro
NOR_15Y,5,LORO_GFC,GFC,loro,unemp_eur,gain,0.0,macro
NOR_15Y,5,LORO_GFC,GFC,loro,cpi_nsa_level,gain,0.0,macro
NOR_15Y,5,LORO_GFC,GFC,loro,pce_core_level,gain,0.0,macro
NOR_15Y,5,LORO_GFC,GFC,loro,eur_3m,gain,0.0,macro
NOR_15Y,5,LORO_GFC,GFC,loro,eur_1w,gain,0.0,macro
NOR_15Y,5,LORO_GFC,GFC,loro,nor_ibor_1m,gain,0.0,norway
NOR_15Y,5,LORO_GFC,GFC,loro,nor_ibor_6m,gain,0.0,norway
NOR_15Y,5,LORO_GFC,GFC,loro,nor_ecb_dfr_chg,gain,0.0,norway
NOR_15Y,5,LORO_GFC,GFC,loro,nor_ecb_dfr_level,gain,0.0,norway
NOR_15Y,5,LORO_GFC,GFC,loro,nor_eurnok_chg_1d,gain,0.0,norway
NOR_15Y,5,LORO_GFC,GFC,loro,nor_eurnok_level,gain,0.0,norway
NOR_15Y,5,LORO_GFC,GFC,loro,nor_eurnok_mom_1m,gain,0.0,norway
NOR_15Y,5,LORO_GFC,GFC,loro,nor_eurnok_mom_3m,gain,0.09536227583885193,norway
NOR_15Y,5,LORO_GFC,GFC,loro,nor_eurnok_rvol_20d,gain,0.1128540113568306,norway
NOR_15Y,5,LORO_GFC,GFC,loro,nor_govt_10y,gain,0.0,norway
NOR_15Y,5,LORO_GFC,GFC,loro,nor_govt_3y,gain,0.0,norway
NOR_15Y,5,LORO_GFC,GFC,loro,nor_govt_5y,gain,0.03874577581882477,norway
NOR_15Y,5,LORO_GFC,GFC,loro,nor_i44_chg_1d,gain,0.06205137073993683,norway
NOR_15Y,5,LORO_GFC,GFC,loro,nor_i44_level,gain,0.0,norway
NOR_15Y,5,LORO_GFC,GFC,loro,nor_i44_mom_1m,gain,0.0,norway
NOR_15Y,5,LORO_GFC,GFC,loro,nor_i44_mom_3m,gain,0.07752227783203125,norway
NOR_15Y,5,LORO_GFC,GFC,loro,nor_i44_rvol_20d,gain,0.08791104704141617,norway
NOR_15Y,5,LORO_GFC,GFC,loro,nor_kpi_yoy,gain,0.07817647606134415,norway
NOR_15Y,5,LORO_GFC,GFC,loro,nor_kpijae_yoy,gain,0.0,norway
NOR_15Y,5,LORO_GFC,GFC,loro,nor_nibor_nowa_spread,gain,0.0,norway
NOR_15Y,5,LORO_GFC,GFC,loro,nor_nowa_level,gain,0.0,norway
NOR_15Y,5,LORO_GFC,GFC,loro,nor_polrate_chg_1d,gain,0.0,norway
NOR_15Y,5,LORO_GFC,GFC,loro,nor_polrate_days_since_chg,gain,0.14251923561096191,norway
NOR_15Y,5,LORO_GFC,GFC,loro,nor_polrate_level,gain,0.0,norway
NOR_15Y,5,LORO_GFC,GFC,loro,nor_rb_rate_chg,gain,0.0,norway
NOR_15Y,5,LORO_GFC,GFC,loro,nor_rb_rate_level,gain,0.0,norway
NOR_15Y,5,LORO_GFC,GFC,loro,nor_unemp,gain,0.07125784456729889,norway
NOR_15Y,5,LORO_GFC,GFC,loro,nor_usdnok_chg_1d,gain,0.0,norway
NOR_15Y,5,LORO_GFC,GFC,loro,nor_usdnok_level,gain,0.0,norway
NOR_15Y,5,LORO_GFC,GFC,loro,nor_usdnok_mom_1m,gain,0.018318157643079758,norway
NOR_15Y,5,LORO_GFC,GFC,loro,nor_usdnok_mom_3m,gain,0.08246660977602005,norway
NOR_15Y,5,LORO_GFC,GFC,loro,nor_usdnok_rvol_20d,gain,0.04412379115819931,norway
NOR_15Y,5,LORO_GFC,GFC,loro,swap_govt_spread,gain,0.0,norway
NOR_15Y,5,LORO_GFC,GFC,loro,xmpca_01,gain,0.0702437311410904,cross_market
NOR_15Y,5,LORO_GFC,GFC,loro,xmpca_02,gain,0.042823031544685364,cross_market
NOR_15Y,5,LORO_GFC,GFC,loro,xmpca_03,gain,0.0,cross_market
NOR_15Y,5,LORO_GFC,GFC,loro,xmpca_04,gain,0.040458373725414276,cross_market
NOR_15Y,5,LORO_GFC,GFC,loro,xmpca_05,gain,0.0,cross_market
NOR_15Y,5,LORO_GFC,GFC,loro,xmpca_06,gain,0.05681656301021576,cross_market
NOR_15Y,5,LORO_GFC,GFC,loro,xmpca_07,gain,0.019402025267481804,cross_market
NOR_15Y,5,LORO_GFC,GFC,loro,xmpca_08,gain,0.053276240825653076,cross_market
NOR_15Y,5,LORO_GFC,GFC,loro,xmpca_09,gain,0.0,cross_market
NOR_15Y,5,LORO_GFC,GFC,loro,xmpca_10,gain,0.028487585484981537,cross_market
NOR_15Y,5,LORO_GFC,GFC,loro,xmpca_11,gain,0.08927693963050842,cross_market
NOR_15Y,5,LORO_GFC,GFC,loro,xmpca_12,gain,0.0,cross_market
NOR_15Y,5,LORO_GFC,GFC,loro,chg_lag1,weight,1.0,momentum
NOR_15Y,5,LORO_GFC,GFC,loro,chg_lag2,weight,0.0,momentum
NOR_15Y,5,LORO_GFC,GFC,loro,chg_lag3,weight,0.0,momentum
NOR_15Y,5,LORO_GFC,GFC,loro,chg_lag4,weight,0.0,momentum
NOR_15Y,5,LORO_GFC,GFC,loro,chg_lag5,weight,0.0,momentum
NOR_15Y,5,LORO_GFC,GFC,loro,carry_roll,weight,1.0,carry_roll
NOR_15Y,5,LORO_GFC,GFC,loro,mom_63d,weight,0.0,momentum
NOR_15Y,5,LORO_GFC,GFC,loro,mom_1m,weight,1.0,momentum
NOR_15Y,5,LORO_GFC,GFC,loro,mom_3m,weight,1.0,momentum
NOR_15Y,5,LORO_GFC,GFC,loro,mom_6m,weight,0.0,momentum
NOR_15Y,5,LORO_GFC,GFC,loro,mom_12m,weight,0.0,momentum
NOR_15Y,5,LORO_GFC,GFC,loro,dev_ma_3m,weight,1.0,curve
NOR_15Y,5,LORO_GFC,GFC,loro,dev_ma_12m,weight,1.0,curve
NOR_15Y,5,LORO_GFC,GFC,loro,vol_20d,weight,0.0,vol
NOR_15Y,5,LORO_GFC,GFC,loro,vol_regime,weight,0.0,vol
NOR_15Y,5,LORO_GFC,GFC,loro,vol_zscore,weight,0.0,vol
NOR_15Y,5,LORO_GFC,GFC,loro,level_zscore,weight,0.0,curve
NOR_15Y,5,LORO_GFC,GFC,loro,slope_10_1,weight,0.0,curve
NOR_15Y,5,LORO_GFC,GFC,loro,slope_10_5,weight,2.0,curve
NOR_15Y,5,LORO_GFC,GFC,loro,slope_5_1,weight,2.0,curve
NOR_15Y,5,LORO_GFC,GFC,loro,sofr_mom_1m,weight,2.0,macro
NOR_15Y,5,LORO_GFC,GFC,loro,ibor_level,weight,4.0,macro
NOR_15Y,5,LORO_GFC,GFC,loro,ibor_chg_1d,weight,0.0,macro
NOR_15Y,5,LORO_GFC,GFC,loro,ibor_mom_1m,weight,1.0,macro
NOR_15Y,5,LORO_GFC,GFC,loro,ibor_term_slope,weight,3.0,macro
NOR_15Y,5,LORO_GFC,GFC,loro,swap_ibor_basis,weight,0.0,curve
NOR_15Y,5,LORO_GFC,GFC,loro,move_level,weight,2.0,vol
NOR_15Y,5,LORO_GFC,GFC,loro,move_zscore,weight,1.0,vol
NOR_15Y,5,LORO_GFC,GFC,loro,vix_level,weight,1.0,vol
NOR_15Y,5,LORO_GFC,GFC,loro,vix_zscore,weight,0.0,vol
NOR_15Y,5,LORO_GFC,GFC,loro,v2x_level,weight,0.0,vol
NOR_15Y,5,LORO_GFC,GFC,loro,vxn_level,weight,0.0,vol
NOR_15Y,5,LORO_GFC,GFC,loro,ovx_level,weight,0.0,vol
NOR_15Y,5,LORO_GFC,GFC,loro,gvz_level,weight,0.0,vol
NOR_15Y,5,LORO_GFC,GFC,loro,spx_mom_1m,weight,0.0,macro
NOR_15Y,5,LORO_GFC,GFC,loro,spx_mom_3m,weight,0.0,macro
NOR_15Y,5,LORO_GFC,GFC,loro,sx5e_mom_1m,weight,0.0,macro
NOR_15Y,5,LORO_GFC,GFC,loro,sx5e_mom_3m,weight,0.0,macro
NOR_15Y,5,LORO_GFC,GFC,loro,mxwo_mom_1m,weight,0.0,macro
NOR_15Y,5,LORO_GFC,GFC,loro,ndx_mom_1m,weight,2.0,macro
NOR_15Y,5,LORO_GFC,GFC,loro,oil_mom_1m,weight,3.0,macro
NOR_15Y,5,LORO_GFC,GFC,loro,oil_mom_3m,weight,0.0,macro
NOR_15Y,5,LORO_GFC,GFC,loro,copper_mom_1m,weight,1.0,macro
NOR_15Y,5,LORO_GFC,GFC,loro,opec_prod,weight,0.0,macro
NOR_15Y,5,LORO_GFC,GFC,loro,natgas_mom_1m,weight,2.0,macro
NOR_15Y,5,LORO_GFC,GFC,loro,be5y_level,weight,0.0,macro
NOR_15Y,5,LORO_GFC,GFC,loro,be10y_level,weight,0.0,macro
NOR_15Y,5,LORO_GFC,GFC,loro,be_slope,weight,0.0,macro
NOR_15Y,5,LORO_GFC,GFC,loro,be5y_chg_1m,weight,0.0,macro
NOR_15Y,5,LORO_GFC,GFC,loro,ig_spread,weight,0.0,credit
NOR_15Y,5,LORO_GFC,GFC,loro,hy_spread,weight,0.0,credit
NOR_15Y,5,LORO_GFC,GFC,loro,ig_chg_1m,weight,0.0,credit
NOR_15Y,5,LORO_GFC,GFC,loro,hy_chg_1m,weight,0.0,credit
NOR_15Y,5,LORO_GFC,GFC,loro,cpi_yoy,weight,0.0,macro
NOR_15Y,5,LORO_GFC,GFC,loro,pce_core_chg,weight,1.0,macro
NOR_15Y,5,LORO_GFC,GFC,loro,nfp_change,weight,0.0,macro
NOR_15Y,5,LORO_GFC,GFC,loro,pmi_us,weight,0.0,macro
NOR_15Y,5,LORO_GFC,GFC,loro,pmi_eur,weight,4.0,macro
NOR_15Y,5,LORO_GFC,GFC,loro,unemp_eur,weight,0.0,macro
NOR_15Y,5,LORO_GFC,GFC,loro,cpi_nsa_level,weight,0.0,macro
NOR_15Y,5,LORO_GFC,GFC,loro,pce_core_level,weight,0.0,macro
NOR_15Y,5,LORO_GFC,GFC,loro,eur_3m,weight,0.0,macro
NOR_15Y,5,LORO_GFC,GFC,loro,eur_1w,weight,0.0,macro
NOR_15Y,5,LORO_GFC,GFC,loro,nor_ibor_1m,weight,0.0,norway
NOR_15Y,5,LORO_GFC,GFC,loro,nor_ibor_6m,weight,0.0,norway
NOR_15Y,5,LORO_GFC,GFC,loro,nor_ecb_dfr_chg,weight,0.0,norway
NOR_15Y,5,LORO_GFC,GFC,loro,nor_ecb_dfr_level,weight,0.0,norway
NOR_15Y,5,LORO_GFC,GFC,loro,nor_eurnok_chg_1d,weight,0.0,norway
NOR_15Y,5,LORO_GFC,GFC,loro,nor_eurnok_level,weight,0.0,norway
NOR_15Y,5,LORO_GFC,GFC,loro,nor_eurnok_mom_1m,weight,0.0,norway
NOR_15Y,5,LORO_GFC,GFC,loro,nor_eurnok_mom_3m,weight,2.0,norway
NOR_15Y,5,LORO_GFC,GFC,loro,nor_eurnok_rvol_20d,weight,2.0,norway
NOR_15Y,5,LORO_GFC,GFC,loro,nor_govt_10y,weight,0.0,norway
NOR_15Y,5,LORO_GFC,GFC,loro,nor_govt_3y,weight,0.0,norway
NOR_15Y,5,LORO_GFC,GFC,loro,nor_govt_5y,weight,2.0,norway
NOR_15Y,5,LORO_GFC,GFC,loro,nor_i44_chg_1d,weight,1.0,norway
NOR_15Y,5,LORO_GFC,GFC,loro,nor_i44_level,weight,0.0,norway
NOR_15Y,5,LORO_GFC,GFC,loro,nor_i44_mom_1m,weight,0.0,norway
NOR_15Y,5,LORO_GFC,GFC,loro,nor_i44_mom_3m,weight,1.0,norway
NOR_15Y,5,LORO_GFC,GFC,loro,nor_i44_rvol_20d,weight,1.0,norway
NOR_15Y,5,LORO_GFC,GFC,loro,nor_kpi_yoy,weight,4.0,norway
NOR_15Y,5,LORO_GFC,GFC,loro,nor_kpijae_yoy,weight,0.0,norway
NOR_15Y,5,LORO_GFC,GFC,loro,nor_nibor_nowa_spread,weight,0.0,norway
NOR_15Y,5,LORO_GFC,GFC,loro,nor_nowa_level,weight,0.0,norway
NOR_15Y,5,LORO_GFC,GFC,loro,nor_polrate_chg_1d,weight,0.0,norway
NOR_15Y,5,LORO_GFC,GFC,loro,nor_polrate_days_since_chg,weight,1.0,norway
NOR_15Y,5,LORO_GFC,GFC,loro,nor_polrate_level,weight,0.0,norway
NOR_15Y,5,LORO_GFC,GFC,loro,nor_rb_rate_chg,weight,0.0,norway
NOR_15Y,5,LORO_GFC,GFC,loro,nor_rb_rate_level,weight,0.0,norway
NOR_15Y,5,LORO_GFC,GFC,loro,nor_unemp,weight,1.0,norway
NOR_15Y,5,LORO_GFC,GFC,loro,nor_usdnok_chg_1d,weight,0.0,norway
NOR_15Y,5,LORO_GFC,GFC,loro,nor_usdnok_level,weight,0.0,norway
NOR_15Y,5,LORO_GFC,GFC,loro,nor_usdnok_mom_1m,weight,1.0,norway
NOR_15Y,5,LORO_GFC,GFC,loro,nor_usdnok_mom_3m,weight,3.0,norway
NOR_15Y,5,LORO_GFC,GFC,loro,nor_usdnok_rvol_20d,weight,2.0,norway
NOR_15Y,5,LORO_GFC,GFC,loro,swap_govt_spread,weight,0.0,norway
NOR_15Y,5,LORO_GFC,GFC,loro,xmpca_01,weight,2.0,cross_market
NOR_15Y,5,LORO_GFC,GFC,loro,xmpca_02,weight,1.0,cross_market
NOR_15Y,5,LORO_GFC,GFC,loro,xmpca_03,weight,0.0,cross_market
NOR_15Y,5,LORO_GFC,GFC,loro,xmpca_04,weight,1.0,cross_market
NOR_15Y,5,LORO_GFC,GFC,loro,xmpca_05,weight,0.0,cross_market
NOR_15Y,5,LORO_GFC,GFC,loro,xmpca_06,weight,1.0,cross_market
NOR_15Y,5,LORO_GFC,GFC,loro,xmpca_07,weight,1.0,cross_market
NOR_15Y,5,LORO_GFC,GFC,loro,xmpca_08,weight,1.0,cross_market
NOR_15Y,5,LORO_GFC,GFC,loro,xmpca_09,weight,0.0,cross_market
NOR_15Y,5,LORO_GFC,GFC,loro,xmpca_10,weight,1.0,cross_market
NOR_15Y,5,LORO_GFC,GFC,loro,xmpca_11,weight,3.0,cross_market
NOR_15Y,5,LORO_GFC,GFC,loro,xmpca_12,weight,0.0,cross_market
NOR_15Y,5,LORO_GFC,GFC,loro,chg_lag1,cover,62.0,momentum
NOR_15Y,5,LORO_GFC,GFC,loro,chg_lag2,cover,0.0,momentum
NOR_15Y,5,LORO_GFC,GFC,loro,chg_lag3,cover,0.0,momentum
NOR_15Y,5,LORO_GFC,GFC,loro,chg_lag4,cover,0.0,momentum
NOR_15Y,5,LORO_GFC,GFC,loro,chg_lag5,cover,0.0,momentum
NOR_15Y,5,LORO_GFC,GFC,loro,carry_roll,cover,1458.0,carry_roll
NOR_15Y,5,LORO_GFC,GFC,loro,mom_63d,cover,0.0,momentum
NOR_15Y,5,LORO_GFC,GFC,loro,mom_1m,cover,51.0,momentum
NOR_15Y,5,LORO_GFC,GFC,loro,mom_3m,cover,1431.0,momentum
NOR_15Y,5,LORO_GFC,GFC,loro,mom_6m,cover,0.0,momentum
NOR_15Y,5,LORO_GFC,GFC,loro,mom_12m,cover,0.0,momentum
NOR_15Y,5,LORO_GFC,GFC,loro,dev_ma_3m,cover,437.0,curve
NOR_15Y,5,LORO_GFC,GFC,loro,dev_ma_12m,cover,17.0,curve
NOR_15Y,5,LORO_GFC,GFC,loro,vol_20d,cover,0.0,vol
NOR_15Y,5,LORO_GFC,GFC,loro,vol_regime,cover,0.0,vol
NOR_15Y,5,LORO_GFC,GFC,loro,vol_zscore,cover,0.0,vol
NOR_15Y,5,LORO_GFC,GFC,loro,level_zscore,cover,0.0,curve
NOR_15Y,5,LORO_GFC,GFC,loro,slope_10_1,cover,0.0,curve
NOR_15Y,5,LORO_GFC,GFC,loro,slope_10_5,cover,65.0,curve
NOR_15Y,5,LORO_GFC,GFC,loro,slope_5_1,cover,1203.5,curve
NOR_15Y,5,LORO_GFC,GFC,loro,sofr_mom_1m,cover,1635.0,macro
NOR_15Y,5,LORO_GFC,GFC,loro,ibor_level,cover,1188.0,macro
NOR_15Y,5,LORO_GFC,GFC,loro,ibor_chg_1d,cover,0.0,macro
NOR_15Y,5,LORO_GFC,GFC,loro,ibor_mom_1m,cover,337.0,macro
NOR_15Y,5,LORO_GFC,GFC,loro,ibor_term_slope,cover,662.0,macro
NOR_15Y,5,LORO_GFC,GFC,loro,swap_ibor_basis,cover,0.0,curve
NOR_15Y,5,LORO_GFC,GFC,loro,move_level,cover,158.5,vol
NOR_15Y,5,LORO_GFC,GFC,loro,move_zscore,cover,257.0,vol
NOR_15Y,5,LORO_GFC,GFC,loro,vix_level,cover,79.0,vol
NOR_15Y,5,LORO_GFC,GFC,loro,vix_zscore,cover,0.0,vol
NOR_15Y,5,LORO_GFC,GFC,loro,v2x_level,cover,0.0,vol
NOR_15Y,5,LORO_GFC,GFC,loro,vxn_level,cover,0.0,vol
NOR_15Y,5,LORO_GFC,GFC,loro,ovx_level,cover,0.0,vol
NOR_15Y,5,LORO_GFC,GFC,loro,gvz_level,cover,0.0,vol
NOR_15Y,5,LORO_GFC,GFC,loro,spx_mom_1m,cover,0.0,macro
NOR_15Y,5,LORO_GFC,GFC,loro,spx_mom_3m,cover,0.0,macro
NOR_15Y,5,LORO_GFC,GFC,loro,sx5e_mom_1m,cover,0.0,macro
NOR_15Y,5,LORO_GFC,GFC,loro,sx5e_mom_3m,cover,0.0,macro
NOR_15Y,5,LORO_GFC,GFC,loro,mxwo_mom_1m,cover,0.0,macro
NOR_15Y,5,LORO_GFC,GFC,loro,ndx_mom_1m,cover,477.5,macro
NOR_15Y,5,LORO_GFC,GFC,loro,oil_mom_1m,cover,1522.6666259765625,macro
NOR_15Y,5,LORO_GFC,GFC,loro,oil_mom_3m,cover,0.0,macro
NOR_15Y,5,LORO_GFC,GFC,loro,copper_mom_1m,cover,37.0,macro
NOR_15Y,5,LORO_GFC,GFC,loro,opec_prod,cover,0.0,macro
NOR_15Y,5,LORO_GFC,GFC,loro,natgas_mom_1m,cover,185.5,macro
NOR_15Y,5,LORO_GFC,GFC,loro,be5y_level,cover,0.0,macro
NOR_15Y,5,LORO_GFC,GFC,loro,be10y_level,cover,0.0,macro
NOR_15Y,5,LORO_GFC,GFC,loro,be_slope,cover,0.0,macro
NOR_15Y,5,LORO_GFC,GFC,loro,be5y_chg_1m,cover,0.0,macro
NOR_15Y,5,LORO_GFC,GFC,loro,ig_spread,cover,0.0,credit
NOR_15Y,5,LORO_GFC,GFC,loro,hy_spread,cover,0.0,credit
NOR_15Y,5,LORO_GFC,GFC,loro,ig_chg_1m,cover,0.0,credit
NOR_15Y,5,LORO_GFC,GFC,loro,hy_chg_1m,cover,0.0,credit
NOR_15Y,5,LORO_GFC,GFC,loro,cpi_yoy,cover,0.0,macro
NOR_15Y,5,LORO_GFC,GFC,loro,pce_core_chg,cover,35.0,macro
NOR_15Y,5,LORO_GFC,GFC,loro,nfp_change,cover,0.0,macro
NOR_15Y,5,LORO_GFC,GFC,loro,pmi_us,cover,0.0,macro
NOR_15Y,5,LORO_GFC,GFC,loro,pmi_eur,cover,1707.25,macro
NOR_15Y,5,LORO_GFC,GFC,loro,unemp_eur,cover,0.0,macro
NOR_15Y,5,LORO_GFC,GFC,loro,cpi_nsa_level,cover,0.0,macro
NOR_15Y,5,LORO_GFC,GFC,loro,pce_core_level,cover,0.0,macro
NOR_15Y,5,LORO_GFC,GFC,loro,eur_3m,cover,0.0,macro
NOR_15Y,5,LORO_GFC,GFC,loro,eur_1w,cover,0.0,macro
NOR_15Y,5,LORO_GFC,GFC,loro,nor_ibor_1m,cover,0.0,norway
NOR_15Y,5,LORO_GFC,GFC,loro,nor_ibor_6m,cover,0.0,norway
NOR_15Y,5,LORO_GFC,GFC,loro,nor_ecb_dfr_chg,cover,0.0,norway
NOR_15Y,5,LORO_GFC,GFC,loro,nor_ecb_dfr_level,cover,0.0,norway
NOR_15Y,5,LORO_GFC,GFC,loro,nor_eurnok_chg_1d,cover,0.0,norway
NOR_15Y,5,LORO_GFC,GFC,loro,nor_eurnok_level,cover,0.0,norway
NOR_15Y,5,LORO_GFC,GFC,loro,nor_eurnok_mom_1m,cover,0.0,norway
NOR_15Y,5,LORO_GFC,GFC,loro,nor_eurnok_mom_3m,cover,966.0,norway
NOR_15Y,5,LORO_GFC,GFC,loro,nor_eurnok_rvol_20d,cover,200.0,norway
NOR_15Y,5,LORO_GFC,GFC,loro,nor_govt_10y,cover,0.0,norway
NOR_15Y,5,LORO_GFC,GFC,loro,nor_govt_3y,cover,0.0,norway
NOR_15Y,5,LORO_GFC,GFC,loro,nor_govt_5y,cover,796.0,norway
NOR_15Y,5,LORO_GFC,GFC,loro,nor_i44_chg_1d,cover,76.0,norway
NOR_15Y,5,LORO_GFC,GFC,loro,nor_i44_level,cover,0.0,norway
NOR_15Y,5,LORO_GFC,GFC,loro,nor_i44_mom_1m,cover,0.0,norway
NOR_15Y,5,LORO_GFC,GFC,loro,nor_i44_mom_3m,cover,1539.0,norway
NOR_15Y,5,LORO_GFC,GFC,loro,nor_i44_rvol_20d,cover,109.0,norway
NOR_15Y,5,LORO_GFC,GFC,loro,nor_kpi_yoy,cover,1184.0,norway
NOR_15Y,5,LORO_GFC,GFC,loro,nor_kpijae_yoy,cover,0.0,norway
NOR_15Y,5,LORO_GFC,GFC,loro,nor_nibor_nowa_spread,cover,0.0,norway
NOR_15Y,5,LORO_GFC,GFC,loro,nor_nowa_level,cover,0.0,norway
NOR_15Y,5,LORO_GFC,GFC,loro,nor_polrate_chg_1d,cover,0.0,norway
NOR_15Y,5,LORO_GFC,GFC,loro,nor_polrate_days_since_chg,cover,182.0,norway
NOR_15Y,5,LORO_GFC,GFC,loro,nor_polrate_level,cover,0.0,norway
NOR_15Y,5,LORO_GFC,GFC,loro,nor_rb_rate_chg,cover,0.0,norway
NOR_15Y,5,LORO_GFC,GFC,loro,nor_rb_rate_level,cover,0.0,norway
NOR_15Y,5,LORO_GFC,GFC,loro,nor_unemp,cover,592.0,norway
NOR_15Y,5,LORO_GFC,GFC,loro,nor_usdnok_chg_1d,cover,0.0,norway
NOR_15Y,5,LORO_GFC,GFC,loro,nor_usdnok_level,cover,0.0,norway
NOR_15Y,5,LORO_GFC,GFC,loro,nor_usdnok_mom_1m,cover,12.0,norway
NOR_15Y,5,LORO_GFC,GFC,loro,nor_usdnok_mom_3m,cover,1163.0,norway
NOR_15Y,5,LORO_GFC,GFC,loro,nor_usdnok_rvol_20d,cover,56.0,norway
NOR_15Y,5,LORO_GFC,GFC,loro,swap_govt_spread,cover,0.0,norway
NOR_15Y,5,LORO_GFC,GFC,loro,xmpca_01,cover,1222.5,cross_market
NOR_15Y,5,LORO_GFC,GFC,loro,xmpca_02,cover,78.0,cross_market
NOR_15Y,5,LORO_GFC,GFC,loro,xmpca_03,cover,0.0,cross_market
NOR_15Y,5,LORO_GFC,GFC,loro,xmpca_04,cover,102.0,cross_market
NOR_15Y,5,LORO_GFC,GFC,loro,xmpca_05,cover,0.0,cross_market
NOR_15Y,5,LORO_GFC,GFC,loro,xmpca_06,cover,120.0,cross_market
NOR_15Y,5,LORO_GFC,GFC,loro,xmpca_07,cover,15.0,cross_market
NOR_15Y,5,LORO_GFC,GFC,loro,xmpca_08,cover,523.0,cross_market
NOR_15Y,5,LORO_GFC,GFC,loro,xmpca_09,cover,0.0,cross_market
NOR_15Y,5,LORO_GFC,GFC,loro,xmpca_10,cover,33.0,cross_market
NOR_15Y,5,LORO_GFC,GFC,loro,xmpca_11,cover,1387.0,cross_market
NOR_15Y,5,LORO_GFC,GFC,loro,xmpca_12,cover,0.0,cross_market
NOR_15Y,5,LORO_GFC,GFC,loro,chg_lag1,total_gain,0.08048541843891144,momentum
NOR_15Y,5,LORO_GFC,GFC,loro,chg_lag2,total_gain,0.0,momentum
NOR_15Y,5,LORO_GFC,GFC,loro,chg_lag3,total_gain,0.0,momentum
NOR_15Y,5,LORO_GFC,GFC,loro,chg_lag4,total_gain,0.0,momentum
NOR_15Y,5,LORO_GFC,GFC,loro,chg_lag5,total_gain,0.0,momentum
NOR_15Y,5,LORO_GFC,GFC,loro,carry_roll,total_gain,0.08598991483449936,carry_roll
NOR_15Y,5,LORO_GFC,GFC,loro,mom_63d,total_gain,0.0,momentum
NOR_15Y,5,LORO_GFC,GFC,loro,mom_1m,total_gain,0.05477064102888107,momentum
NOR_15Y,5,LORO_GFC,GFC,loro,mom_3m,total_gain,0.08408543467521667,momentum
NOR_15Y,5,LORO_GFC,GFC,loro,mom_6m,total_gain,0.0,momentum
NOR_15Y,5,LORO_GFC,GFC,loro,mom_12m,total_gain,0.0,momentum
NOR_15Y,5,LORO_GFC,GFC,loro,dev_ma_3m,total_gain,0.06726805865764618,curve
NOR_15Y,5,LORO_GFC,GFC,loro,dev_ma_12m,total_gain,0.01866823434829712,curve
NOR_15Y,5,LORO_GFC,GFC,loro,vol_20d,total_gain,0.0,vol
NOR_15Y,5,LORO_GFC,GFC,loro,vol_regime,total_gain,0.0,vol
NOR_15Y,5,LORO_GFC,GFC,loro,vol_zscore,total_gain,0.0,vol
NOR_15Y,5,LORO_GFC,GFC,loro,level_zscore,total_gain,0.0,curve
NOR_15Y,5,LORO_GFC,GFC,loro,slope_10_1,total_gain,0.0,curve
NOR_15Y,5,LORO_GFC,GFC,loro,slope_10_5,total_gain,0.17845496535301208,curve
NOR_15Y,5,LORO_GFC,GFC,loro,slope_5_1,total_gain,0.17720457911491394,curve
NOR_15Y,5,LORO_GFC,GFC,loro,sofr_mom_1m,total_gain,0.16755437850952148,macro
NOR_15Y,5,LORO_GFC,GFC,loro,ibor_level,total_gain,0.25353187322616577,macro
NOR_15Y,5,LORO_GFC,GFC,loro,ibor_chg_1d,total_gain,0.0,macro
NOR_15Y,5,LORO_GFC,GFC,loro,ibor_mom_1m,total_gain,0.054439373314380646,macro
NOR_15Y,5,LORO_GFC,GFC,loro,ibor_term_slope,total_gain,0.1613648235797882,macro
NOR_15Y,5,LORO_GFC,GFC,loro,swap_ibor_basis,total_gain,0.0,curve
NOR_15Y,5,LORO_GFC,GFC,loro,move_level,total_gain,0.2149827480316162,vol
NOR_15Y,5,LORO_GFC,GFC,loro,move_zscore,total_gain,0.12320040911436081,vol
NOR_15Y,5,LORO_GFC,GFC,loro,vix_level,total_gain,0.04308684170246124,vol
NOR_15Y,5,LORO_GFC,GFC,loro,vix_zscore,total_gain,0.0,vol
NOR_15Y,5,LORO_GFC,GFC,loro,v2x_level,total_gain,0.0,vol
NOR_15Y,5,LORO_GFC,GFC,loro,vxn_level,total_gain,0.0,vol
NOR_15Y,5,LORO_GFC,GFC,loro,ovx_level,total_gain,0.0,vol
NOR_15Y,5,LORO_GFC,GFC,loro,gvz_level,total_gain,0.0,vol
NOR_15Y,5,LORO_GFC,GFC,loro,spx_mom_1m,total_gain,0.0,macro
NOR_15Y,5,LORO_GFC,GFC,loro,spx_mom_3m,total_gain,0.0,macro
NOR_15Y,5,LORO_GFC,GFC,loro,sx5e_mom_1m,total_gain,0.0,macro
NOR_15Y,5,LORO_GFC,GFC,loro,sx5e_mom_3m,total_gain,0.0,macro
NOR_15Y,5,LORO_GFC,GFC,loro,mxwo_mom_1m,total_gain,0.0,macro
NOR_15Y,5,LORO_GFC,GFC,loro,ndx_mom_1m,total_gain,0.09999212622642517,macro
NOR_15Y,5,LORO_GFC,GFC,loro,oil_mom_1m,total_gain,0.224136620759964,macro
NOR_15Y,5,LORO_GFC,GFC,loro,oil_mom_3m,total_gain,0.0,macro
NOR_15Y,5,LORO_GFC,GFC,loro,copper_mom_1m,total_gain,0.0724930539727211,macro
NOR_15Y,5,LORO_GFC,GFC,loro,opec_prod,total_gain,0.0,macro
NOR_15Y,5,LORO_GFC,GFC,loro,natgas_mom_1m,total_gain,0.11565792560577393,macro
NOR_15Y,5,LORO_GFC,GFC,loro,be5y_level,total_gain,0.0,macro
NOR_15Y,5,LORO_GFC,GFC,loro,be10y_level,total_gain,0.0,macro
NOR_15Y,5,LORO_GFC,GFC,loro,be_slope,total_gain,0.0,macro
NOR_15Y,5,LORO_GFC,GFC,loro,be5y_chg_1m,total_gain,0.0,macro
NOR_15Y,5,LORO_GFC,GFC,loro,ig_spread,total_gain,0.0,credit
NOR_15Y,5,LORO_GFC,GFC,loro,hy_spread,total_gain,0.0,credit
NOR_15Y,5,LORO_GFC,GFC,loro,ig_chg_1m,total_gain,0.0,credit
NOR_15Y,5,LORO_GFC,GFC,loro,hy_chg_1m,total_gain,0.0,credit
NOR_15Y,5,LORO_GFC,GFC,loro,cpi_yoy,total_gain,0.0,macro
NOR_15Y,5,LORO_GFC,GFC,loro,pce_core_chg,total_gain,0.04224264621734619,macro
NOR_15Y,5,LORO_GFC,GFC,loro,nfp_change,total_gain,0.0,macro
NOR_15Y,5,LORO_GFC,GFC,loro,pmi_us,total_gain,0.0,macro
NOR_15Y,5,LORO_GFC,GFC,loro,pmi_eur,total_gain,0.3683490455150604,macro
NOR_15Y,5,LORO_GFC,GFC,loro,unemp_eur,total_gain,0.0,macro
NOR_15Y,5,LORO_GFC,GFC,loro,cpi_nsa_level,total_gain,0.0,macro
NOR_15Y,5,LORO_GFC,GFC,loro,pce_core_level,total_gain,0.0,macro
NOR_15Y,5,LORO_GFC,GFC,loro,eur_3m,total_gain,0.0,macro
NOR_15Y,5,LORO_GFC,GFC,loro,eur_1w,total_gain,0.0,macro
NOR_15Y,5,LORO_GFC,GFC,loro,nor_ibor_1m,total_gain,0.0,norway
NOR_15Y,5,LORO_GFC,GFC,loro,nor_ibor_6m,total_gain,0.0,norway
NOR_15Y,5,LORO_GFC,GFC,loro,nor_ecb_dfr_chg,total_gain,0.0,norway
NOR_15Y,5,LORO_GFC,GFC,loro,nor_ecb_dfr_level,total_gain,0.0,norway
NOR_15Y,5,LORO_GFC,GFC,loro,nor_eurnok_chg_1d,total_gain,0.0,norway
NOR_15Y,5,LORO_GFC,GFC,loro,nor_eurnok_level,total_gain,0.0,norway
NOR_15Y,5,LORO_GFC,GFC,loro,nor_eurnok_mom_1m,total_gain,0.0,norway
NOR_15Y,5,LORO_GFC,GFC,loro,nor_eurnok_mom_3m,total_gain,0.19072455167770386,norway
NOR_15Y,5,LORO_GFC,GFC,loro,nor_eurnok_rvol_20d,total_gain,0.2257080227136612,norway
NOR_15Y,5,LORO_GFC,GFC,loro,nor_govt_10y,total_gain,0.0,norway
NOR_15Y,5,LORO_GFC,GFC,loro,nor_govt_3y,total_gain,0.0,norway
NOR_15Y,5,LORO_GFC,GFC,loro,nor_govt_5y,total_gain,0.07749155163764954,norway
NOR_15Y,5,LORO_GFC,GFC,loro,nor_i44_chg_1d,total_gain,0.06205137073993683,norway
NOR_15Y,5,LORO_GFC,GFC,loro,nor_i44_level,total_gain,0.0,norway
NOR_15Y,5,LORO_GFC,GFC,loro,nor_i44_mom_1m,total_gain,0.0,norway
NOR_15Y,5,LORO_GFC,GFC,loro,nor_i44_mom_3m,total_gain,0.07752227783203125,norway
NOR_15Y,5,LORO_GFC,GFC,loro,nor_i44_rvol_20d,total_gain,0.08791104704141617,norway
NOR_15Y,5,LORO_GFC,GFC,loro,nor_kpi_yoy,total_gain,0.3127059042453766,norway
NOR_15Y,5,LORO_GFC,GFC,loro,nor_kpijae_yoy,total_gain,0.0,norway
NOR_15Y,5,LORO_GFC,GFC,loro,nor_nibor_nowa_spread,total_gain,0.0,norway
NOR_15Y,5,LORO_GFC,GFC,loro,nor_nowa_level,total_gain,0.0,norway
NOR_15Y,5,LORO_GFC,GFC,loro,nor_polrate_chg_1d,total_gain,0.0,norway
NOR_15Y,5,LORO_GFC,GFC,loro,nor_polrate_days_since_chg,total_gain,0.14251923561096191,norway
NOR_15Y,5,LORO_GFC,GFC,loro,nor_polrate_level,total_gain,0.0,norway
NOR_15Y,5,LORO_GFC,GFC,loro,nor_rb_rate_chg,total_gain,0.0,norway
NOR_15Y,5,LORO_GFC,GFC,loro,nor_rb_rate_level,total_gain,0.0,norway
NOR_15Y,5,LORO_GFC,GFC,loro,nor_unemp,total_gain,0.07125784456729889,norway
NOR_15Y,5,LORO_GFC,GFC,loro,nor_usdnok_chg_1d,total_gain,0.0,norway
NOR_15Y,5,LORO_GFC,GFC,loro,nor_usdnok_level,total_gain,0.0,norway
NOR_15Y,5,LORO_GFC,GFC,loro,nor_usdnok_mom_1m,total_gain,0.018318157643079758,norway
NOR_15Y,5,LORO_GFC,GFC,loro,nor_usdnok_mom_3m,total_gain,0.24739982187747955,norway
NOR_15Y,5,LORO_GFC,GFC,loro,nor_usdnok_rvol_20d,total_gain,0.08824758231639862,norway
NOR_15Y,5,LORO_GFC,GFC,loro,swap_govt_spread,total_gain,0.0,norway
NOR_15Y,5,LORO_GFC,GFC,loro,xmpca_01,total_gain,0.1404874622821808,cross_market
NOR_15Y,5,LORO_GFC,GFC,loro,xmpca_02,total_gain,0.042823031544685364,cross_market
NOR_15Y,5,LORO_GFC,GFC,loro,xmpca_03,total_gain,0.0,cross_market
NOR_15Y,5,LORO_GFC,GFC,loro,xmpca_04,total_gain,0.040458373725414276,cross_market
NOR_15Y,5,LORO_GFC,GFC,loro,xmpca_05,total_gain,0.0,cross_market
NOR_15Y,5,LORO_GFC,GFC,loro,xmpca_06,total_gain,0.05681656301021576,cross_market
NOR_15Y,5,LORO_GFC,GFC,loro,xmpca_07,total_gain,0.019402025267481804,cross_market
NOR_15Y,5,LORO_GFC,GFC,loro,xmpca_08,total_gain,0.053276240825653076,cross_market
NOR_15Y,5,LORO_GFC,GFC,loro,xmpca_09,total_gain,0.0,cross_market
NOR_15Y,5,LORO_GFC,GFC,loro,xmpca_10,total_gain,0.028487585484981537,cross_market
NOR_15Y,5,LORO_GFC,GFC,loro,xmpca_11,total_gain,0.26783081889152527,cross_market
NOR_15Y,5,LORO_GFC,GFC,loro,xmpca_12,total_gain,0.0,cross_market
NOR_15Y,5,LORO_GFC,GFC,loro,chg_lag1,total_cover,62.0,momentum
NOR_15Y,5,LORO_GFC,GFC,loro,chg_lag2,total_cover,0.0,momentum
NOR_15Y,5,LORO_GFC,GFC,loro,chg_lag3,total_cover,0.0,momentum
NOR_15Y,5,LORO_GFC,GFC,loro,chg_lag4,total_cover,0.0,momentum
NOR_15Y,5,LORO_GFC,GFC,loro,chg_lag5,total_cover,0.0,momentum
NOR_15Y,5,LORO_GFC,GFC,loro,carry_roll,total_cover,1458.0,carry_roll
NOR_15Y,5,LORO_GFC,GFC,loro,mom_63d,total_cover,0.0,momentum
NOR_15Y,5,LORO_GFC,GFC,loro,mom_1m,total_cover,51.0,momentum
NOR_15Y,5,LORO_GFC,GFC,loro,mom_3m,total_cover,1431.0,momentum
NOR_15Y,5,LORO_GFC,GFC,loro,mom_6m,total_cover,0.0,momentum
NOR_15Y,5,LORO_GFC,GFC,loro,mom_12m,total_cover,0.0,momentum
NOR_15Y,5,LORO_GFC,GFC,loro,dev_ma_3m,total_cover,437.0,curve
NOR_15Y,5,LORO_GFC,GFC,loro,dev_ma_12m,total_cover,17.0,curve
NOR_15Y,5,LORO_GFC,GFC,loro,vol_20d,total_cover,0.0,vol
NOR_15Y,5,LORO_GFC,GFC,loro,vol_regime,total_cover,0.0,vol
NOR_15Y,5,LORO_GFC,GFC,loro,vol_zscore,total_cover,0.0,vol
NOR_15Y,5,LORO_GFC,GFC,loro,level_zscore,total_cover,0.0,curve
NOR_15Y,5,LORO_GFC,GFC,loro,slope_10_1,total_cover,0.0,curve
NOR_15Y,5,LORO_GFC,GFC,loro,slope_10_5,total_cover,130.0,curve
NOR_15Y,5,LORO_GFC,GFC,loro,slope_5_1,total_cover,2407.0,curve
NOR_15Y,5,LORO_GFC,GFC,loro,sofr_mom_1m,total_cover,3270.0,macro
NOR_15Y,5,LORO_GFC,GFC,loro,ibor_level,total_cover,4752.0,macro
NOR_15Y,5,LORO_GFC,GFC,loro,ibor_chg_1d,total_cover,0.0,macro
NOR_15Y,5,LORO_GFC,GFC,loro,ibor_mom_1m,total_cover,337.0,macro
NOR_15Y,5,LORO_GFC,GFC,loro,ibor_term_slope,total_cover,1986.0,macro
NOR_15Y,5,LORO_GFC,GFC,loro,swap_ibor_basis,total_cover,0.0,curve
NOR_15Y,5,LORO_GFC,GFC,loro,move_level,total_cover,317.0,vol
NOR_15Y,5,LORO_GFC,GFC,loro,move_zscore,total_cover,257.0,vol
NOR_15Y,5,LORO_GFC,GFC,loro,vix_level,total_cover,79.0,vol
NOR_15Y,5,LORO_GFC,GFC,loro,vix_zscore,total_cover,0.0,vol
NOR_15Y,5,LORO_GFC,GFC,loro,v2x_level,total_cover,0.0,vol
NOR_15Y,5,LORO_GFC,GFC,loro,vxn_level,total_cover,0.0,vol
NOR_15Y,5,LORO_GFC,GFC,loro,ovx_level,total_cover,0.0,vol
NOR_15Y,5,LORO_GFC,GFC,loro,gvz_level,total_cover,0.0,vol
NOR_15Y,5,LORO_GFC,GFC,loro,spx_mom_1m,total_cover,0.0,macro
NOR_15Y,5,LORO_GFC,GFC,loro,spx_mom_3m,total_cover,0.0,macro
NOR_15Y,5,LORO_GFC,GFC,loro,sx5e_mom_1m,total_cover,0.0,macro
NOR_15Y,5,LORO_GFC,GFC,loro,sx5e_mom_3m,total_cover,0.0,macro
NOR_15Y,5,LORO_GFC,GFC,loro,mxwo_mom_1m,total_cover,0.0,macro
NOR_15Y,5,LORO_GFC,GFC,loro,ndx_mom_1m,total_cover,955.0,macro
NOR_15Y,5,LORO_GFC,GFC,loro,oil_mom_1m,total_cover,4568.0,macro
NOR_15Y,5,LORO_GFC,GFC,loro,oil_mom_3m,total_cover,0.0,macro
NOR_15Y,5,LORO_GFC,GFC,loro,copper_mom_1m,total_cover,37.0,macro
NOR_15Y,5,LORO_GFC,GFC,loro,opec_prod,total_cover,0.0,macro
NOR_15Y,5,LORO_GFC,GFC,loro,natgas_mom_1m,total_cover,371.0,macro
NOR_15Y,5,LORO_GFC,GFC,loro,be5y_level,total_cover,0.0,macro
NOR_15Y,5,LORO_GFC,GFC,loro,be10y_level,total_cover,0.0,macro
NOR_15Y,5,LORO_GFC,GFC,loro,be_slope,total_cover,0.0,macro
NOR_15Y,5,LORO_GFC,GFC,loro,be5y_chg_1m,total_cover,0.0,macro
NOR_15Y,5,LORO_GFC,GFC,loro,ig_spread,total_cover,0.0,credit
NOR_15Y,5,LORO_GFC,GFC,loro,hy_spread,total_cover,0.0,credit
NOR_15Y,5,LORO_GFC,GFC,loro,ig_chg_1m,total_cover,0.0,credit
NOR_15Y,5,LORO_GFC,GFC,loro,hy_chg_1m,total_cover,0.0,credit
NOR_15Y,5,LORO_GFC,GFC,loro,cpi_yoy,total_cover,0.0,macro
NOR_15Y,5,LORO_GFC,GFC,loro,pce_core_chg,total_cover,35.0,macro
NOR_15Y,5,LORO_GFC,GFC,loro,nfp_change,total_cover,0.0,macro
NOR_15Y,5,LORO_GFC,GFC,loro,pmi_us,total_cover,0.0,macro
NOR_15Y,5,LORO_GFC,GFC,loro,pmi_eur,total_cover,6829.0,macro
NOR_15Y,5,LORO_GFC,GFC,loro,unemp_eur,total_cover,0.0,macro
NOR_15Y,5,LORO_GFC,GFC,loro,cpi_nsa_level,total_cover,0.0,macro
NOR_15Y,5,LORO_GFC,GFC,loro,pce_core_level,total_cover,0.0,macro
NOR_15Y,5,LORO_GFC,GFC,loro,eur_3m,total_cover,0.0,macro
NOR_15Y,5,LORO_GFC,GFC,loro,eur_1w,total_cover,0.0,macro
NOR_15Y,5,LORO_GFC,GFC,loro,nor_ibor_1m,total_cover,0.0,norway
NOR_15Y,5,LORO_GFC,GFC,loro,nor_ibor_6m,total_cover,0.0,norway
NOR_15Y,5,LORO_GFC,GFC,loro,nor_ecb_dfr_chg,total_cover,0.0,norway
NOR_15Y,5,LORO_GFC,GFC,loro,nor_ecb_dfr_level,total_cover,0.0,norway
NOR_15Y,5,LORO_GFC,GFC,loro,nor_eurnok_chg_1d,total_cover,0.0,norway
NOR_15Y,5,LORO_GFC,GFC,loro,nor_eurnok_level,total_cover,0.0,norway
NOR_15Y,5,LORO_GFC,GFC,loro,nor_eurnok_mom_1m,total_cover,0.0,norway
NOR_15Y,5,LORO_GFC,GFC,loro,nor_eurnok_mom_3m,total_cover,1932.0,norway
NOR_15Y,5,LORO_GFC,GFC,loro,nor_eurnok_rvol_20d,total_cover,400.0,norway
NOR_15Y,5,LORO_GFC,GFC,loro,nor_govt_10y,total_cover,0.0,norway
NOR_15Y,5,LORO_GFC,GFC,loro,nor_govt_3y,total_cover,0.0,norway
NOR_15Y,5,LORO_GFC,GFC,loro,nor_govt_5y,total_cover,1592.0,norway
NOR_15Y,5,LORO_GFC,GFC,loro,nor_i44_chg_1d,total_cover,76.0,norway
NOR_15Y,5,LORO_GFC,GFC,loro,nor_i44_level,total_cover,0.0,norway
NOR_15Y,5,LORO_GFC,GFC,loro,nor_i44_mom_1m,total_cover,0.0,norway
NOR_15Y,5,LORO_GFC,GFC,loro,nor_i44_mom_3m,total_cover,1539.0,norway
NOR_15Y,5,LORO_GFC,GFC,loro,nor_i44_rvol_20d,total_cover,109.0,norway
NOR_15Y,5,LORO_GFC,GFC,loro,nor_kpi_yoy,total_cover,4736.0,norway
NOR_15Y,5,LORO_GFC,GFC,loro,nor_kpijae_yoy,total_cover,0.0,norway
NOR_15Y,5,LORO_GFC,GFC,loro,nor_nibor_nowa_spread,total_cover,0.0,norway
NOR_15Y,5,LORO_GFC,GFC,loro,nor_nowa_level,total_cover,0.0,norway
NOR_15Y,5,LORO_GFC,GFC,loro,nor_polrate_chg_1d,total_cover,0.0,norway
NOR_15Y,5,LORO_GFC,GFC,loro,nor_polrate_days_since_chg,total_cover,182.0,norway
NOR_15Y,5,LORO_GFC,GFC,loro,nor_polrate_level,total_cover,0.0,norway
NOR_15Y,5,LORO_GFC,GFC,loro,nor_rb_rate_chg,total_cover,0.0,norway
NOR_15Y,5,LORO_GFC,GFC,loro,nor_rb_rate_level,total_cover,0.0,norway
NOR_15Y,5,LORO_GFC,GFC,loro,nor_unemp,total_cover,592.0,norway
NOR_15Y,5,LORO_GFC,GFC,loro,nor_usdnok_chg_1d,total_cover,0.0,norway
NOR_15Y,5,LORO_GFC,GFC,loro,nor_usdnok_level,total_cover,0.0,norway
NOR_15Y,5,LORO_GFC,GFC,loro,nor_usdnok_mom_1m,total_cover,12.0,norway
NOR_15Y,5,LORO_GFC,GFC,loro,nor_usdnok_mom_3m,total_cover,3489.0,norway
NOR_15Y,5,LORO_GFC,GFC,loro,nor_usdnok_rvol_20d,total_cover,112.0,norway
NOR_15Y,5,LORO_GFC,GFC,loro,swap_govt_spread,total_cover,0.0,norway
NOR_15Y,5,LORO_GFC,GFC,loro,xmpca_01,total_cover,2445.0,cross_market
NOR_15Y,5,LORO_GFC,GFC,loro,xmpca_02,total_cover,78.0,cross_market
NOR_15Y,5,LORO_GFC,GFC,loro,xmpca_03,total_cover,0.0,cross_market
NOR_15Y,5,LORO_GFC,GFC,loro,xmpca_04,total_cover,102.0,cross_market
NOR_15Y,5,LORO_GFC,GFC,loro,xmpca_05,total_cover,0.0,cross_market
NOR_15Y,5,LORO_GFC,GFC,loro,xmpca_06,total_cover,120.0,cross_market
NOR_15Y,5,LORO_GFC,GFC,loro,xmpca_07,total_cover,15.0,cross_market
NOR_15Y,5,LORO_GFC,GFC,loro,xmpca_08,total_cover,523.0,cross_market
NOR_15Y,5,LORO_GFC,GFC,loro,xmpca_09,total_cover,0.0,cross_market
NOR_15Y,5,LORO_GFC,GFC,loro,xmpca_10,total_cover,33.0,cross_market
NOR_15Y,5,LORO_GFC,GFC,loro,xmpca_11,total_cover,4161.0,cross_market
NOR_15Y,5,LORO_GFC,GFC,loro,xmpca_12,total_cover,0.0,cross_market
NOR_15Y,5,LORO_GFC,GFC,loro,chg_lag1,shap_mean_abs,0.00012910478108096868,momentum
NOR_15Y,5,LORO_GFC,GFC,loro,chg_lag2,shap_mean_abs,0.0,momentum
NOR_15Y,5,LORO_GFC,GFC,loro,chg_lag3,shap_mean_abs,0.0,momentum
NOR_15Y,5,LORO_GFC,GFC,loro,chg_lag4,shap_mean_abs,0.0,momentum
NOR_15Y,5,LORO_GFC,GFC,loro,chg_lag5,shap_mean_abs,0.0,momentum
NOR_15Y,5,LORO_GFC,GFC,loro,carry_roll,shap_mean_abs,0.0001504159445175901,carry_roll
NOR_15Y,5,LORO_GFC,GFC,loro,mom_63d,shap_mean_abs,0.0,momentum
NOR_15Y,5,LORO_GFC,GFC,loro,mom_1m,shap_mean_abs,0.00012890917423646897,momentum
NOR_15Y,5,LORO_GFC,GFC,loro,mom_3m,shap_mean_abs,0.000310934497974813,momentum
NOR_15Y,5,LORO_GFC,GFC,loro,mom_6m,shap_mean_abs,0.0,momentum
NOR_15Y,5,LORO_GFC,GFC,loro,mom_12m,shap_mean_abs,0.0,momentum
NOR_15Y,5,LORO_GFC,GFC,loro,dev_ma_3m,shap_mean_abs,0.0001558036165079102,curve
NOR_15Y,5,LORO_GFC,GFC,loro,dev_ma_12m,shap_mean_abs,1.7002237655106e-05,curve
NOR_15Y,5,LORO_GFC,GFC,loro,vol_20d,shap_mean_abs,0.0,vol
NOR_15Y,5,LORO_GFC,GFC,loro,vol_regime,shap_mean_abs,0.0,vol
NOR_15Y,5,LORO_GFC,GFC,loro,vol_zscore,shap_mean_abs,0.0,vol
NOR_15Y,5,LORO_GFC,GFC,loro,level_zscore,shap_mean_abs,0.0,curve
NOR_15Y,5,LORO_GFC,GFC,loro,slope_10_1,shap_mean_abs,0.0,curve
NOR_15Y,5,LORO_GFC,GFC,loro,slope_10_5,shap_mean_abs,0.00015076299314387143,curve
NOR_15Y,5,LORO_GFC,GFC,loro,slope_5_1,shap_mean_abs,0.0008714109426364303,curve
NOR_15Y,5,LORO_GFC,GFC,loro,sofr_mom_1m,shap_mean_abs,0.0008980627753771842,macro
NOR_15Y,5,LORO_GFC,GFC,loro,ibor_level,shap_mean_abs,0.00266489339992404,macro
NOR_15Y,5,LORO_GFC,GFC,loro,ibor_chg_1d,shap_mean_abs,0.0,macro
NOR_15Y,5,LORO_GFC,GFC,loro,ibor_mom_1m,shap_mean_abs,0.00019729572522919625,macro
NOR_15Y,5,LORO_GFC,GFC,loro,ibor_term_slope,shap_mean_abs,0.0012459139106795192,macro
NOR_15Y,5,LORO_GFC,GFC,loro,swap_ibor_basis,shap_mean_abs,0.0,curve
NOR_15Y,5,LORO_GFC,GFC,loro,move_level,shap_mean_abs,0.00025364593602716923,vol
NOR_15Y,5,LORO_GFC,GFC,loro,move_zscore,shap_mean_abs,0.000142974968184717,vol
NOR_15Y,5,LORO_GFC,GFC,loro,vix_level,shap_mean_abs,7.324110629269853e-05,vol
NOR_15Y,5,LORO_GFC,GFC,loro,vix_zscore,shap_mean_abs,0.0,vol
NOR_15Y,5,LORO_GFC,GFC,loro,v2x_level,shap_mean_abs,0.0,vol
NOR_15Y,5,LORO_GFC,GFC,loro,vxn_level,shap_mean_abs,0.0,vol
NOR_15Y,5,LORO_GFC,GFC,loro,ovx_level,shap_mean_abs,0.0,vol
NOR_15Y,5,LORO_GFC,GFC,loro,gvz_level,shap_mean_abs,0.0,vol
NOR_15Y,5,LORO_GFC,GFC,loro,spx_mom_1m,shap_mean_abs,0.0,macro
NOR_15Y,5,LORO_GFC,GFC,loro,spx_mom_3m,shap_mean_abs,0.0,macro
NOR_15Y,5,LORO_GFC,GFC,loro,sx5e_mom_1m,shap_mean_abs,0.0,macro
NOR_15Y,5,LORO_GFC,GFC,loro,sx5e_mom_3m,shap_mean_abs,0.0,macro
NOR_15Y,5,LORO_GFC,GFC,loro,mxwo_mom_1m,shap_mean_abs,0.0,macro
NOR_15Y,5,LORO_GFC,GFC,loro,ndx_mom_1m,shap_mean_abs,0.0003352409112267196,macro
NOR_15Y,5,LORO_GFC,GFC,loro,oil_mom_1m,shap_mean_abs,0.001790960319340229,macro
NOR_15Y,5,LORO_GFC,GFC,loro,oil_mom_3m,shap_mean_abs,0.0,macro
NOR_15Y,5,LORO_GFC,GFC,loro,copper_mom_1m,shap_mean_abs,3.613591252360493e-05,macro
NOR_15Y,5,LORO_GFC,GFC,loro,opec_prod,shap_mean_abs,0.0,macro
NOR_15Y,5,LORO_GFC,GFC,loro,natgas_mom_1m,shap_mean_abs,0.0002257895248476416,macro
NOR_15Y,5,LORO_GFC,GFC,loro,be5y_level,shap_mean_abs,0.0,macro
NOR_15Y,5,LORO_GFC,GFC,loro,be10y_level,shap_mean_abs,0.0,macro
NOR_15Y,5,LORO_GFC,GFC,loro,be_slope,shap_mean_abs,0.0,macro
NOR_15Y,5,LORO_GFC,GFC,loro,be5y_chg_1m,shap_mean_abs,0.0,macro
NOR_15Y,5,LORO_GFC,GFC,loro,ig_spread,shap_mean_abs,0.0,credit
NOR_15Y,5,LORO_GFC,GFC,loro,hy_spread,shap_mean_abs,0.0,credit
NOR_15Y,5,LORO_GFC,GFC,loro,ig_chg_1m,shap_mean_abs,0.0,credit
NOR_15Y,5,LORO_GFC,GFC,loro,hy_chg_1m,shap_mean_abs,0.0,credit
NOR_15Y,5,LORO_GFC,GFC,loro,cpi_yoy,shap_mean_abs,0.0,macro
NOR_15Y,5,LORO_GFC,GFC,loro,pce_core_chg,shap_mean_abs,0.00016974899335764349,macro
NOR_15Y,5,LORO_GFC,GFC,loro,nfp_change,shap_mean_abs,0.0,macro
NOR_15Y,5,LORO_GFC,GFC,loro,pmi_us,shap_mean_abs,0.0,macro
NOR_15Y,5,LORO_GFC,GFC,loro,pmi_eur,shap_mean_abs,0.0016809131484478712,macro
NOR_15Y,5,LORO_GFC,GFC,loro,unemp_eur,shap_mean_abs,0.0,macro
NOR_15Y,5,LORO_GFC,GFC,loro,cpi_nsa_level,shap_mean_abs,0.0,macro
NOR_15Y,5,LORO_GFC,GFC,loro,pce_core_level,shap_mean_abs,0.0,macro
NOR_15Y,5,LORO_GFC,GFC,loro,eur_3m,shap_mean_abs,0.0,macro
NOR_15Y,5,LORO_GFC,GFC,loro,eur_1w,shap_mean_abs,0.0,macro
NOR_15Y,5,LORO_GFC,GFC,loro,nor_ibor_1m,shap_mean_abs,0.0,norway
NOR_15Y,5,LORO_GFC,GFC,loro,nor_ibor_6m,shap_mean_abs,0.0,norway
NOR_15Y,5,LORO_GFC,GFC,loro,nor_ecb_dfr_chg,shap_mean_abs,0.0,norway
NOR_15Y,5,LORO_GFC,GFC,loro,nor_ecb_dfr_level,shap_mean_abs,0.0,norway
NOR_15Y,5,LORO_GFC,GFC,loro,nor_eurnok_chg_1d,shap_mean_abs,0.0,norway
NOR_15Y,5,LORO_GFC,GFC,loro,nor_eurnok_level,shap_mean_abs,0.0,norway
NOR_15Y,5,LORO_GFC,GFC,loro,nor_eurnok_mom_1m,shap_mean_abs,0.0,norway
NOR_15Y,5,LORO_GFC,GFC,loro,nor_eurnok_mom_3m,shap_mean_abs,0.0006091240211389959,norway
NOR_15Y,5,LORO_GFC,GFC,loro,nor_eurnok_rvol_20d,shap_mean_abs,0.00029478545184247196,norway
NOR_15Y,5,LORO_GFC,GFC,loro,nor_govt_10y,shap_mean_abs,0.0,norway
NOR_15Y,5,LORO_GFC,GFC,loro,nor_govt_3y,shap_mean_abs,0.0,norway
NOR_15Y,5,LORO_GFC,GFC,loro,nor_govt_5y,shap_mean_abs,0.0001005069279926829,norway
NOR_15Y,5,LORO_GFC,GFC,loro,nor_i44_chg_1d,shap_mean_abs,7.124937837943435e-05,norway
NOR_15Y,5,LORO_GFC,GFC,loro,nor_i44_level,shap_mean_abs,0.0,norway
NOR_15Y,5,LORO_GFC,GFC,loro,nor_i44_mom_1m,shap_mean_abs,0.0,norway
NOR_15Y,5,LORO_GFC,GFC,loro,nor_i44_mom_3m,shap_mean_abs,0.0002504932344891131,norway
NOR_15Y,5,LORO_GFC,GFC,loro,nor_i44_rvol_20d,shap_mean_abs,9.839065023697913e-05,norway
NOR_15Y,5,LORO_GFC,GFC,loro,nor_kpi_yoy,shap_mean_abs,0.00025319744599983096,norway
NOR_15Y,5,LORO_GFC,GFC,loro,nor_kpijae_yoy,shap_mean_abs,0.0,norway
NOR_15Y,5,LORO_GFC,GFC,loro,nor_nibor_nowa_spread,shap_mean_abs,0.0,norway
NOR_15Y,5,LORO_GFC,GFC,loro,nor_nowa_level,shap_mean_abs,0.0,norway
NOR_15Y,5,LORO_GFC,GFC,loro,nor_polrate_chg_1d,shap_mean_abs,0.0,norway
NOR_15Y,5,LORO_GFC,GFC,loro,nor_polrate_days_since_chg,shap_mean_abs,0.00017898793157655746,norway
NOR_15Y,5,LORO_GFC,GFC,loro,nor_polrate_level,shap_mean_abs,0.0,norway
NOR_15Y,5,LORO_GFC,GFC,loro,nor_rb_rate_chg,shap_mean_abs,0.0,norway
NOR_15Y,5,LORO_GFC,GFC,loro,nor_rb_rate_level,shap_mean_abs,0.0,norway
NOR_15Y,5,LORO_GFC,GFC,loro,nor_unemp,shap_mean_abs,0.00022262912534642965,norway
NOR_15Y,5,LORO_GFC,GFC,loro,nor_usdnok_chg_1d,shap_mean_abs,0.0,norway
NOR_15Y,5,LORO_GFC,GFC,loro,nor_usdnok_level,shap_mean_abs,0.0,norway
NOR_15Y,5,LORO_GFC,GFC,loro,nor_usdnok_mom_1m,shap_mean_abs,0.00029388864641077816,norway
NOR_15Y,5,LORO_GFC,GFC,loro,nor_usdnok_mom_3m,shap_mean_abs,0.0005566770560108125,norway
NOR_15Y,5,LORO_GFC,GFC,loro,nor_usdnok_rvol_20d,shap_mean_abs,0.00013447734818328172,norway
NOR_15Y,5,LORO_GFC,GFC,loro,swap_govt_spread,shap_mean_abs,0.0,norway
NOR_15Y,5,LORO_GFC,GFC,loro,xmpca_01,shap_mean_abs,0.0013102632947266102,cross_market
NOR_15Y,5,LORO_GFC,GFC,loro,xmpca_02,shap_mean_abs,2.6732855985756032e-05,cross_market
NOR_15Y,5,LORO_GFC,GFC,loro,xmpca_03,shap_mean_abs,0.0,cross_market
NOR_15Y,5,LORO_GFC,GFC,loro,xmpca_04,shap_mean_abs,5.052006235928275e-05,cross_market
NOR_15Y,5,LORO_GFC,GFC,loro,xmpca_05,shap_mean_abs,0.0,cross_market
NOR_15Y,5,LORO_GFC,GFC,loro,xmpca_06,shap_mean_abs,6.67330896249041e-05,cross_market
NOR_15Y,5,LORO_GFC,GFC,loro,xmpca_07,shap_mean_abs,3.5076365747954696e-05,cross_market
NOR_15Y,5,LORO_GFC,GFC,loro,xmpca_08,shap_mean_abs,0.00030162205803208053,cross_market
NOR_15Y,5,LORO_GFC,GFC,loro,xmpca_09,shap_mean_abs,0.0,cross_market
NOR_15Y,5,LORO_GFC,GFC,loro,xmpca_10,shap_mean_abs,0.0001664534502197057,cross_market
NOR_15Y,5,LORO_GFC,GFC,loro,xmpca_11,shap_mean_abs,0.0011602806625887752,cross_market
NOR_15Y,5,LORO_GFC,GFC,loro,xmpca_12,shap_mean_abs,0.0,cross_market
NOR_15Y,5,LORO_ZIRP,ZIRP,loro,chg_lag1,gain,0.0,momentum
NOR_15Y,5,LORO_ZIRP,ZIRP,loro,chg_lag2,gain,0.09050832688808441,momentum
NOR_15Y,5,LORO_ZIRP,ZIRP,loro,chg_lag3,gain,0.0,momentum
NOR_15Y,5,LORO_ZIRP,ZIRP,loro,chg_lag4,gain,0.0,momentum
NOR_15Y,5,LORO_ZIRP,ZIRP,loro,chg_lag5,gain,0.0,momentum
NOR_15Y,5,LORO_ZIRP,ZIRP,loro,carry_roll,gain,0.1335558444261551,carry_roll
NOR_15Y,5,LORO_ZIRP,ZIRP,loro,mom_63d,gain,0.11602270603179932,momentum
NOR_15Y,5,LORO_ZIRP,ZIRP,loro,mom_1m,gain,0.20351536571979523,momentum
NOR_15Y,5,LORO_ZIRP,ZIRP,loro,mom_3m,gain,0.06417156010866165,momentum
NOR_15Y,5,LORO_ZIRP,ZIRP,loro,mom_6m,gain,0.0,momentum
NOR_15Y,5,LORO_ZIRP,ZIRP,loro,mom_12m,gain,0.15422268211841583,momentum
NOR_15Y,5,LORO_ZIRP,ZIRP,loro,dev_ma_3m,gain,0.06989533454179764,curve
NOR_15Y,5,LORO_ZIRP,ZIRP,loro,dev_ma_12m,gain,0.23539090156555176,curve
NOR_15Y,5,LORO_ZIRP,ZIRP,loro,vol_20d,gain,0.0,vol
NOR_15Y,5,LORO_ZIRP,ZIRP,loro,vol_regime,gain,0.0,vol
NOR_15Y,5,LORO_ZIRP,ZIRP,loro,vol_zscore,gain,0.0,vol
NOR_15Y,5,LORO_ZIRP,ZIRP,loro,level_zscore,gain,0.08556906878948212,curve
NOR_15Y,5,LORO_ZIRP,ZIRP,loro,slope_10_1,gain,0.06946714967489243,curve
NOR_15Y,5,LORO_ZIRP,ZIRP,loro,slope_10_5,gain,0.0,curve
NOR_15Y,5,LORO_ZIRP,ZIRP,loro,slope_5_1,gain,0.15388166904449463,curve
NOR_15Y,5,LORO_ZIRP,ZIRP,loro,sofr_mom_1m,gain,0.1070094183087349,macro
NOR_15Y,5,LORO_ZIRP,ZIRP,loro,ibor_level,gain,0.06559810042381287,macro
NOR_15Y,5,LORO_ZIRP,ZIRP,loro,ibor_chg_1d,gain,0.05516532063484192,macro
NOR_15Y,5,LORO_ZIRP,ZIRP,loro,ibor_mom_1m,gain,0.09575261920690536,macro
NOR_15Y,5,LORO_ZIRP,ZIRP,loro,ibor_term_slope,gain,0.14648950099945068,macro
NOR_15Y,5,LORO_ZIRP,ZIRP,loro,swap_ibor_basis,gain,0.0,curve
NOR_15Y,5,LORO_ZIRP,ZIRP,loro,move_level,gain,0.0,vol
NOR_15Y,5,LORO_ZIRP,ZIRP,loro,move_zscore,gain,0.0,vol
NOR_15Y,5,LORO_ZIRP,ZIRP,loro,vix_level,gain,0.0,vol
NOR_15Y,5,LORO_ZIRP,ZIRP,loro,vix_zscore,gain,0.0,vol
NOR_15Y,5,LORO_ZIRP,ZIRP,loro,v2x_level,gain,0.0,vol
NOR_15Y,5,LORO_ZIRP,ZIRP,loro,vxn_level,gain,0.0,vol
NOR_15Y,5,LORO_ZIRP,ZIRP,loro,ovx_level,gain,0.0,vol
NOR_15Y,5,LORO_ZIRP,ZIRP,loro,gvz_level,gain,0.0,vol
NOR_15Y,5,LORO_ZIRP,ZIRP,loro,spx_mom_1m,gain,0.13075701892375946,macro
NOR_15Y,5,LORO_ZIRP,ZIRP,loro,spx_mom_3m,gain,0.09494953602552414,macro
NOR_15Y,5,LORO_ZIRP,ZIRP,loro,sx5e_mom_1m,gain,0.06344211101531982,macro
NOR_15Y,5,LORO_ZIRP,ZIRP,loro,sx5e_mom_3m,gain,0.0,macro
NOR_15Y,5,LORO_ZIRP,ZIRP,loro,mxwo_mom_1m,gain,0.0,macro
NOR_15Y,5,LORO_ZIRP,ZIRP,loro,ndx_mom_1m,gain,0.0,macro
NOR_15Y,5,LORO_ZIRP,ZIRP,loro,oil_mom_1m,gain,0.039424553513526917,macro
NOR_15Y,5,LORO_ZIRP,ZIRP,loro,oil_mom_3m,gain,0.06388703733682632,macro
NOR_15Y,5,LORO_ZIRP,ZIRP,loro,copper_mom_1m,gain,0.1716059148311615,macro
NOR_15Y,5,LORO_ZIRP,ZIRP,loro,opec_prod,gain,0.05976908653974533,macro
NOR_15Y,5,LORO_ZIRP,ZIRP,loro,natgas_mom_1m,gain,0.0,macro
NOR_15Y,5,LORO_ZIRP,ZIRP,loro,be5y_level,gain,0.0,macro
NOR_15Y,5,LORO_ZIRP,ZIRP,loro,be10y_level,gain,0.0,macro
NOR_15Y,5,LORO_ZIRP,ZIRP,loro,be_slope,gain,0.09073087573051453,macro
NOR_15Y,5,LORO_ZIRP,ZIRP,loro,be5y_chg_1m,gain,0.0,macro
NOR_15Y,5,LORO_ZIRP,ZIRP,loro,ig_spread,gain,0.0,credit
NOR_15Y,5,LORO_ZIRP,ZIRP,loro,hy_spread,gain,0.0,credit
NOR_15Y,5,LORO_ZIRP,ZIRP,loro,ig_chg_1m,gain,0.0,credit
NOR_15Y,5,LORO_ZIRP,ZIRP,loro,hy_chg_1m,gain,0.0,credit
NOR_15Y,5,LORO_ZIRP,ZIRP,loro,cpi_yoy,gain,0.09368433058261871,macro
NOR_15Y,5,LORO_ZIRP,ZIRP,loro,pce_core_chg,gain,0.0,macro
NOR_15Y,5,LORO_ZIRP,ZIRP,loro,nfp_change,gain,0.0,macro
NOR_15Y,5,LORO_ZIRP,ZIRP,loro,pmi_us,gain,0.0,macro
NOR_15Y,5,LORO_ZIRP,ZIRP,loro,pmi_eur,gain,0.12688152492046356,macro
NOR_15Y,5,LORO_ZIRP,ZIRP,loro,unemp_eur,gain,0.0,macro
NOR_15Y,5,LORO_ZIRP,ZIRP,loro,cpi_nsa_level,gain,0.0,macro
NOR_15Y,5,LORO_ZIRP,ZIRP,loro,pce_core_level,gain,0.0,macro
NOR_15Y,5,LORO_ZIRP,ZIRP,loro,eur_3m,gain,0.09753881394863129,macro
NOR_15Y,5,LORO_ZIRP,ZIRP,loro,eur_1w,gain,0.0,macro
NOR_15Y,5,LORO_ZIRP,ZIRP,loro,nor_ibor_1m,gain,0.03360585868358612,norway
NOR_15Y,5,LORO_ZIRP,ZIRP,loro,nor_ibor_6m,gain,0.07147625088691711,norway
NOR_15Y,5,LORO_ZIRP,ZIRP,loro,nor_ecb_dfr_chg,gain,0.0,norway
NOR_15Y,5,LORO_ZIRP,ZIRP,loro,nor_ecb_dfr_level,gain,0.0,norway
NOR_15Y,5,LORO_ZIRP,ZIRP,loro,nor_eurnok_chg_1d,gain,0.1014619767665863,norway
NOR_15Y,5,LORO_ZIRP,ZIRP,loro,nor_eurnok_level,gain,0.0,norway
NOR_15Y,5,LORO_ZIRP,ZIRP,loro,nor_eurnok_mom_1m,gain,0.08617936819791794,norway
NOR_15Y,5,LORO_ZIRP,ZIRP,loro,nor_eurnok_mom_3m,gain,0.08455955982208252,norway
NOR_15Y,5,LORO_ZIRP,ZIRP,loro,nor_eurnok_rvol_20d,gain,0.12642735242843628,norway
NOR_15Y,5,LORO_ZIRP,ZIRP,loro,nor_govt_10y,gain,0.0,norway
NOR_15Y,5,LORO_ZIRP,ZIRP,loro,nor_govt_3y,gain,0.0,norway
NOR_15Y,5,LORO_ZIRP,ZIRP,loro,nor_govt_5y,gain,0.0,norway
NOR_15Y,5,LORO_ZIRP,ZIRP,loro,nor_i44_chg_1d,gain,0.0,norway
NOR_15Y,5,LORO_ZIRP,ZIRP,loro,nor_i44_level,gain,0.0,norway
NOR_15Y,5,LORO_ZIRP,ZIRP,loro,nor_i44_mom_1m,gain,0.142584890127182,norway
NOR_15Y,5,LORO_ZIRP,ZIRP,loro,nor_i44_mom_3m,gain,0.0,norway
NOR_15Y,5,LORO_ZIRP,ZIRP,loro,nor_i44_rvol_20d,gain,0.14333747327327728,norway
NOR_15Y,5,LORO_ZIRP,ZIRP,loro,nor_kpi_yoy,gain,0.0,norway
NOR_15Y,5,LORO_ZIRP,ZIRP,loro,nor_kpijae_yoy,gain,0.0,norway
NOR_15Y,5,LORO_ZIRP,ZIRP,loro,nor_nibor_nowa_spread,gain,0.0,norway
NOR_15Y,5,LORO_ZIRP,ZIRP,loro,nor_nowa_level,gain,0.0,norway
NOR_15Y,5,LORO_ZIRP,ZIRP,loro,nor_polrate_chg_1d,gain,0.031929727643728256,norway
NOR_15Y,5,LORO_ZIRP,ZIRP,loro,nor_polrate_days_since_chg,gain,0.12685541808605194,norway
NOR_15Y,5,LORO_ZIRP,ZIRP,loro,nor_polrate_level,gain,0.0,norway
NOR_15Y,5,LORO_ZIRP,ZIRP,loro,nor_rb_rate_chg,gain,0.0,norway
NOR_15Y,5,LORO_ZIRP,ZIRP,loro,nor_rb_rate_level,gain,0.0,norway
NOR_15Y,5,LORO_ZIRP,ZIRP,loro,nor_unemp,gain,0.0,norway
NOR_15Y,5,LORO_ZIRP,ZIRP,loro,nor_usdnok_chg_1d,gain,0.0009191110730171204,norway
NOR_15Y,5,LORO_ZIRP,ZIRP,loro,nor_usdnok_level,gain,0.10012239962816238,norway
NOR_15Y,5,LORO_ZIRP,ZIRP,loro,nor_usdnok_mom_1m,gain,0.1292416751384735,norway
NOR_15Y,5,LORO_ZIRP,ZIRP,loro,nor_usdnok_mom_3m,gain,0.09961466491222382,norway
NOR_15Y,5,LORO_ZIRP,ZIRP,loro,nor_usdnok_rvol_20d,gain,0.0,norway
NOR_15Y,5,LORO_ZIRP,ZIRP,loro,swap_govt_spread,gain,0.0,norway
NOR_15Y,5,LORO_ZIRP,ZIRP,loro,xmpca_01,gain,0.0,cross_market
NOR_15Y,5,LORO_ZIRP,ZIRP,loro,xmpca_02,gain,0.00789208710193634,cross_market
NOR_15Y,5,LORO_ZIRP,ZIRP,loro,xmpca_03,gain,0.10798098891973495,cross_market
NOR_15Y,5,LORO_ZIRP,ZIRP,loro,xmpca_04,gain,0.0,cross_market
NOR_15Y,5,LORO_ZIRP,ZIRP,loro,xmpca_05,gain,0.0,cross_market
NOR_15Y,5,LORO_ZIRP,ZIRP,loro,xmpca_06,gain,0.0,cross_market
NOR_15Y,5,LORO_ZIRP,ZIRP,loro,xmpca_07,gain,0.03656643256545067,cross_market
NOR_15Y,5,LORO_ZIRP,ZIRP,loro,xmpca_08,gain,0.0,cross_market
NOR_15Y,5,LORO_ZIRP,ZIRP,loro,xmpca_09,gain,0.0506972074508667,cross_market
NOR_15Y,5,LORO_ZIRP,ZIRP,loro,xmpca_10,gain,0.07984262704849243,cross_market
NOR_15Y,5,LORO_ZIRP,ZIRP,loro,xmpca_11,gain,0.11415904760360718,cross_market
NOR_15Y,5,LORO_ZIRP,ZIRP,loro,xmpca_12,gain,0.0,cross_market
NOR_15Y,5,LORO_ZIRP,ZIRP,loro,chg_lag1,weight,0.0,momentum
NOR_15Y,5,LORO_ZIRP,ZIRP,loro,chg_lag2,weight,2.0,momentum
NOR_15Y,5,LORO_ZIRP,ZIRP,loro,chg_lag3,weight,0.0,momentum
NOR_15Y,5,LORO_ZIRP,ZIRP,loro,chg_lag4,weight,0.0,momentum
NOR_15Y,5,LORO_ZIRP,ZIRP,loro,chg_lag5,weight,0.0,momentum
NOR_15Y,5,LORO_ZIRP,ZIRP,loro,carry_roll,weight,2.0,carry_roll
NOR_15Y,5,LORO_ZIRP,ZIRP,loro,mom_63d,weight,1.0,momentum
NOR_15Y,5,LORO_ZIRP,ZIRP,loro,mom_1m,weight,3.0,momentum
NOR_15Y,5,LORO_ZIRP,ZIRP,loro,mom_3m,weight,3.0,momentum
NOR_15Y,5,LORO_ZIRP,ZIRP,loro,mom_6m,weight,0.0,momentum
NOR_15Y,5,LORO_ZIRP,ZIRP,loro,mom_12m,weight,6.0,momentum
NOR_15Y,5,LORO_ZIRP,ZIRP,loro,dev_ma_3m,weight,3.0,curve
NOR_15Y,5,LORO_ZIRP,ZIRP,loro,dev_ma_12m,weight,5.0,curve
NOR_15Y,5,LORO_ZIRP,ZIRP,loro,vol_20d,weight,0.0,vol
NOR_15Y,5,LORO_ZIRP,ZIRP,loro,vol_regime,weight,0.0,vol
NOR_15Y,5,LORO_ZIRP,ZIRP,loro,vol_zscore,weight,0.0,vol
NOR_15Y,5,LORO_ZIRP,ZIRP,loro,level_zscore,weight,2.0,curve
NOR_15Y,5,LORO_ZIRP,ZIRP,loro,slope_10_1,weight,1.0,curve
NOR_15Y,5,LORO_ZIRP,ZIRP,loro,slope_10_5,weight,0.0,curve
NOR_15Y,5,LORO_ZIRP,ZIRP,loro,slope_5_1,weight,1.0,curve
NOR_15Y,5,LORO_ZIRP,ZIRP,loro,sofr_mom_1m,weight,6.0,macro
NOR_15Y,5,LORO_ZIRP,ZIRP,loro,ibor_level,weight,4.0,macro
NOR_15Y,5,LORO_ZIRP,ZIRP,loro,ibor_chg_1d,weight,3.0,macro
NOR_15Y,5,LORO_ZIRP,ZIRP,loro,ibor_mom_1m,weight,6.0,macro
NOR_15Y,5,LORO_ZIRP,ZIRP,loro,ibor_term_slope,weight,1.0,macro
NOR_15Y,5,LORO_ZIRP,ZIRP,loro,swap_ibor_basis,weight,0.0,curve
NOR_15Y,5,LORO_ZIRP,ZIRP,loro,move_level,weight,0.0,vol
NOR_15Y,5,LORO_ZIRP,ZIRP,loro,move_zscore,weight,0.0,vol
NOR_15Y,5,LORO_ZIRP,ZIRP,loro,vix_level,weight,0.0,vol
NOR_15Y,5,LORO_ZIRP,ZIRP,loro,vix_zscore,weight,0.0,vol
NOR_15Y,5,LORO_ZIRP,ZIRP,loro,v2x_level,weight,0.0,vol
NOR_15Y,5,LORO_ZIRP,ZIRP,loro,vxn_level,weight,0.0,vol
NOR_15Y,5,LORO_ZIRP,ZIRP,loro,ovx_level,weight,0.0,vol
NOR_15Y,5,LORO_ZIRP,ZIRP,loro,gvz_level,weight,0.0,vol
NOR_15Y,5,LORO_ZIRP,ZIRP,loro,spx_mom_1m,weight,5.0,macro
NOR_15Y,5,LORO_ZIRP,ZIRP,loro,spx_mom_3m,weight,3.0,macro
NOR_15Y,5,LORO_ZIRP,ZIRP,loro,sx5e_mom_1m,weight,1.0,macro
NOR_15Y,5,LORO_ZIRP,ZIRP,loro,sx5e_mom_3m,weight,0.0,macro
NOR_15Y,5,LORO_ZIRP,ZIRP,loro,mxwo_mom_1m,weight,0.0,macro
NOR_15Y,5,LORO_ZIRP,ZIRP,loro,ndx_mom_1m,weight,0.0,macro
NOR_15Y,5,LORO_ZIRP,ZIRP,loro,oil_mom_1m,weight,4.0,macro
NOR_15Y,5,LORO_ZIRP,ZIRP,loro,oil_mom_3m,weight,5.0,macro
NOR_15Y,5,LORO_ZIRP,ZIRP,loro,copper_mom_1m,weight,4.0,macro
NOR_15Y,5,LORO_ZIRP,ZIRP,loro,opec_prod,weight,2.0,macro
NOR_15Y,5,LORO_ZIRP,ZIRP,loro,natgas_mom_1m,weight,0.0,macro
NOR_15Y,5,LORO_ZIRP,ZIRP,loro,be5y_level,weight,0.0,macro
NOR_15Y,5,LORO_ZIRP,ZIRP,loro,be10y_level,weight,0.0,macro
NOR_15Y,5,LORO_ZIRP,ZIRP,loro,be_slope,weight,2.0,macro
NOR_15Y,5,LORO_ZIRP,ZIRP,loro,be5y_chg_1m,weight,0.0,macro
NOR_15Y,5,LORO_ZIRP,ZIRP,loro,ig_spread,weight,0.0,credit
NOR_15Y,5,LORO_ZIRP,ZIRP,loro,hy_spread,weight,0.0,credit
NOR_15Y,5,LORO_ZIRP,ZIRP,loro,ig_chg_1m,weight,0.0,credit
NOR_15Y,5,LORO_ZIRP,ZIRP,loro,hy_chg_1m,weight,0.0,credit
NOR_15Y,5,LORO_ZIRP,ZIRP,loro,cpi_yoy,weight,1.0,macro
NOR_15Y,5,LORO_ZIRP,ZIRP,loro,pce_core_chg,weight,0.0,macro
NOR_15Y,5,LORO_ZIRP,ZIRP,loro,nfp_change,weight,0.0,macro
NOR_15Y,5,LORO_ZIRP,ZIRP,loro,pmi_us,weight,0.0,macro
NOR_15Y,5,LORO_ZIRP,ZIRP,loro,pmi_eur,weight,5.0,macro
NOR_15Y,5,LORO_ZIRP,ZIRP,loro,unemp_eur,weight,0.0,macro
NOR_15Y,5,LORO_ZIRP,ZIRP,loro,cpi_nsa_level,weight,0.0,macro
NOR_15Y,5,LORO_ZIRP,ZIRP,loro,pce_core_level,weight,0.0,macro
NOR_15Y,5,LORO_ZIRP,ZIRP,loro,eur_3m,weight,1.0,macro
NOR_15Y,5,LORO_ZIRP,ZIRP,loro,eur_1w,weight,0.0,macro
NOR_15Y,5,LORO_ZIRP,ZIRP,loro,nor_ibor_1m,weight,1.0,norway
NOR_15Y,5,LORO_ZIRP,ZIRP,loro,nor_ibor_6m,weight,1.0,norway
NOR_15Y,5,LORO_ZIRP,ZIRP,loro,nor_ecb_dfr_chg,weight,0.0,norway
NOR_15Y,5,LORO_ZIRP,ZIRP,loro,nor_ecb_dfr_level,weight,0.0,norway
NOR_15Y,5,LORO_ZIRP,ZIRP,loro,nor_eurnok_chg_1d,weight,1.0,norway
NOR_15Y,5,LORO_ZIRP,ZIRP,loro,nor_eurnok_level,weight,0.0,norway
NOR_15Y,5,LORO_ZIRP,ZIRP,loro,nor_eurnok_mom_1m,weight,2.0,norway
NOR_15Y,5,LORO_ZIRP,ZIRP,loro,nor_eurnok_mom_3m,weight,3.0,norway
NOR_15Y,5,LORO_ZIRP,ZIRP,loro,nor_eurnok_rvol_20d,weight,5.0,norway
NOR_15Y,5,LORO_ZIRP,ZIRP,loro,nor_govt_10y,weight,0.0,norway
NOR_15Y,5,LORO_ZIRP,ZIRP,loro,nor_govt_3y,weight,0.0,norway
NOR_15Y,5,LORO_ZIRP,ZIRP,loro,nor_govt_5y,weight,0.0,norway
NOR_15Y,5,LORO_ZIRP,ZIRP,loro,nor_i44_chg_1d,weight,0.0,norway
NOR_15Y,5,LORO_ZIRP,ZIRP,loro,nor_i44_level,weight,0.0,norway
NOR_15Y,5,LORO_ZIRP,ZIRP,loro,nor_i44_mom_1m,weight,1.0,norway
NOR_15Y,5,LORO_ZIRP,ZIRP,loro,nor_i44_mom_3m,weight,0.0,norway
NOR_15Y,5,LORO_ZIRP,ZIRP,loro,nor_i44_rvol_20d,weight,2.0,norway
NOR_15Y,5,LORO_ZIRP,ZIRP,loro,nor_kpi_yoy,weight,0.0,norway
NOR_15Y,5,LORO_ZIRP,ZIRP,loro,nor_kpijae_yoy,weight,0.0,norway
NOR_15Y,5,LORO_ZIRP,ZIRP,loro,nor_nibor_nowa_spread,weight,0.0,norway
NOR_15Y,5,LORO_ZIRP,ZIRP,loro,nor_nowa_level,weight,0.0,norway
NOR_15Y,5,LORO_ZIRP,ZIRP,loro,nor_polrate_chg_1d,weight,1.0,norway
NOR_15Y,5,LORO_ZIRP,ZIRP,loro,nor_polrate_days_since_chg,weight,1.0,norway
NOR_15Y,5,LORO_ZIRP,ZIRP,loro,nor_polrate_level,weight,0.0,norway
NOR_15Y,5,LORO_ZIRP,ZIRP,loro,nor_rb_rate_chg,weight,0.0,norway
NOR_15Y,5,LORO_ZIRP,ZIRP,loro,nor_rb_rate_level,weight,0.0,norway
NOR_15Y,5,LORO_ZIRP,ZIRP,loro,nor_unemp,weight,0.0,norway
NOR_15Y,5,LORO_ZIRP,ZIRP,loro,nor_usdnok_chg_1d,weight,1.0,norway
NOR_15Y,5,LORO_ZIRP,ZIRP,loro,nor_usdnok_level,weight,1.0,norway
NOR_15Y,5,LORO_ZIRP,ZIRP,loro,nor_usdnok_mom_1m,weight,2.0,norway
NOR_15Y,5,LORO_ZIRP,ZIRP,loro,nor_usdnok_mom_3m,weight,2.0,norway
NOR_15Y,5,LORO_ZIRP,ZIRP,loro,nor_usdnok_rvol_20d,weight,0.0,norway
NOR_15Y,5,LORO_ZIRP,ZIRP,loro,swap_govt_spread,weight,0.0,norway
NOR_15Y,5,LORO_ZIRP,ZIRP,loro,xmpca_01,weight,0.0,cross_market
NOR_15Y,5,LORO_ZIRP,ZIRP,loro,xmpca_02,weight,1.0,cross_market
NOR_15Y,5,LORO_ZIRP,ZIRP,loro,xmpca_03,weight,1.0,cross_market
NOR_15Y,5,LORO_ZIRP,ZIRP,loro,xmpca_04,weight,0.0,cross_market
NOR_15Y,5,LORO_ZIRP,ZIRP,loro,xmpca_05,weight,0.0,cross_market
NOR_15Y,5,LORO_ZIRP,ZIRP,loro,xmpca_06,weight,0.0,cross_market
NOR_15Y,5,LORO_ZIRP,ZIRP,loro,xmpca_07,weight,1.0,cross_market
NOR_15Y,5,LORO_ZIRP,ZIRP,loro,xmpca_08,weight,0.0,cross_market
NOR_15Y,5,LORO_ZIRP,ZIRP,loro,xmpca_09,weight,1.0,cross_market
NOR_15Y,5,LORO_ZIRP,ZIRP,loro,xmpca_10,weight,1.0,cross_market
NOR_15Y,5,LORO_ZIRP,ZIRP,loro,xmpca_11,weight,1.0,cross_market
NOR_15Y,5,LORO_ZIRP,ZIRP,loro,xmpca_12,weight,0.0,cross_market
NOR_15Y,5,LORO_ZIRP,ZIRP,loro,chg_lag1,cover,0.0,momentum
NOR_15Y,5,LORO_ZIRP,ZIRP,loro,chg_lag2,cover,227.5,momentum
NOR_15Y,5,LORO_ZIRP,ZIRP,loro,chg_lag3,cover,0.0,momentum
NOR_15Y,5,LORO_ZIRP,ZIRP,loro,chg_lag4,cover,0.0,momentum
NOR_15Y,5,LORO_ZIRP,ZIRP,loro,chg_lag5,cover,0.0,momentum
NOR_15Y,5,LORO_ZIRP,ZIRP,loro,carry_roll,cover,763.0,carry_roll
NOR_15Y,5,LORO_ZIRP,ZIRP,loro,mom_63d,cover,161.0,momentum
NOR_15Y,5,LORO_ZIRP,ZIRP,loro,mom_1m,cover,1935.0,momentum
NOR_15Y,5,LORO_ZIRP,ZIRP,loro,mom_3m,cover,316.6666564941406,momentum
NOR_15Y,5,LORO_ZIRP,ZIRP,loro,mom_6m,cover,0.0,momentum
NOR_15Y,5,LORO_ZIRP,ZIRP,loro,mom_12m,cover,290.1666564941406,momentum
NOR_15Y,5,LORO_ZIRP,ZIRP,loro,dev_ma_3m,cover,107.33333587646484,curve
NOR_15Y,5,LORO_ZIRP,ZIRP,loro,dev_ma_12m,cover,1935.0,curve
NOR_15Y,5,LORO_ZIRP,ZIRP,loro,vol_20d,cover,0.0,vol
NOR_15Y,5,LORO_ZIRP,ZIRP,loro,vol_regime,cover,0.0,vol
NOR_15Y,5,LORO_ZIRP,ZIRP,loro,vol_zscore,cover,0.0,vol
NOR_15Y,5,LORO_ZIRP,ZIRP,loro,level_zscore,cover,92.5,curve
NOR_15Y,5,LORO_ZIRP,ZIRP,loro,slope_10_1,cover,108.0,curve
NOR_15Y,5,LORO_ZIRP,ZIRP,loro,slope_10_5,cover,0.0,curve
NOR_15Y,5,LORO_ZIRP,ZIRP,loro,slope_5_1,cover,1671.0,curve
NOR_15Y,5,LORO_ZIRP,ZIRP,loro,sofr_mom_1m,cover,1064.8333740234375,macro
NOR_15Y,5,LORO_ZIRP,ZIRP,loro,ibor_level,cover,489.25,macro
NOR_15Y,5,LORO_ZIRP,ZIRP,loro,ibor_chg_1d,cover,643.0,macro
NOR_15Y,5,LORO_ZIRP,ZIRP,loro,ibor_mom_1m,cover,1082.0,macro
NOR_15Y,5,LORO_ZIRP,ZIRP,loro,ibor_term_slope,cover,413.0,macro
NOR_15Y,5,LORO_ZIRP,ZIRP,loro,swap_ibor_basis,cover,0.0,curve
NOR_15Y,5,LORO_ZIRP,ZIRP,loro,move_level,cover,0.0,vol
NOR_15Y,5,LORO_ZIRP,ZIRP,loro,move_zscore,cover,0.0,vol
NOR_15Y,5,LORO_ZIRP,ZIRP,loro,vix_level,cover,0.0,vol
NOR_15Y,5,LORO_ZIRP,ZIRP,loro,vix_zscore,cover,0.0,vol
NOR_15Y,5,LORO_ZIRP,ZIRP,loro,v2x_level,cover,0.0,vol
NOR_15Y,5,LORO_ZIRP,ZIRP,loro,vxn_level,cover,0.0,vol
NOR_15Y,5,LORO_ZIRP,ZIRP,loro,ovx_level,cover,0.0,vol
NOR_15Y,5,LORO_ZIRP,ZIRP,loro,gvz_level,cover,0.0,vol
NOR_15Y,5,LORO_ZIRP,ZIRP,loro,spx_mom_1m,cover,1527.5999755859375,macro
NOR_15Y,5,LORO_ZIRP,ZIRP,loro,spx_mom_3m,cover,655.6666870117188,macro
NOR_15Y,5,LORO_ZIRP,ZIRP,loro,sx5e_mom_1m,cover,134.0,macro
NOR_15Y,5,LORO_ZIRP,ZIRP,loro,sx5e_mom_3m,cover,0.0,macro
NOR_15Y,5,LORO_ZIRP,ZIRP,loro,mxwo_mom_1m,cover,0.0,macro
NOR_15Y,5,LORO_ZIRP,ZIRP,loro,ndx_mom_1m,cover,0.0,macro
NOR_15Y,5,LORO_ZIRP,ZIRP,loro,oil_mom_1m,cover,423.0,macro
NOR_15Y,5,LORO_ZIRP,ZIRP,loro,oil_mom_3m,cover,440.20001220703125,macro
NOR_15Y,5,LORO_ZIRP,ZIRP,loro,copper_mom_1m,cover,314.5,macro
NOR_15Y,5,LORO_ZIRP,ZIRP,loro,opec_prod,cover,757.0,macro
NOR_15Y,5,LORO_ZIRP,ZIRP,loro,natgas_mom_1m,cover,0.0,macro
NOR_15Y,5,LORO_ZIRP,ZIRP,loro,be5y_level,cover,0.0,macro
NOR_15Y,5,LORO_ZIRP,ZIRP,loro,be10y_level,cover,0.0,macro
NOR_15Y,5,LORO_ZIRP,ZIRP,loro,be_slope,cover,1608.0,macro
NOR_15Y,5,LORO_ZIRP,ZIRP,loro,be5y_chg_1m,cover,0.0,macro
NOR_15Y,5,LORO_ZIRP,ZIRP,loro,ig_spread,cover,0.0,credit
NOR_15Y,5,LORO_ZIRP,ZIRP,loro,hy_spread,cover,0.0,credit
NOR_15Y,5,LORO_ZIRP,ZIRP,loro,ig_chg_1m,cover,0.0,credit
NOR_15Y,5,LORO_ZIRP,ZIRP,loro,hy_chg_1m,cover,0.0,credit
NOR_15Y,5,LORO_ZIRP,ZIRP,loro,cpi_yoy,cover,1634.0,macro
NOR_15Y,5,LORO_ZIRP,ZIRP,loro,pce_core_chg,cover,0.0,macro
NOR_15Y,5,LORO_ZIRP,ZIRP,loro,nfp_change,cover,0.0,macro
NOR_15Y,5,LORO_ZIRP,ZIRP,loro,pmi_us,cover,0.0,macro
NOR_15Y,5,LORO_ZIRP,ZIRP,loro,pmi_eur,cover,1785.4000244140625,macro
NOR_15Y,5,LORO_ZIRP,ZIRP,loro,unemp_eur,cover,0.0,macro
NOR_15Y,5,LORO_ZIRP,ZIRP,loro,cpi_nsa_level,cover,0.0,macro
NOR_15Y,5,LORO_ZIRP,ZIRP,loro,pce_core_level,cover,0.0,macro
NOR_15Y,5,LORO_ZIRP,ZIRP,loro,eur_3m,cover,66.0,macro
NOR_15Y,5,LORO_ZIRP,ZIRP,loro,eur_1w,cover,0.0,macro
NOR_15Y,5,LORO_ZIRP,ZIRP,loro,nor_ibor_1m,cover,14.0,norway
NOR_15Y,5,LORO_ZIRP,ZIRP,loro,nor_ibor_6m,cover,499.0,norway
NOR_15Y,5,LORO_ZIRP,ZIRP,loro,nor_ecb_dfr_chg,cover,0.0,norway
NOR_15Y,5,LORO_ZIRP,ZIRP,loro,nor_ecb_dfr_level,cover,0.0,norway
NOR_15Y,5,LORO_ZIRP,ZIRP,loro,nor_eurnok_chg_1d,cover,274.0,norway
NOR_15Y,5,LORO_ZIRP,ZIRP,loro,nor_eurnok_level,cover,0.0,norway
NOR_15Y,5,LORO_ZIRP,ZIRP,loro,nor_eurnok_mom_1m,cover,144.5,norway
NOR_15Y,5,LORO_ZIRP,ZIRP,loro,nor_eurnok_mom_3m,cover,596.6666870117188,norway
NOR_15Y,5,LORO_ZIRP,ZIRP,loro,nor_eurnok_rvol_20d,cover,529.4000244140625,norway
NOR_15Y,5,LORO_ZIRP,ZIRP,loro,nor_govt_10y,cover,0.0,norway
NOR_15Y,5,LORO_ZIRP,ZIRP,loro,nor_govt_3y,cover,0.0,norway
NOR_15Y,5,LORO_ZIRP,ZIRP,loro,nor_govt_5y,cover,0.0,norway
NOR_15Y,5,LORO_ZIRP,ZIRP,loro,nor_i44_chg_1d,cover,0.0,norway
NOR_15Y,5,LORO_ZIRP,ZIRP,loro,nor_i44_level,cover,0.0,norway
NOR_15Y,5,LORO_ZIRP,ZIRP,loro,nor_i44_mom_1m,cover,281.0,norway
NOR_15Y,5,LORO_ZIRP,ZIRP,loro,nor_i44_mom_3m,cover,0.0,norway
NOR_15Y,5,LORO_ZIRP,ZIRP,loro,nor_i44_rvol_20d,cover,963.0,norway
NOR_15Y,5,LORO_ZIRP,ZIRP,loro,nor_kpi_yoy,cover,0.0,norway
NOR_15Y,5,LORO_ZIRP,ZIRP,loro,nor_kpijae_yoy,cover,0.0,norway
NOR_15Y,5,LORO_ZIRP,ZIRP,loro,nor_nibor_nowa_spread,cover,0.0,norway
NOR_15Y,5,LORO_ZIRP,ZIRP,loro,nor_nowa_level,cover,0.0,norway
NOR_15Y,5,LORO_ZIRP,ZIRP,loro,nor_polrate_chg_1d,cover,48.0,norway
NOR_15Y,5,LORO_ZIRP,ZIRP,loro,nor_polrate_days_since_chg,cover,269.0,norway
NOR_15Y,5,LORO_ZIRP,ZIRP,loro,nor_polrate_level,cover,0.0,norway
NOR_15Y,5,LORO_ZIRP,ZIRP,loro,nor_rb_rate_chg,cover,0.0,norway
NOR_15Y,5,LORO_ZIRP,ZIRP,loro,nor_rb_rate_level,cover,0.0,norway
NOR_15Y,5,LORO_ZIRP,ZIRP,loro,nor_unemp,cover,0.0,norway
NOR_15Y,5,LORO_ZIRP,ZIRP,loro,nor_usdnok_chg_1d,cover,10.0,norway
NOR_15Y,5,LORO_ZIRP,ZIRP,loro,nor_usdnok_level,cover,1839.0,norway
NOR_15Y,5,LORO_ZIRP,ZIRP,loro,nor_usdnok_mom_1m,cover,993.0,norway
NOR_15Y,5,LORO_ZIRP,ZIRP,loro,nor_usdnok_mom_3m,cover,1756.5,norway
NOR_15Y,5,LORO_ZIRP,ZIRP,loro,nor_usdnok_rvol_20d,cover,0.0,norway
NOR_15Y,5,LORO_ZIRP,ZIRP,loro,swap_govt_spread,cover,0.0,norway
NOR_15Y,5,LORO_ZIRP,ZIRP,loro,xmpca_01,cover,0.0,cross_market
NOR_15Y,5,LORO_ZIRP,ZIRP,loro,xmpca_02,cover,14.0,cross_market
NOR_15Y,5,LORO_ZIRP,ZIRP,loro,xmpca_03,cover,859.0,cross_market
NOR_15Y,5,LORO_ZIRP,ZIRP,loro,xmpca_04,cover,0.0,cross_market
NOR_15Y,5,LORO_ZIRP,ZIRP,loro,xmpca_05,cover,0.0,cross_market
NOR_15Y,5,LORO_ZIRP,ZIRP,loro,xmpca_06,cover,0.0,cross_market
NOR_15Y,5,LORO_ZIRP,ZIRP,loro,xmpca_07,cover,33.0,cross_market
NOR_15Y,5,LORO_ZIRP,ZIRP,loro,xmpca_08,cover,0.0,cross_market
NOR_15Y,5,LORO_ZIRP,ZIRP,loro,xmpca_09,cover,10.0,cross_market
NOR_15Y,5,LORO_ZIRP,ZIRP,loro,xmpca_10,cover,26.0,cross_market
NOR_15Y,5,LORO_ZIRP,ZIRP,loro,xmpca_11,cover,148.0,cross_market
NOR_15Y,5,LORO_ZIRP,ZIRP,loro,xmpca_12,cover,0.0,cross_market
NOR_15Y,5,LORO_ZIRP,ZIRP,loro,chg_lag1,total_gain,0.0,momentum
NOR_15Y,5,LORO_ZIRP,ZIRP,loro,chg_lag2,total_gain,0.18101665377616882,momentum
NOR_15Y,5,LORO_ZIRP,ZIRP,loro,chg_lag3,total_gain,0.0,momentum
NOR_15Y,5,LORO_ZIRP,ZIRP,loro,chg_lag4,total_gain,0.0,momentum
NOR_15Y,5,LORO_ZIRP,ZIRP,loro,chg_lag5,total_gain,0.0,momentum
NOR_15Y,5,LORO_ZIRP,ZIRP,loro,carry_roll,total_gain,0.2671116888523102,carry_roll
NOR_15Y,5,LORO_ZIRP,ZIRP,loro,mom_63d,total_gain,0.11602270603179932,momentum
NOR_15Y,5,LORO_ZIRP,ZIRP,loro,mom_1m,total_gain,0.6105461120605469,momentum
NOR_15Y,5,LORO_ZIRP,ZIRP,loro,mom_3m,total_gain,0.19251468777656555,momentum
NOR_15Y,5,LORO_ZIRP,ZIRP,loro,mom_6m,total_gain,0.0,momentum
NOR_15Y,5,LORO_ZIRP,ZIRP,loro,mom_12m,total_gain,0.9253361225128174,momentum
NOR_15Y,5,LORO_ZIRP,ZIRP,loro,dev_ma_3m,total_gain,0.20968599617481232,curve
NOR_15Y,5,LORO_ZIRP,ZIRP,loro,dev_ma_12m,total_gain,1.1769545078277588,curve
NOR_15Y,5,LORO_ZIRP,ZIRP,loro,vol_20d,total_gain,0.0,vol
NOR_15Y,5,LORO_ZIRP,ZIRP,loro,vol_regime,total_gain,0.0,vol
NOR_15Y,5,LORO_ZIRP,ZIRP,loro,vol_zscore,total_gain,0.0,vol
NOR_15Y,5,LORO_ZIRP,ZIRP,loro,level_zscore,total_gain,0.17113813757896423,curve
NOR_15Y,5,LORO_ZIRP,ZIRP,loro,slope_10_1,total_gain,0.06946714967489243,curve
NOR_15Y,5,LORO_ZIRP,ZIRP,loro,slope_10_5,total_gain,0.0,curve
NOR_15Y,5,LORO_ZIRP,ZIRP,loro,slope_5_1,total_gain,0.15388166904449463,curve
NOR_15Y,5,LORO_ZIRP,ZIRP,loro,sofr_mom_1m,total_gain,0.6420565247535706,macro
NOR_15Y,5,LORO_ZIRP,ZIRP,loro,ibor_level,total_gain,0.26239240169525146,macro
NOR_15Y,5,LORO_ZIRP,ZIRP,loro,ibor_chg_1d,total_gain,0.16549596190452576,macro
NOR_15Y,5,LORO_ZIRP,ZIRP,loro,ibor_mom_1m,total_gain,0.574515700340271,macro
NOR_15Y,5,LORO_ZIRP,ZIRP,loro,ibor_term_slope,total_gain,0.14648950099945068,macro
NOR_15Y,5,LORO_ZIRP,ZIRP,loro,swap_ibor_basis,total_gain,0.0,curve
NOR_15Y,5,LORO_ZIRP,ZIRP,loro,move_level,total_gain,0.0,vol
NOR_15Y,5,LORO_ZIRP,ZIRP,loro,move_zscore,total_gain,0.0,vol
NOR_15Y,5,LORO_ZIRP,ZIRP,loro,vix_level,total_gain,0.0,vol
NOR_15Y,5,LORO_ZIRP,ZIRP,loro,vix_zscore,total_gain,0.0,vol
NOR_15Y,5,LORO_ZIRP,ZIRP,loro,v2x_level,total_gain,0.0,vol
NOR_15Y,5,LORO_ZIRP,ZIRP,loro,vxn_level,total_gain,0.0,vol
NOR_15Y,5,LORO_ZIRP,ZIRP,loro,ovx_level,total_gain,0.0,vol
NOR_15Y,5,LORO_ZIRP,ZIRP,loro,gvz_level,total_gain,0.0,vol
NOR_15Y,5,LORO_ZIRP,ZIRP,loro,spx_mom_1m,total_gain,0.6537851095199585,macro
NOR_15Y,5,LORO_ZIRP,ZIRP,loro,spx_mom_3m,total_gain,0.2848486006259918,macro
NOR_15Y,5,LORO_ZIRP,ZIRP,loro,sx5e_mom_1m,total_gain,0.06344211101531982,macro
NOR_15Y,5,LORO_ZIRP,ZIRP,loro,sx5e_mom_3m,total_gain,0.0,macro
NOR_15Y,5,LORO_ZIRP,ZIRP,loro,mxwo_mom_1m,total_gain,0.0,macro
NOR_15Y,5,LORO_ZIRP,ZIRP,loro,ndx_mom_1m,total_gain,0.0,macro
NOR_15Y,5,LORO_ZIRP,ZIRP,loro,oil_mom_1m,total_gain,0.15769821405410767,macro
NOR_15Y,5,LORO_ZIRP,ZIRP,loro,oil_mom_3m,total_gain,0.319435179233551,macro
NOR_15Y,5,LORO_ZIRP,ZIRP,loro,copper_mom_1m,total_gain,0.686423659324646,macro
NOR_15Y,5,LORO_ZIRP,ZIRP,loro,opec_prod,total_gain,0.11953817307949066,macro
NOR_15Y,5,LORO_ZIRP,ZIRP,loro,natgas_mom_1m,total_gain,0.0,macro
NOR_15Y,5,LORO_ZIRP,ZIRP,loro,be5y_level,total_gain,0.0,macro
NOR_15Y,5,LORO_ZIRP,ZIRP,loro,be10y_level,total_gain,0.0,macro
NOR_15Y,5,LORO_ZIRP,ZIRP,loro,be_slope,total_gain,0.18146175146102905,macro
NOR_15Y,5,LORO_ZIRP,ZIRP,loro,be5y_chg_1m,total_gain,0.0,macro
NOR_15Y,5,LORO_ZIRP,ZIRP,loro,ig_spread,total_gain,0.0,credit
NOR_15Y,5,LORO_ZIRP,ZIRP,loro,hy_spread,total_gain,0.0,credit
NOR_15Y,5,LORO_ZIRP,ZIRP,loro,ig_chg_1m,total_gain,0.0,credit
NOR_15Y,5,LORO_ZIRP,ZIRP,loro,hy_chg_1m,total_gain,0.0,credit
NOR_15Y,5,LORO_ZIRP,ZIRP,loro,cpi_yoy,total_gain,0.09368433058261871,macro
NOR_15Y,5,LORO_ZIRP,ZIRP,loro,pce_core_chg,total_gain,0.0,macro
NOR_15Y,5,LORO_ZIRP,ZIRP,loro,nfp_change,total_gain,0.0,macro
NOR_15Y,5,LORO_ZIRP,ZIRP,loro,pmi_us,total_gain,0.0,macro
NOR_15Y,5,LORO_ZIRP,ZIRP,loro,pmi_eur,total_gain,0.634407639503479,macro
NOR_15Y,5,LORO_ZIRP,ZIRP,loro,unemp_eur,total_gain,0.0,macro
NOR_15Y,5,LORO_ZIRP,ZIRP,loro,cpi_nsa_level,total_gain,0.0,macro
NOR_15Y,5,LORO_ZIRP,ZIRP,loro,pce_core_level,total_gain,0.0,macro
NOR_15Y,5,LORO_ZIRP,ZIRP,loro,eur_3m,total_gain,0.09753881394863129,macro
NOR_15Y,5,LORO_ZIRP,ZIRP,loro,eur_1w,total_gain,0.0,macro
NOR_15Y,5,LORO_ZIRP,ZIRP,loro,nor_ibor_1m,total_gain,0.03360585868358612,norway
NOR_15Y,5,LORO_ZIRP,ZIRP,loro,nor_ibor_6m,total_gain,0.07147625088691711,norway
NOR_15Y,5,LORO_ZIRP,ZIRP,loro,nor_ecb_dfr_chg,total_gain,0.0,norway
NOR_15Y,5,LORO_ZIRP,ZIRP,loro,nor_ecb_dfr_level,total_gain,0.0,norway
NOR_15Y,5,LORO_ZIRP,ZIRP,loro,nor_eurnok_chg_1d,total_gain,0.1014619767665863,norway
NOR_15Y,5,LORO_ZIRP,ZIRP,loro,nor_eurnok_level,total_gain,0.0,norway
NOR_15Y,5,LORO_ZIRP,ZIRP,loro,nor_eurnok_mom_1m,total_gain,0.17235873639583588,norway
NOR_15Y,5,LORO_ZIRP,ZIRP,loro,nor_eurnok_mom_3m,total_gain,0.25367867946624756,norway
NOR_15Y,5,LORO_ZIRP,ZIRP,loro,nor_eurnok_rvol_20d,total_gain,0.6321367621421814,norway
NOR_15Y,5,LORO_ZIRP,ZIRP,loro,nor_govt_10y,total_gain,0.0,norway
NOR_15Y,5,LORO_ZIRP,ZIRP,loro,nor_govt_3y,total_gain,0.0,norway
NOR_15Y,5,LORO_ZIRP,ZIRP,loro,nor_govt_5y,total_gain,0.0,norway
NOR_15Y,5,LORO_ZIRP,ZIRP,loro,nor_i44_chg_1d,total_gain,0.0,norway
NOR_15Y,5,LORO_ZIRP,ZIRP,loro,nor_i44_level,total_gain,0.0,norway
NOR_15Y,5,LORO_ZIRP,ZIRP,loro,nor_i44_mom_1m,total_gain,0.142584890127182,norway
NOR_15Y,5,LORO_ZIRP,ZIRP,loro,nor_i44_mom_3m,total_gain,0.0,norway
NOR_15Y,5,LORO_ZIRP,ZIRP,loro,nor_i44_rvol_20d,total_gain,0.28667494654655457,norway
NOR_15Y,5,LORO_ZIRP,ZIRP,loro,nor_kpi_yoy,total_gain,0.0,norway
NOR_15Y,5,LORO_ZIRP,ZIRP,loro,nor_kpijae_yoy,total_gain,0.0,norway
NOR_15Y,5,LORO_ZIRP,ZIRP,loro,nor_nibor_nowa_spread,total_gain,0.0,norway
NOR_15Y,5,LORO_ZIRP,ZIRP,loro,nor_nowa_level,total_gain,0.0,norway
NOR_15Y,5,LORO_ZIRP,ZIRP,loro,nor_polrate_chg_1d,total_gain,0.031929727643728256,norway
NOR_15Y,5,LORO_ZIRP,ZIRP,loro,nor_polrate_days_since_chg,total_gain,0.12685541808605194,norway
NOR_15Y,5,LORO_ZIRP,ZIRP,loro,nor_polrate_level,total_gain,0.0,norway
NOR_15Y,5,LORO_ZIRP,ZIRP,loro,nor_rb_rate_chg,total_gain,0.0,norway
NOR_15Y,5,LORO_ZIRP,ZIRP,loro,nor_rb_rate_level,total_gain,0.0,norway
NOR_15Y,5,LORO_ZIRP,ZIRP,loro,nor_unemp,total_gain,0.0,norway
NOR_15Y,5,LORO_ZIRP,ZIRP,loro,nor_usdnok_chg_1d,total_gain,0.0009191110730171204,norway
NOR_15Y,5,LORO_ZIRP,ZIRP,loro,nor_usdnok_level,total_gain,0.10012239962816238,norway
NOR_15Y,5,LORO_ZIRP,ZIRP,loro,nor_usdnok_mom_1m,total_gain,0.258483350276947,norway
NOR_15Y,5,LORO_ZIRP,ZIRP,loro,nor_usdnok_mom_3m,total_gain,0.19922932982444763,norway
NOR_15Y,5,LORO_ZIRP,ZIRP,loro,nor_usdnok_rvol_20d,total_gain,0.0,norway
NOR_15Y,5,LORO_ZIRP,ZIRP,loro,swap_govt_spread,total_gain,0.0,norway
NOR_15Y,5,LORO_ZIRP,ZIRP,loro,xmpca_01,total_gain,0.0,cross_market
NOR_15Y,5,LORO_ZIRP,ZIRP,loro,xmpca_02,total_gain,0.00789208710193634,cross_market
NOR_15Y,5,LORO_ZIRP,ZIRP,loro,xmpca_03,total_gain,0.10798098891973495,cross_market
NOR_15Y,5,LORO_ZIRP,ZIRP,loro,xmpca_04,total_gain,0.0,cross_market
NOR_15Y,5,LORO_ZIRP,ZIRP,loro,xmpca_05,total_gain,0.0,cross_market
NOR_15Y,5,LORO_ZIRP,ZIRP,loro,xmpca_06,total_gain,0.0,cross_market
NOR_15Y,5,LORO_ZIRP,ZIRP,loro,xmpca_07,total_gain,0.03656643256545067,cross_market
NOR_15Y,5,LORO_ZIRP,ZIRP,loro,xmpca_08,total_gain,0.0,cross_market
NOR_15Y,5,LORO_ZIRP,ZIRP,loro,xmpca_09,total_gain,0.0506972074508667,cross_market
NOR_15Y,5,LORO_ZIRP,ZIRP,loro,xmpca_10,total_gain,0.07984262704849243,cross_market
NOR_15Y,5,LORO_ZIRP,ZIRP,loro,xmpca_11,total_gain,0.11415904760360718,cross_market
NOR_15Y,5,LORO_ZIRP,ZIRP,loro,xmpca_12,total_gain,0.0,cross_market
NOR_15Y,5,LORO_ZIRP,ZIRP,loro,chg_lag1,total_cover,0.0,momentum
NOR_15Y,5,LORO_ZIRP,ZIRP,loro,chg_lag2,total_cover,455.0,momentum
NOR_15Y,5,LORO_ZIRP,ZIRP,loro,chg_lag3,total_cover,0.0,momentum
NOR_15Y,5,LORO_ZIRP,ZIRP,loro,chg_lag4,total_cover,0.0,momentum
NOR_15Y,5,LORO_ZIRP,ZIRP,loro,chg_lag5,total_cover,0.0,momentum
NOR_15Y,5,LORO_ZIRP,ZIRP,loro,carry_roll,total_cover,1526.0,carry_roll
NOR_15Y,5,LORO_ZIRP,ZIRP,loro,mom_63d,total_cover,161.0,momentum
NOR_15Y,5,LORO_ZIRP,ZIRP,loro,mom_1m,total_cover,5805.0,momentum
NOR_15Y,5,LORO_ZIRP,ZIRP,loro,mom_3m,total_cover,950.0,momentum
NOR_15Y,5,LORO_ZIRP,ZIRP,loro,mom_6m,total_cover,0.0,momentum
NOR_15Y,5,LORO_ZIRP,ZIRP,loro,mom_12m,total_cover,1741.0,momentum
NOR_15Y,5,LORO_ZIRP,ZIRP,loro,dev_ma_3m,total_cover,322.0,curve
NOR_15Y,5,LORO_ZIRP,ZIRP,loro,dev_ma_12m,total_cover,9675.0,curve
NOR_15Y,5,LORO_ZIRP,ZIRP,loro,vol_20d,total_cover,0.0,vol
NOR_15Y,5,LORO_ZIRP,ZIRP,loro,vol_regime,total_cover,0.0,vol
NOR_15Y,5,LORO_ZIRP,ZIRP,loro,vol_zscore,total_cover,0.0,vol
NOR_15Y,5,LORO_ZIRP,ZIRP,loro,level_zscore,total_cover,185.0,curve
NOR_15Y,5,LORO_ZIRP,ZIRP,loro,slope_10_1,total_cover,108.0,curve
NOR_15Y,5,LORO_ZIRP,ZIRP,loro,slope_10_5,total_cover,0.0,curve
NOR_15Y,5,LORO_ZIRP,ZIRP,loro,slope_5_1,total_cover,1671.0,curve
NOR_15Y,5,LORO_ZIRP,ZIRP,loro,sofr_mom_1m,total_cover,6389.0,macro
NOR_15Y,5,LORO_ZIRP,ZIRP,loro,ibor_level,total_cover,1957.0,macro
NOR_15Y,5,LORO_ZIRP,ZIRP,loro,ibor_chg_1d,total_cover,1929.0,macro
NOR_15Y,5,LORO_ZIRP,ZIRP,loro,ibor_mom_1m,total_cover,6492.0,macro
NOR_15Y,5,LORO_ZIRP,ZIRP,loro,ibor_term_slope,total_cover,413.0,macro
NOR_15Y,5,LORO_ZIRP,ZIRP,loro,swap_ibor_basis,total_cover,0.0,curve
NOR_15Y,5,LORO_ZIRP,ZIRP,loro,move_level,total_cover,0.0,vol
NOR_15Y,5,LORO_ZIRP,ZIRP,loro,move_zscore,total_cover,0.0,vol
NOR_15Y,5,LORO_ZIRP,ZIRP,loro,vix_level,total_cover,0.0,vol
NOR_15Y,5,LORO_ZIRP,ZIRP,loro,vix_zscore,total_cover,0.0,vol
NOR_15Y,5,LORO_ZIRP,ZIRP,loro,v2x_level,total_cover,0.0,vol
NOR_15Y,5,LORO_ZIRP,ZIRP,loro,vxn_level,total_cover,0.0,vol
NOR_15Y,5,LORO_ZIRP,ZIRP,loro,ovx_level,total_cover,0.0,vol
NOR_15Y,5,LORO_ZIRP,ZIRP,loro,gvz_level,total_cover,0.0,vol
NOR_15Y,5,LORO_ZIRP,ZIRP,loro,spx_mom_1m,total_cover,7638.0,macro
NOR_15Y,5,LORO_ZIRP,ZIRP,loro,spx_mom_3m,total_cover,1967.0,macro
NOR_15Y,5,LORO_ZIRP,ZIRP,loro,sx5e_mom_1m,total_cover,134.0,macro
NOR_15Y,5,LORO_ZIRP,ZIRP,loro,sx5e_mom_3m,total_cover,0.0,macro
NOR_15Y,5,LORO_ZIRP,ZIRP,loro,mxwo_mom_1m,total_cover,0.0,macro
NOR_15Y,5,LORO_ZIRP,ZIRP,loro,ndx_mom_1m,total_cover,0.0,macro
NOR_15Y,5,LORO_ZIRP,ZIRP,loro,oil_mom_1m,total_cover,1692.0,macro
NOR_15Y,5,LORO_ZIRP,ZIRP,loro,oil_mom_3m,total_cover,2201.0,macro
NOR_15Y,5,LORO_ZIRP,ZIRP,loro,copper_mom_1m,total_cover,1258.0,macro
NOR_15Y,5,LORO_ZIRP,ZIRP,loro,opec_prod,total_cover,1514.0,macro
NOR_15Y,5,LORO_ZIRP,ZIRP,loro,natgas_mom_1m,total_cover,0.0,macro
NOR_15Y,5,LORO_ZIRP,ZIRP,loro,be5y_level,total_cover,0.0,macro
NOR_15Y,5,LORO_ZIRP,ZIRP,loro,be10y_level,total_cover,0.0,macro
NOR_15Y,5,LORO_ZIRP,ZIRP,loro,be_slope,total_cover,3216.0,macro
NOR_15Y,5,LORO_ZIRP,ZIRP,loro,be5y_chg_1m,total_cover,0.0,macro
NOR_15Y,5,LORO_ZIRP,ZIRP,loro,ig_spread,total_cover,0.0,credit
NOR_15Y,5,LORO_ZIRP,ZIRP,loro,hy_spread,total_cover,0.0,credit
NOR_15Y,5,LORO_ZIRP,ZIRP,loro,ig_chg_1m,total_cover,0.0,credit
NOR_15Y,5,LORO_ZIRP,ZIRP,loro,hy_chg_1m,total_cover,0.0,credit
NOR_15Y,5,LORO_ZIRP,ZIRP,loro,cpi_yoy,total_cover,1634.0,macro
NOR_15Y,5,LORO_ZIRP,ZIRP,loro,pce_core_chg,total_cover,0.0,macro
NOR_15Y,5,LORO_ZIRP,ZIRP,loro,nfp_change,total_cover,0.0,macro
NOR_15Y,5,LORO_ZIRP,ZIRP,loro,pmi_us,total_cover,0.0,macro
NOR_15Y,5,LORO_ZIRP,ZIRP,loro,pmi_eur,total_cover,8927.0,macro
NOR_15Y,5,LORO_ZIRP,ZIRP,loro,unemp_eur,total_cover,0.0,macro
NOR_15Y,5,LORO_ZIRP,ZIRP,loro,cpi_nsa_level,total_cover,0.0,macro
NOR_15Y,5,LORO_ZIRP,ZIRP,loro,pce_core_level,total_cover,0.0,macro
NOR_15Y,5,LORO_ZIRP,ZIRP,loro,eur_3m,total_cover,66.0,macro
NOR_15Y,5,LORO_ZIRP,ZIRP,loro,eur_1w,total_cover,0.0,macro
NOR_15Y,5,LORO_ZIRP,ZIRP,loro,nor_ibor_1m,total_cover,14.0,norway
NOR_15Y,5,LORO_ZIRP,ZIRP,loro,nor_ibor_6m,total_cover,499.0,norway
NOR_15Y,5,LORO_ZIRP,ZIRP,loro,nor_ecb_dfr_chg,total_cover,0.0,norway
NOR_15Y,5,LORO_ZIRP,ZIRP,loro,nor_ecb_dfr_level,total_cover,0.0,norway
NOR_15Y,5,LORO_ZIRP,ZIRP,loro,nor_eurnok_chg_1d,total_cover,274.0,norway
NOR_15Y,5,LORO_ZIRP,ZIRP,loro,nor_eurnok_level,total_cover,0.0,norway
NOR_15Y,5,LORO_ZIRP,ZIRP,loro,nor_eurnok_mom_1m,total_cover,289.0,norway
NOR_15Y,5,LORO_ZIRP,ZIRP,loro,nor_eurnok_mom_3m,total_cover,1790.0,norway
NOR_15Y,5,LORO_ZIRP,ZIRP,loro,nor_eurnok_rvol_20d,total_cover,2647.0,norway
NOR_15Y,5,LORO_ZIRP,ZIRP,loro,nor_govt_10y,total_cover,0.0,norway
NOR_15Y,5,LORO_ZIRP,ZIRP,loro,nor_govt_3y,total_cover,0.0,norway
NOR_15Y,5,LORO_ZIRP,ZIRP,loro,nor_govt_5y,total_cover,0.0,norway
NOR_15Y,5,LORO_ZIRP,ZIRP,loro,nor_i44_chg_1d,total_cover,0.0,norway
NOR_15Y,5,LORO_ZIRP,ZIRP,loro,nor_i44_level,total_cover,0.0,norway
NOR_15Y,5,LORO_ZIRP,ZIRP,loro,nor_i44_mom_1m,total_cover,281.0,norway
NOR_15Y,5,LORO_ZIRP,ZIRP,loro,nor_i44_mom_3m,total_cover,0.0,norway
NOR_15Y,5,LORO_ZIRP,ZIRP,loro,nor_i44_rvol_20d,total_cover,1926.0,norway
NOR_15Y,5,LORO_ZIRP,ZIRP,loro,nor_kpi_yoy,total_cover,0.0,norway
NOR_15Y,5,LORO_ZIRP,ZIRP,loro,nor_kpijae_yoy,total_cover,0.0,norway
NOR_15Y,5,LORO_ZIRP,ZIRP,loro,nor_nibor_nowa_spread,total_cover,0.0,norway
NOR_15Y,5,LORO_ZIRP,ZIRP,loro,nor_nowa_level,total_cover,0.0,norway
NOR_15Y,5,LORO_ZIRP,ZIRP,loro,nor_polrate_chg_1d,total_cover,48.0,norway
NOR_15Y,5,LORO_ZIRP,ZIRP,loro,nor_polrate_days_since_chg,total_cover,269.0,norway
NOR_15Y,5,LORO_ZIRP,ZIRP,loro,nor_polrate_level,total_cover,0.0,norway
NOR_15Y,5,LORO_ZIRP,ZIRP,loro,nor_rb_rate_chg,total_cover,0.0,norway
NOR_15Y,5,LORO_ZIRP,ZIRP,loro,nor_rb_rate_level,total_cover,0.0,norway
NOR_15Y,5,LORO_ZIRP,ZIRP,loro,nor_unemp,total_cover,0.0,norway
NOR_15Y,5,LORO_ZIRP,ZIRP,loro,nor_usdnok_chg_1d,total_cover,10.0,norway
NOR_15Y,5,LORO_ZIRP,ZIRP,loro,nor_usdnok_level,total_cover,1839.0,norway
NOR_15Y,5,LORO_ZIRP,ZIRP,loro,nor_usdnok_mom_1m,total_cover,1986.0,norway
NOR_15Y,5,LORO_ZIRP,ZIRP,loro,nor_usdnok_mom_3m,total_cover,3513.0,norway
NOR_15Y,5,LORO_ZIRP,ZIRP,loro,nor_usdnok_rvol_20d,total_cover,0.0,norway
NOR_15Y,5,LORO_ZIRP,ZIRP,loro,swap_govt_spread,total_cover,0.0,norway
NOR_15Y,5,LORO_ZIRP,ZIRP,loro,xmpca_01,total_cover,0.0,cross_market
NOR_15Y,5,LORO_ZIRP,ZIRP,loro,xmpca_02,total_cover,14.0,cross_market
NOR_15Y,5,LORO_ZIRP,ZIRP,loro,xmpca_03,total_cover,859.0,cross_market
NOR_15Y,5,LORO_ZIRP,ZIRP,loro,xmpca_04,total_cover,0.0,cross_market
NOR_15Y,5,LORO_ZIRP,ZIRP,loro,xmpca_05,total_cover,0.0,cross_market
NOR_15Y,5,LORO_ZIRP,ZIRP,loro,xmpca_06,total_cover,0.0,cross_market
NOR_15Y,5,LORO_ZIRP,ZIRP,loro,xmpca_07,total_cover,33.0,cross_market
NOR_15Y,5,LORO_ZIRP,ZIRP,loro,xmpca_08,total_cover,0.0,cross_market
NOR_15Y,5,LORO_ZIRP,ZIRP,loro,xmpca_09,total_cover,10.0,cross_market
NOR_15Y,5,LORO_ZIRP,ZIRP,loro,xmpca_10,total_cover,26.0,cross_market
NOR_15Y,5,LORO_ZIRP,ZIRP,loro,xmpca_11,total_cover,148.0,cross_market
NOR_15Y,5,LORO_ZIRP,ZIRP,loro,xmpca_12,total_cover,0.0,cross_market
NOR_15Y,5,LORO_ZIRP,ZIRP,loro,chg_lag1,shap_mean_abs,0.0,momentum
NOR_15Y,5,LORO_ZIRP,ZIRP,loro,chg_lag2,shap_mean_abs,6.45671971142292e-05,momentum
NOR_15Y,5,LORO_ZIRP,ZIRP,loro,chg_lag3,shap_mean_abs,0.0,momentum
NOR_15Y,5,LORO_ZIRP,ZIRP,loro,chg_lag4,shap_mean_abs,0.0,momentum
NOR_15Y,5,LORO_ZIRP,ZIRP,loro,chg_lag5,shap_mean_abs,0.0,momentum
NOR_15Y,5,LORO_ZIRP,ZIRP,loro,carry_roll,shap_mean_abs,0.00022705362061969936,carry_roll
NOR_15Y,5,LORO_ZIRP,ZIRP,loro,mom_63d,shap_mean_abs,2.3404702005791478e-05,momentum
NOR_15Y,5,LORO_ZIRP,ZIRP,loro,mom_1m,shap_mean_abs,9.317649528384209e-05,momentum
NOR_15Y,5,LORO_ZIRP,ZIRP,loro,mom_3m,shap_mean_abs,0.00011322484351694584,momentum
NOR_15Y,5,LORO_ZIRP,ZIRP,loro,mom_6m,shap_mean_abs,0.0,momentum
NOR_15Y,5,LORO_ZIRP,ZIRP,loro,mom_12m,shap_mean_abs,0.00019512165454216301,momentum
NOR_15Y,5,LORO_ZIRP,ZIRP,loro,dev_ma_3m,shap_mean_abs,6.466764898505062e-05,curve
NOR_15Y,5,LORO_ZIRP,ZIRP,loro,dev_ma_12m,shap_mean_abs,0.00034686282742768526,curve
NOR_15Y,5,LORO_ZIRP,ZIRP,loro,vol_20d,shap_mean_abs,0.0,vol
NOR_15Y,5,LORO_ZIRP,ZIRP,loro,vol_regime,shap_mean_abs,0.0,vol
NOR_15Y,5,LORO_ZIRP,ZIRP,loro,vol_zscore,shap_mean_abs,0.0,vol
NOR_15Y,5,LORO_ZIRP,ZIRP,loro,level_zscore,shap_mean_abs,2.1238076442386955e-05,curve
NOR_15Y,5,LORO_ZIRP,ZIRP,loro,slope_10_1,shap_mean_abs,1.762256033543963e-05,curve
NOR_15Y,5,LORO_ZIRP,ZIRP,loro,slope_10_5,shap_mean_abs,0.0,curve
NOR_15Y,5,LORO_ZIRP,ZIRP,loro,slope_5_1,shap_mean_abs,0.0001799172314349562,curve
NOR_15Y,5,LORO_ZIRP,ZIRP,loro,sofr_mom_1m,shap_mean_abs,0.0006019652937538922,macro
NOR_15Y,5,LORO_ZIRP,ZIRP,loro,ibor_level,shap_mean_abs,0.00015663058729842305,macro
NOR_15Y,5,LORO_ZIRP,ZIRP,loro,ibor_chg_1d,shap_mean_abs,2.6778725441545248e-05,macro
NOR_15Y,5,LORO_ZIRP,ZIRP,loro,ibor_mom_1m,shap_mean_abs,0.0002749898994807154,macro
NOR_15Y,5,LORO_ZIRP,ZIRP,loro,ibor_term_slope,shap_mean_abs,2.184750701417215e-05,macro
NOR_15Y,5,LORO_ZIRP,ZIRP,loro,swap_ibor_basis,shap_mean_abs,0.0,curve
NOR_15Y,5,LORO_ZIRP,ZIRP,loro,move_level,shap_mean_abs,0.0,vol
NOR_15Y,5,LORO_ZIRP,ZIRP,loro,move_zscore,shap_mean_abs,0.0,vol
NOR_15Y,5,LORO_ZIRP,ZIRP,loro,vix_level,shap_mean_abs,0.0,vol
NOR_15Y,5,LORO_ZIRP,ZIRP,loro,vix_zscore,shap_mean_abs,0.0,vol
NOR_15Y,5,LORO_ZIRP,ZIRP,loro,v2x_level,shap_mean_abs,0.0,vol
NOR_15Y,5,LORO_ZIRP,ZIRP,loro,vxn_level,shap_mean_abs,0.0,vol
NOR_15Y,5,LORO_ZIRP,ZIRP,loro,ovx_level,shap_mean_abs,0.0,vol
NOR_15Y,5,LORO_ZIRP,ZIRP,loro,gvz_level,shap_mean_abs,0.0,vol
NOR_15Y,5,LORO_ZIRP,ZIRP,loro,spx_mom_1m,shap_mean_abs,0.00015842948050703853,macro
NOR_15Y,5,LORO_ZIRP,ZIRP,loro,spx_mom_3m,shap_mean_abs,4.9983063945546746e-05,macro
NOR_15Y,5,LORO_ZIRP,ZIRP,loro,sx5e_mom_1m,shap_mean_abs,1.5648725820938125e-05,macro
NOR_15Y,5,LORO_ZIRP,ZIRP,loro,sx5e_mom_3m,shap_mean_abs,0.0,macro
NOR_15Y,5,LORO_ZIRP,ZIRP,loro,mxwo_mom_1m,shap_mean_abs,0.0,macro
NOR_15Y,5,LORO_ZIRP,ZIRP,loro,ndx_mom_1m,shap_mean_abs,0.0,macro
NOR_15Y,5,LORO_ZIRP,ZIRP,loro,oil_mom_1m,shap_mean_abs,9.58632881520316e-05,macro
NOR_15Y,5,LORO_ZIRP,ZIRP,loro,oil_mom_3m,shap_mean_abs,7.477375766029581e-05,macro
NOR_15Y,5,LORO_ZIRP,ZIRP,loro,copper_mom_1m,shap_mean_abs,0.0002501934068277478,macro
NOR_15Y,5,LORO_ZIRP,ZIRP,loro,opec_prod,shap_mean_abs,0.00035856300382874906,macro
NOR_15Y,5,LORO_ZIRP,ZIRP,loro,natgas_mom_1m,shap_mean_abs,0.0,macro
NOR_15Y,5,LORO_ZIRP,ZIRP,loro,be5y_level,shap_mean_abs,0.0,macro
NOR_15Y,5,LORO_ZIRP,ZIRP,loro,be10y_level,shap_mean_abs,0.0,macro
NOR_15Y,5,LORO_ZIRP,ZIRP,loro,be_slope,shap_mean_abs,0.0002035723882727325,macro
NOR_15Y,5,LORO_ZIRP,ZIRP,loro,be5y_chg_1m,shap_mean_abs,0.0,macro
NOR_15Y,5,LORO_ZIRP,ZIRP,loro,ig_spread,shap_mean_abs,0.0,credit
NOR_15Y,5,LORO_ZIRP,ZIRP,loro,hy_spread,shap_mean_abs,0.0,credit
NOR_15Y,5,LORO_ZIRP,ZIRP,loro,ig_chg_1m,shap_mean_abs,0.0,credit
NOR_15Y,5,LORO_ZIRP,ZIRP,loro,hy_chg_1m,shap_mean_abs,0.0,credit
NOR_15Y,5,LORO_ZIRP,ZIRP,loro,cpi_yoy,shap_mean_abs,3.6402383557287976e-05,macro
NOR_15Y,5,LORO_ZIRP,ZIRP,loro,pce_core_chg,shap_mean_abs,0.0,macro
NOR_15Y,5,LORO_ZIRP,ZIRP,loro,nfp_change,shap_mean_abs,0.0,macro
NOR_15Y,5,LORO_ZIRP,ZIRP,loro,pmi_us,shap_mean_abs,0.0,macro
NOR_15Y,5,LORO_ZIRP,ZIRP,loro,pmi_eur,shap_mean_abs,0.0008753578877076507,macro
NOR_15Y,5,LORO_ZIRP,ZIRP,loro,unemp_eur,shap_mean_abs,0.0,macro
NOR_15Y,5,LORO_ZIRP,ZIRP,loro,cpi_nsa_level,shap_mean_abs,0.0,macro
NOR_15Y,5,LORO_ZIRP,ZIRP,loro,pce_core_level,shap_mean_abs,0.0,macro
NOR_15Y,5,LORO_ZIRP,ZIRP,loro,eur_3m,shap_mean_abs,5.521924322238192e-05,macro
NOR_15Y,5,LORO_ZIRP,ZIRP,loro,eur_1w,shap_mean_abs,0.0,macro
NOR_15Y,5,LORO_ZIRP,ZIRP,loro,nor_ibor_1m,shap_mean_abs,6.464810667239362e-06,norway
NOR_15Y,5,LORO_ZIRP,ZIRP,loro,nor_ibor_6m,shap_mean_abs,2.2611713575315662e-05,norway
NOR_15Y,5,LORO_ZIRP,ZIRP,loro,nor_ecb_dfr_chg,shap_mean_abs,0.0,norway
NOR_15Y,5,LORO_ZIRP,ZIRP,loro,nor_ecb_dfr_level,shap_mean_abs,0.0,norway
NOR_15Y,5,LORO_ZIRP,ZIRP,loro,nor_eurnok_chg_1d,shap_mean_abs,6.811235653003678e-05,norway
NOR_15Y,5,LORO_ZIRP,ZIRP,loro,nor_eurnok_level,shap_mean_abs,0.0,norway
NOR_15Y,5,LORO_ZIRP,ZIRP,loro,nor_eurnok_mom_1m,shap_mean_abs,0.00014862415264360607,norway
NOR_15Y,5,LORO_ZIRP,ZIRP,loro,nor_eurnok_mom_3m,shap_mean_abs,0.00015505633200518787,norway
NOR_15Y,5,LORO_ZIRP,ZIRP,loro,nor_eurnok_rvol_20d,shap_mean_abs,0.0003104053612332791,norway
NOR_15Y,5,LORO_ZIRP,ZIRP,loro,nor_govt_10y,shap_mean_abs,0.0,norway
NOR_15Y,5,LORO_ZIRP,ZIRP,loro,nor_govt_3y,shap_mean_abs,0.0,norway
NOR_15Y,5,LORO_ZIRP,ZIRP,loro,nor_govt_5y,shap_mean_abs,0.0,norway
NOR_15Y,5,LORO_ZIRP,ZIRP,loro,nor_i44_chg_1d,shap_mean_abs,0.0,norway
NOR_15Y,5,LORO_ZIRP,ZIRP,loro,nor_i44_level,shap_mean_abs,0.0,norway
NOR_15Y,5,LORO_ZIRP,ZIRP,loro,nor_i44_mom_1m,shap_mean_abs,7.434556755470112e-05,norway
NOR_15Y,5,LORO_ZIRP,ZIRP,loro,nor_i44_mom_3m,shap_mean_abs,0.0,norway
NOR_15Y,5,LORO_ZIRP,ZIRP,loro,nor_i44_rvol_20d,shap_mean_abs,0.00042455195216462016,norway
NOR_15Y,5,LORO_ZIRP,ZIRP,loro,nor_kpi_yoy,shap_mean_abs,0.0,norway
NOR_15Y,5,LORO_ZIRP,ZIRP,loro,nor_kpijae_yoy,shap_mean_abs,0.0,norway
NOR_15Y,5,LORO_ZIRP,ZIRP,loro,nor_nibor_nowa_spread,shap_mean_abs,0.0,norway
NOR_15Y,5,LORO_ZIRP,ZIRP,loro,nor_nowa_level,shap_mean_abs,0.0,norway
NOR_15Y,5,LORO_ZIRP,ZIRP,loro,nor_polrate_chg_1d,shap_mean_abs,1.2205571692902595e-05,norway
NOR_15Y,5,LORO_ZIRP,ZIRP,loro,nor_polrate_days_since_chg,shap_mean_abs,9.79653195827268e-05,norway
NOR_15Y,5,LORO_ZIRP,ZIRP,loro,nor_polrate_level,shap_mean_abs,0.0,norway
NOR_15Y,5,LORO_ZIRP,ZIRP,loro,nor_rb_rate_chg,shap_mean_abs,0.0,norway
NOR_15Y,5,LORO_ZIRP,ZIRP,loro,nor_rb_rate_level,shap_mean_abs,0.0,norway
NOR_15Y,5,LORO_ZIRP,ZIRP,loro,nor_unemp,shap_mean_abs,0.0,norway
NOR_15Y,5,LORO_ZIRP,ZIRP,loro,nor_usdnok_chg_1d,shap_mean_abs,6.702788141410565e-06,norway
NOR_15Y,5,LORO_ZIRP,ZIRP,loro,nor_usdnok_level,shap_mean_abs,0.0002522472059354186,norway
NOR_15Y,5,LORO_ZIRP,ZIRP,loro,nor_usdnok_mom_1m,shap_mean_abs,7.372855907306075e-05,norway
NOR_15Y,5,LORO_ZIRP,ZIRP,loro,nor_usdnok_mom_3m,shap_mean_abs,0.00044749421067535877,norway
NOR_15Y,5,LORO_ZIRP,ZIRP,loro,nor_usdnok_rvol_20d,shap_mean_abs,0.0,norway
NOR_15Y,5,LORO_ZIRP,ZIRP,loro,swap_govt_spread,shap_mean_abs,0.0,norway
NOR_15Y,5,LORO_ZIRP,ZIRP,loro,xmpca_01,shap_mean_abs,0.0,cross_market
NOR_15Y,5,LORO_ZIRP,ZIRP,loro,xmpca_02,shap_mean_abs,7.604156508023152e-06,cross_market
NOR_15Y,5,LORO_ZIRP,ZIRP,loro,xmpca_03,shap_mean_abs,0.0002091483329422772,cross_market
NOR_15Y,5,LORO_ZIRP,ZIRP,loro,xmpca_04,shap_mean_abs,0.0,cross_market
NOR_15Y,5,LORO_ZIRP,ZIRP,loro,xmpca_05,shap_mean_abs,0.0,cross_market
NOR_15Y,5,LORO_ZIRP,ZIRP,loro,xmpca_06,shap_mean_abs,0.0,cross_market
NOR_15Y,5,LORO_ZIRP,ZIRP,loro,xmpca_07,shap_mean_abs,3.0703980883117765e-05,cross_market
NOR_15Y,5,LORO_ZIRP,ZIRP,loro,xmpca_08,shap_mean_abs,0.0,cross_market
NOR_15Y,5,LORO_ZIRP,ZIRP,loro,xmpca_09,shap_mean_abs,1.623691241547931e-05,cross_market
NOR_15Y,5,LORO_ZIRP,ZIRP,loro,xmpca_10,shap_mean_abs,3.050075792998541e-05,cross_market
NOR_15Y,5,LORO_ZIRP,ZIRP,loro,xmpca_11,shap_mean_abs,1.7528382159071043e-05,cross_market
NOR_15Y,5,LORO_ZIRP,ZIRP,loro,xmpca_12,shap_mean_abs,0.0,cross_market
NOR_15Y,5,LORO_COVID,COVID,loro,chg_lag1,gain,0.0,momentum
NOR_15Y,5,LORO_COVID,COVID,loro,chg_lag2,gain,0.0,momentum
NOR_15Y,5,LORO_COVID,COVID,loro,chg_lag3,gain,0.0,momentum
NOR_15Y,5,LORO_COVID,COVID,loro,chg_lag4,gain,0.0,momentum
NOR_15Y,5,LORO_COVID,COVID,loro,chg_lag5,gain,0.07693702727556229,momentum
NOR_15Y,5,LORO_COVID,COVID,loro,carry_roll,gain,0.06788438558578491,carry_roll
NOR_15Y,5,LORO_COVID,COVID,loro,mom_63d,gain,0.03232544660568237,momentum
NOR_15Y,5,LORO_COVID,COVID,loro,mom_1m,gain,0.06603133678436279,momentum
NOR_15Y,5,LORO_COVID,COVID,loro,mom_3m,gain,0.0,momentum
NOR_15Y,5,LORO_COVID,COVID,loro,mom_6m,gain,0.0,momentum
NOR_15Y,5,LORO_COVID,COVID,loro,mom_12m,gain,0.0,momentum
NOR_15Y,5,LORO_COVID,COVID,loro,dev_ma_3m,gain,0.06147664040327072,curve
NOR_15Y,5,LORO_COVID,COVID,loro,dev_ma_12m,gain,0.15112118422985077,curve
NOR_15Y,5,LORO_COVID,COVID,loro,vol_20d,gain,0.052445460110902786,vol
NOR_15Y,5,LORO_COVID,COVID,loro,vol_regime,gain,0.0,vol
NOR_15Y,5,LORO_COVID,COVID,loro,vol_zscore,gain,0.0,vol
NOR_15Y,5,LORO_COVID,COVID,loro,level_zscore,gain,0.08528616279363632,curve
NOR_15Y,5,LORO_COVID,COVID,loro,slope_10_1,gain,0.07891736924648285,curve
NOR_15Y,5,LORO_COVID,COVID,loro,slope_10_5,gain,0.0,curve
NOR_15Y,5,LORO_COVID,COVID,loro,slope_5_1,gain,0.1522226780653,curve
NOR_15Y,5,LORO_COVID,COVID,loro,sofr_mom_1m,gain,0.09498772770166397,macro
NOR_15Y,5,LORO_COVID,COVID,loro,ibor_level,gain,0.08202707767486572,macro
NOR_15Y,5,LORO_COVID,COVID,loro,ibor_chg_1d,gain,0.07675826549530029,macro
NOR_15Y,5,LORO_COVID,COVID,loro,ibor_mom_1m,gain,0.0,macro
NOR_15Y,5,LORO_COVID,COVID,loro,ibor_term_slope,gain,0.0,macro
NOR_15Y,5,LORO_COVID,COVID,loro,swap_ibor_basis,gain,0.0,curve
NOR_15Y,5,LORO_COVID,COVID,loro,move_level,gain,0.030285194516181946,vol
NOR_15Y,5,LORO_COVID,COVID,loro,move_zscore,gain,0.0,vol
NOR_15Y,5,LORO_COVID,COVID,loro,vix_level,gain,0.0,vol
NOR_15Y,5,LORO_COVID,COVID,loro,vix_zscore,gain,0.07334712147712708,vol
NOR_15Y,5,LORO_COVID,COVID,loro,v2x_level,gain,0.0,vol
NOR_15Y,5,LORO_COVID,COVID,loro,vxn_level,gain,0.10571621358394623,vol
NOR_15Y,5,LORO_COVID,COVID,loro,ovx_level,gain,0.07598736137151718,vol
NOR_15Y,5,LORO_COVID,COVID,loro,gvz_level,gain,0.10977858304977417,vol
NOR_15Y,5,LORO_COVID,COVID,loro,spx_mom_1m,gain,0.10055036842823029,macro
NOR_15Y,5,LORO_COVID,COVID,loro,spx_mom_3m,gain,0.0,macro
NOR_15Y,5,LORO_COVID,COVID,loro,sx5e_mom_1m,gain,0.03618548437952995,macro
NOR_15Y,5,LORO_COVID,COVID,loro,sx5e_mom_3m,gain,0.0,macro
NOR_15Y,5,LORO_COVID,COVID,loro,mxwo_mom_1m,gain,0.0,macro
NOR_15Y,5,LORO_COVID,COVID,loro,ndx_mom_1m,gain,0.0,macro
NOR_15Y,5,LORO_COVID,COVID,loro,oil_mom_1m,gain,0.06095957010984421,macro
NOR_15Y,5,LORO_COVID,COVID,loro,oil_mom_3m,gain,0.0,macro
NOR_15Y,5,LORO_COVID,COVID,loro,copper_mom_1m,gain,0.0,macro
NOR_15Y,5,LORO_COVID,COVID,loro,opec_prod,gain,0.0,macro
NOR_15Y,5,LORO_COVID,COVID,loro,natgas_mom_1m,gain,0.12435992062091827,macro
NOR_15Y,5,LORO_COVID,COVID,loro,be5y_level,gain,0.0,macro
NOR_15Y,5,LORO_COVID,COVID,loro,be10y_level,gain,0.0,macro
NOR_15Y,5,LORO_COVID,COVID,loro,be_slope,gain,0.0,macro
NOR_15Y,5,LORO_COVID,COVID,loro,be5y_chg_1m,gain,0.0,macro
NOR_15Y,5,LORO_COVID,COVID,loro,ig_spread,gain,0.0,credit
NOR_15Y,5,LORO_COVID,COVID,loro,hy_spread,gain,0.0,credit
NOR_15Y,5,LORO_COVID,COVID,loro,ig_chg_1m,gain,0.0,credit
NOR_15Y,5,LORO_COVID,COVID,loro,hy_chg_1m,gain,0.0,credit
NOR_15Y,5,LORO_COVID,COVID,loro,cpi_yoy,gain,0.0,macro
NOR_15Y,5,LORO_COVID,COVID,loro,pce_core_chg,gain,0.07172560691833496,macro
NOR_15Y,5,LORO_COVID,COVID,loro,nfp_change,gain,0.12482662498950958,macro
NOR_15Y,5,LORO_COVID,COVID,loro,pmi_us,gain,0.0,macro
NOR_15Y,5,LORO_COVID,COVID,loro,pmi_eur,gain,0.0,macro
NOR_15Y,5,LORO_COVID,COVID,loro,unemp_eur,gain,0.0,macro
NOR_15Y,5,LORO_COVID,COVID,loro,cpi_nsa_level,gain,0.0,macro
NOR_15Y,5,LORO_COVID,COVID,loro,pce_core_level,gain,0.0,macro
NOR_15Y,5,LORO_COVID,COVID,loro,eur_3m,gain,0.0,macro
NOR_15Y,5,LORO_COVID,COVID,loro,eur_1w,gain,0.0028092660941183567,macro
NOR_15Y,5,LORO_COVID,COVID,loro,nor_ibor_1m,gain,0.0,norway
NOR_15Y,5,LORO_COVID,COVID,loro,nor_ibor_6m,gain,0.0,norway
NOR_15Y,5,LORO_COVID,COVID,loro,nor_ecb_dfr_chg,gain,0.0,norway
NOR_15Y,5,LORO_COVID,COVID,loro,nor_ecb_dfr_level,gain,0.0,norway
NOR_15Y,5,LORO_COVID,COVID,loro,nor_eurnok_chg_1d,gain,0.0,norway
NOR_15Y,5,LORO_COVID,COVID,loro,nor_eurnok_level,gain,0.0,norway
NOR_15Y,5,LORO_COVID,COVID,loro,nor_eurnok_mom_1m,gain,0.07971733808517456,norway
NOR_15Y,5,LORO_COVID,COVID,loro,nor_eurnok_mom_3m,gain,0.08971238881349564,norway
NOR_15Y,5,LORO_COVID,COVID,loro,nor_eurnok_rvol_20d,gain,0.06419718265533447,norway
NOR_15Y,5,LORO_COVID,COVID,loro,nor_govt_10y,gain,0.10550539195537567,norway
NOR_15Y,5,LORO_COVID,COVID,loro,nor_govt_3y,gain,0.0,norway
NOR_15Y,5,LORO_COVID,COVID,loro,nor_govt_5y,gain,0.0,norway
NOR_15Y,5,LORO_COVID,COVID,loro,nor_i44_chg_1d,gain,0.03838568925857544,norway
NOR_15Y,5,LORO_COVID,COVID,loro,nor_i44_level,gain,0.0,norway
NOR_15Y,5,LORO_COVID,COVID,loro,nor_i44_mom_1m,gain,0.04410560056567192,norway
NOR_15Y,5,LORO_COVID,COVID,loro,nor_i44_mom_3m,gain,0.04457532986998558,norway
NOR_15Y,5,LORO_COVID,COVID,loro,nor_i44_rvol_20d,gain,0.0,norway
NOR_15Y,5,LORO_COVID,COVID,loro,nor_kpi_yoy,gain,0.078284353017807,norway
NOR_15Y,5,LORO_COVID,COVID,loro,nor_kpijae_yoy,gain,0.0,norway
NOR_15Y,5,LORO_COVID,COVID,loro,nor_nibor_nowa_spread,gain,0.0,norway
NOR_15Y,5,LORO_COVID,COVID,loro,nor_nowa_level,gain,0.0,norway
NOR_15Y,5,LORO_COVID,COVID,loro,nor_polrate_chg_1d,gain,0.0,norway
NOR_15Y,5,LORO_COVID,COVID,loro,nor_polrate_days_since_chg,gain,0.076022669672966,norway
NOR_15Y,5,LORO_COVID,COVID,loro,nor_polrate_level,gain,0.0,norway
NOR_15Y,5,LORO_COVID,COVID,loro,nor_rb_rate_chg,gain,0.0,norway
NOR_15Y,5,LORO_COVID,COVID,loro,nor_rb_rate_level,gain,0.0,norway
NOR_15Y,5,LORO_COVID,COVID,loro,nor_unemp,gain,0.0,norway
NOR_15Y,5,LORO_COVID,COVID,loro,nor_usdnok_chg_1d,gain,0.0,norway
NOR_15Y,5,LORO_COVID,COVID,loro,nor_usdnok_level,gain,0.07586293667554855,norway
NOR_15Y,5,LORO_COVID,COVID,loro,nor_usdnok_mom_1m,gain,0.0,norway
NOR_15Y,5,LORO_COVID,COVID,loro,nor_usdnok_mom_3m,gain,0.12032872438430786,norway
NOR_15Y,5,LORO_COVID,COVID,loro,nor_usdnok_rvol_20d,gain,0.051623910665512085,norway
NOR_15Y,5,LORO_COVID,COVID,loro,swap_govt_spread,gain,0.0,norway
NOR_15Y,5,LORO_COVID,COVID,loro,xmpca_01,gain,0.0,cross_market
NOR_15Y,5,LORO_COVID,COVID,loro,xmpca_02,gain,0.06545768678188324,cross_market
NOR_15Y,5,LORO_COVID,COVID,loro,xmpca_03,gain,0.0,cross_market
NOR_15Y,5,LORO_COVID,COVID,loro,xmpca_04,gain,0.0,cross_market
NOR_15Y,5,LORO_COVID,COVID,loro,xmpca_05,gain,0.0,cross_market
NOR_15Y,5,LORO_COVID,COVID,loro,xmpca_06,gain,0.10672779381275177,cross_market
NOR_15Y,5,LORO_COVID,COVID,loro,xmpca_07,gain,0.06797569245100021,cross_market
NOR_15Y,5,LORO_COVID,COVID,loro,xmpca_08,gain,0.03688334673643112,cross_market
NOR_15Y,5,LORO_COVID,COVID,loro,xmpca_09,gain,0.05252338945865631,cross_market
NOR_15Y,5,LORO_COVID,COVID,loro,xmpca_10,gain,0.062087710946798325,cross_market
NOR_15Y,5,LORO_COVID,COVID,loro,xmpca_11,gain,0.06818750500679016,cross_market
NOR_15Y,5,LORO_COVID,COVID,loro,xmpca_12,gain,0.0,cross_market
NOR_15Y,5,LORO_COVID,COVID,loro,chg_lag1,weight,0.0,momentum
NOR_15Y,5,LORO_COVID,COVID,loro,chg_lag2,weight,0.0,momentum
NOR_15Y,5,LORO_COVID,COVID,loro,chg_lag3,weight,0.0,momentum
NOR_15Y,5,LORO_COVID,COVID,loro,chg_lag4,weight,0.0,momentum
NOR_15Y,5,LORO_COVID,COVID,loro,chg_lag5,weight,1.0,momentum
NOR_15Y,5,LORO_COVID,COVID,loro,carry_roll,weight,3.0,carry_roll
NOR_15Y,5,LORO_COVID,COVID,loro,mom_63d,weight,2.0,momentum
NOR_15Y,5,LORO_COVID,COVID,loro,mom_1m,weight,3.0,momentum
NOR_15Y,5,LORO_COVID,COVID,loro,mom_3m,weight,0.0,momentum
NOR_15Y,5,LORO_COVID,COVID,loro,mom_6m,weight,0.0,momentum
NOR_15Y,5,LORO_COVID,COVID,loro,mom_12m,weight,0.0,momentum
NOR_15Y,5,LORO_COVID,COVID,loro,dev_ma_3m,weight,1.0,curve
NOR_15Y,5,LORO_COVID,COVID,loro,dev_ma_12m,weight,6.0,curve
NOR_15Y,5,LORO_COVID,COVID,loro,vol_20d,weight,3.0,vol
NOR_15Y,5,LORO_COVID,COVID,loro,vol_regime,weight,0.0,vol
NOR_15Y,5,LORO_COVID,COVID,loro,vol_zscore,weight,0.0,vol
NOR_15Y,5,LORO_COVID,COVID,loro,level_zscore,weight,1.0,curve
NOR_15Y,5,LORO_COVID,COVID,loro,slope_10_1,weight,1.0,curve
NOR_15Y,5,LORO_COVID,COVID,loro,slope_10_5,weight,0.0,curve
NOR_15Y,5,LORO_COVID,COVID,loro,slope_5_1,weight,1.0,curve
NOR_15Y,5,LORO_COVID,COVID,loro,sofr_mom_1m,weight,3.0,macro
NOR_15Y,5,LORO_COVID,COVID,loro,ibor_level,weight,1.0,macro
NOR_15Y,5,LORO_COVID,COVID,loro,ibor_chg_1d,weight,3.0,macro
NOR_15Y,5,LORO_COVID,COVID,loro,ibor_mom_1m,weight,0.0,macro
NOR_15Y,5,LORO_COVID,COVID,loro,ibor_term_slope,weight,0.0,macro
NOR_15Y,5,LORO_COVID,COVID,loro,swap_ibor_basis,weight,0.0,curve
NOR_15Y,5,LORO_COVID,COVID,loro,move_level,weight,1.0,vol
NOR_15Y,5,LORO_COVID,COVID,loro,move_zscore,weight,0.0,vol
NOR_15Y,5,LORO_COVID,COVID,loro,vix_level,weight,0.0,vol
NOR_15Y,5,LORO_COVID,COVID,loro,vix_zscore,weight,1.0,vol
NOR_15Y,5,LORO_COVID,COVID,loro,v2x_level,weight,0.0,vol
NOR_15Y,5,LORO_COVID,COVID,loro,vxn_level,weight,1.0,vol
NOR_15Y,5,LORO_COVID,COVID,loro,ovx_level,weight,1.0,vol
NOR_15Y,5,LORO_COVID,COVID,loro,gvz_level,weight,1.0,vol
NOR_15Y,5,LORO_COVID,COVID,loro,spx_mom_1m,weight,1.0,macro
NOR_15Y,5,LORO_COVID,COVID,loro,spx_mom_3m,weight,0.0,macro
NOR_15Y,5,LORO_COVID,COVID,loro,sx5e_mom_1m,weight,3.0,macro
NOR_15Y,5,LORO_COVID,COVID,loro,sx5e_mom_3m,weight,0.0,macro
NOR_15Y,5,LORO_COVID,COVID,loro,mxwo_mom_1m,weight,0.0,macro
NOR_15Y,5,LORO_COVID,COVID,loro,ndx_mom_1m,weight,0.0,macro
NOR_15Y,5,LORO_COVID,COVID,loro,oil_mom_1m,weight,1.0,macro
NOR_15Y,5,LORO_COVID,COVID,loro,oil_mom_3m,weight,0.0,macro
NOR_15Y,5,LORO_COVID,COVID,loro,copper_mom_1m,weight,0.0,macro
NOR_15Y,5,LORO_COVID,COVID,loro,opec_prod,weight,0.0,macro
NOR_15Y,5,LORO_COVID,COVID,loro,natgas_mom_1m,weight,1.0,macro
NOR_15Y,5,LORO_COVID,COVID,loro,be5y_level,weight,0.0,macro
NOR_15Y,5,LORO_COVID,COVID,loro,be10y_level,weight,0.0,macro
NOR_15Y,5,LORO_COVID,COVID,loro,be_slope,weight,0.0,macro
NOR_15Y,5,LORO_COVID,COVID,loro,be5y_chg_1m,weight,0.0,macro
NOR_15Y,5,LORO_COVID,COVID,loro,ig_spread,weight,0.0,credit
NOR_15Y,5,LORO_COVID,COVID,loro,hy_spread,weight,0.0,credit
NOR_15Y,5,LORO_COVID,COVID,loro,ig_chg_1m,weight,0.0,credit
NOR_15Y,5,LORO_COVID,COVID,loro,hy_chg_1m,weight,0.0,credit
NOR_15Y,5,LORO_COVID,COVID,loro,cpi_yoy,weight,0.0,macro
NOR_15Y,5,LORO_COVID,COVID,loro,pce_core_chg,weight,2.0,macro
NOR_15Y,5,LORO_COVID,COVID,loro,nfp_change,weight,5.0,macro
NOR_15Y,5,LORO_COVID,COVID,loro,pmi_us,weight,0.0,macro
NOR_15Y,5,LORO_COVID,COVID,loro,pmi_eur,weight,0.0,macro
NOR_15Y,5,LORO_COVID,COVID,loro,unemp_eur,weight,0.0,macro
NOR_15Y,5,LORO_COVID,COVID,loro,cpi_nsa_level,weight,0.0,macro
NOR_15Y,5,LORO_COVID,COVID,loro,pce_core_level,weight,0.0,macro
NOR_15Y,5,LORO_COVID,COVID,loro,eur_3m,weight,0.0,macro
NOR_15Y,5,LORO_COVID,COVID,loro,eur_1w,weight,1.0,macro
NOR_15Y,5,LORO_COVID,COVID,loro,nor_ibor_1m,weight,0.0,norway
NOR_15Y,5,LORO_COVID,COVID,loro,nor_ibor_6m,weight,0.0,norway
NOR_15Y,5,LORO_COVID,COVID,loro,nor_ecb_dfr_chg,weight,0.0,norway
NOR_15Y,5,LORO_COVID,COVID,loro,nor_ecb_dfr_level,weight,0.0,norway
NOR_15Y,5,LORO_COVID,COVID,loro,nor_eurnok_chg_1d,weight,0.0,norway
NOR_15Y,5,LORO_COVID,COVID,loro,nor_eurnok_level,weight,0.0,norway
NOR_15Y,5,LORO_COVID,COVID,loro,nor_eurnok_mom_1m,weight,1.0,norway
NOR_15Y,5,LORO_COVID,COVID,loro,nor_eurnok_mom_3m,weight,3.0,norway
NOR_15Y,5,LORO_COVID,COVID,loro,nor_eurnok_rvol_20d,weight,1.0,norway
NOR_15Y,5,LORO_COVID,COVID,loro,nor_govt_10y,weight,2.0,norway
NOR_15Y,5,LORO_COVID,COVID,loro,nor_govt_3y,weight,0.0,norway
NOR_15Y,5,LORO_COVID,COVID,loro,nor_govt_5y,weight,0.0,norway
NOR_15Y,5,LORO_COVID,COVID,loro,nor_i44_chg_1d,weight,1.0,norway
NOR_15Y,5,LORO_COVID,COVID,loro,nor_i44_level,weight,0.0,norway
NOR_15Y,5,LORO_COVID,COVID,loro,nor_i44_mom_1m,weight,3.0,norway
NOR_15Y,5,LORO_COVID,COVID,loro,nor_i44_mom_3m,weight,3.0,norway
NOR_15Y,5,LORO_COVID,COVID,loro,nor_i44_rvol_20d,weight,0.0,norway
NOR_15Y,5,LORO_COVID,COVID,loro,nor_kpi_yoy,weight,3.0,norway
NOR_15Y,5,LORO_COVID,COVID,loro,nor_kpijae_yoy,weight,0.0,norway
NOR_15Y,5,LORO_COVID,COVID,loro,nor_nibor_nowa_spread,weight,0.0,norway
NOR_15Y,5,LORO_COVID,COVID,loro,nor_nowa_level,weight,0.0,norway
NOR_15Y,5,LORO_COVID,COVID,loro,nor_polrate_chg_1d,weight,0.0,norway
NOR_15Y,5,LORO_COVID,COVID,loro,nor_polrate_days_since_chg,weight,1.0,norway
NOR_15Y,5,LORO_COVID,COVID,loro,nor_polrate_level,weight,0.0,norway
NOR_15Y,5,LORO_COVID,COVID,loro,nor_rb_rate_chg,weight,0.0,norway
NOR_15Y,5,LORO_COVID,COVID,loro,nor_rb_rate_level,weight,0.0,norway
NOR_15Y,5,LORO_COVID,COVID,loro,nor_unemp,weight,0.0,norway
NOR_15Y,5,LORO_COVID,COVID,loro,nor_usdnok_chg_1d,weight,0.0,norway
NOR_15Y,5,LORO_COVID,COVID,loro,nor_usdnok_level,weight,1.0,norway
NOR_15Y,5,LORO_COVID,COVID,loro,nor_usdnok_mom_1m,weight,0.0,norway
NOR_15Y,5,LORO_COVID,COVID,loro,nor_usdnok_mom_3m,weight,3.0,norway
NOR_15Y,5,LORO_COVID,COVID,loro,nor_usdnok_rvol_20d,weight,1.0,norway
NOR_15Y,5,LORO_COVID,COVID,loro,swap_govt_spread,weight,0.0,norway
NOR_15Y,5,LORO_COVID,COVID,loro,xmpca_01,weight,0.0,cross_market
NOR_15Y,5,LORO_COVID,COVID,loro,xmpca_02,weight,3.0,cross_market
NOR_15Y,5,LORO_COVID,COVID,loro,xmpca_03,weight,0.0,cross_market
NOR_15Y,5,LORO_COVID,COVID,loro,xmpca_04,weight,0.0,cross_market
NOR_15Y,5,LORO_COVID,COVID,loro,xmpca_05,weight,0.0,cross_market
NOR_15Y,5,LORO_COVID,COVID,loro,xmpca_06,weight,1.0,cross_market
NOR_15Y,5,LORO_COVID,COVID,loro,xmpca_07,weight,2.0,cross_market
NOR_15Y,5,LORO_COVID,COVID,loro,xmpca_08,weight,2.0,cross_market
NOR_15Y,5,LORO_COVID,COVID,loro,xmpca_09,weight,2.0,cross_market
NOR_15Y,5,LORO_COVID,COVID,loro,xmpca_10,weight,2.0,cross_market
NOR_15Y,5,LORO_COVID,COVID,loro,xmpca_11,weight,2.0,cross_market
NOR_15Y,5,LORO_COVID,COVID,loro,xmpca_12,weight,0.0,cross_market
NOR_15Y,5,LORO_COVID,COVID,loro,chg_lag1,cover,0.0,momentum
NOR_15Y,5,LORO_COVID,COVID,loro,chg_lag2,cover,0.0,momentum
NOR_15Y,5,LORO_COVID,COVID,loro,chg_lag3,cover,0.0,momentum
NOR_15Y,5,LORO_COVID,COVID,loro,chg_lag4,cover,0.0,momentum
NOR_15Y,5,LORO_COVID,COVID,loro,chg_lag5,cover,278.0,momentum
NOR_15Y,5,LORO_COVID,COVID,loro,carry_roll,cover,976.0,carry_roll
NOR_15Y,5,LORO_COVID,COVID,loro,mom_63d,cover,1055.5,momentum
NOR_15Y,5,LORO_COVID,COVID,loro,mom_1m,cover,803.6666870117188,momentum
NOR_15Y,5,LORO_COVID,COVID,loro,mom_3m,cover,0.0,momentum
NOR_15Y,5,LORO_COVID,COVID,loro,mom_6m,cover,0.0,momentum
NOR_15Y,5,LORO_COVID,COVID,loro,mom_12m,cover,0.0,momentum
NOR_15Y,5,LORO_COVID,COVID,loro,dev_ma_3m,cover,1151.0,curve
NOR_15Y,5,LORO_COVID,COVID,loro,dev_ma_12m,cover,2170.833251953125,curve
NOR_15Y,5,LORO_COVID,COVID,loro,vol_20d,cover,738.0,vol
NOR_15Y,5,LORO_COVID,COVID,loro,vol_regime,cover,0.0,vol
NOR_15Y,5,LORO_COVID,COVID,loro,vol_zscore,cover,0.0,vol
NOR_15Y,5,LORO_COVID,COVID,loro,level_zscore,cover,2170.0,curve
NOR_15Y,5,LORO_COVID,COVID,loro,slope_10_1,cover,1773.0,curve
NOR_15Y,5,LORO_COVID,COVID,loro,slope_10_5,cover,0.0,curve
NOR_15Y,5,LORO_COVID,COVID,loro,slope_5_1,cover,1908.0,curve
NOR_15Y,5,LORO_COVID,COVID,loro,sofr_mom_1m,cover,1449.6666259765625,macro
NOR_15Y,5,LORO_COVID,COVID,loro,ibor_level,cover,2113.0,macro
NOR_15Y,5,LORO_COVID,COVID,loro,ibor_chg_1d,cover,751.3333129882812,macro
NOR_15Y,5,LORO_COVID,COVID,loro,ibor_mom_1m,cover,0.0,macro
NOR_15Y,5,LORO_COVID,COVID,loro,ibor_term_slope,cover,0.0,macro
NOR_15Y,5,LORO_COVID,COVID,loro,swap_ibor_basis,cover,0.0,curve
NOR_15Y,5,LORO_COVID,COVID,loro,move_level,cover,23.0,vol
NOR_15Y,5,LORO_COVID,COVID,loro,move_zscore,cover,0.0,vol
NOR_15Y,5,LORO_COVID,COVID,loro,vix_level,cover,0.0,vol
NOR_15Y,5,LORO_COVID,COVID,loro,vix_zscore,cover,92.0,vol
NOR_15Y,5,LORO_COVID,COVID,loro,v2x_level,cover,0.0,vol
NOR_15Y,5,LORO_COVID,COVID,loro,vxn_level,cover,36.0,vol
NOR_15Y,5,LORO_COVID,COVID,loro,ovx_level,cover,42.0,vol
NOR_15Y,5,LORO_COVID,COVID,loro,gvz_level,cover,2161.0,vol
NOR_15Y,5,LORO_COVID,COVID,loro,spx_mom_1m,cover,18.0,macro
NOR_15Y,5,LORO_COVID,COVID,loro,spx_mom_3m,cover,0.0,macro
NOR_15Y,5,LORO_COVID,COVID,loro,sx5e_mom_1m,cover,19.0,macro
NOR_15Y,5,LORO_COVID,COVID,loro,sx5e_mom_3m,cover,0.0,macro
NOR_15Y,5,LORO_COVID,COVID,loro,mxwo_mom_1m,cover,0.0,macro
NOR_15Y,5,LORO_COVID,COVID,loro,ndx_mom_1m,cover,0.0,macro
NOR_15Y,5,LORO_COVID,COVID,loro,oil_mom_1m,cover,58.0,macro
NOR_15Y,5,LORO_COVID,COVID,loro,oil_mom_3m,cover,0.0,macro
NOR_15Y,5,LORO_COVID,COVID,loro,copper_mom_1m,cover,0.0,macro
NOR_15Y,5,LORO_COVID,COVID,loro,opec_prod,cover,0.0,macro
NOR_15Y,5,LORO_COVID,COVID,loro,natgas_mom_1m,cover,2194.0,macro
NOR_15Y,5,LORO_COVID,COVID,loro,be5y_level,cover,0.0,macro
NOR_15Y,5,LORO_COVID,COVID,loro,be10y_level,cover,0.0,macro
NOR_15Y,5,LORO_COVID,COVID,loro,be_slope,cover,0.0,macro
NOR_15Y,5,LORO_COVID,COVID,loro,be5y_chg_1m,cover,0.0,macro
NOR_15Y,5,LORO_COVID,COVID,loro,ig_spread,cover,0.0,credit
NOR_15Y,5,LORO_COVID,COVID,loro,hy_spread,cover,0.0,credit
NOR_15Y,5,LORO_COVID,COVID,loro,ig_chg_1m,cover,0.0,credit
NOR_15Y,5,LORO_COVID,COVID,loro,hy_chg_1m,cover,0.0,credit
NOR_15Y,5,LORO_COVID,COVID,loro,cpi_yoy,cover,0.0,macro
NOR_15Y,5,LORO_COVID,COVID,loro,pce_core_chg,cover,85.5,macro
NOR_15Y,5,LORO_COVID,COVID,loro,nfp_change,cover,2151.0,macro
NOR_15Y,5,LORO_COVID,COVID,loro,pmi_us,cover,0.0,macro
NOR_15Y,5,LORO_COVID,COVID,loro,pmi_eur,cover,0.0,macro
NOR_15Y,5,LORO_COVID,COVID,loro,unemp_eur,cover,0.0,macro
NOR_15Y,5,LORO_COVID,COVID,loro,cpi_nsa_level,cover,0.0,macro
NOR_15Y,5,LORO_COVID,COVID,loro,pce_core_level,cover,0.0,macro
NOR_15Y,5,LORO_COVID,COVID,loro,eur_3m,cover,0.0,macro
NOR_15Y,5,LORO_COVID,COVID,loro,eur_1w,cover,15.0,macro
NOR_15Y,5,LORO_COVID,COVID,loro,nor_ibor_1m,cover,0.0,norway
NOR_15Y,5,LORO_COVID,COVID,loro,nor_ibor_6m,cover,0.0,norway
NOR_15Y,5,LORO_COVID,COVID,loro,nor_ecb_dfr_chg,cover,0.0,norway
NOR_15Y,5,LORO_COVID,COVID,loro,nor_ecb_dfr_level,cover,0.0,norway
NOR_15Y,5,LORO_COVID,COVID,loro,nor_eurnok_chg_1d,cover,0.0,norway
NOR_15Y,5,LORO_COVID,COVID,loro,nor_eurnok_level,cover,0.0,norway
NOR_15Y,5,LORO_COVID,COVID,loro,nor_eurnok_mom_1m,cover,265.0,norway
NOR_15Y,5,LORO_COVID,COVID,loro,nor_eurnok_mom_3m,cover,2110.333251953125,norway
NOR_15Y,5,LORO_COVID,COVID,loro,nor_eurnok_rvol_20d,cover,58.0,norway
NOR_15Y,5,LORO_COVID,COVID,loro,nor_govt_10y,cover,1093.0,norway
NOR_15Y,5,LORO_COVID,COVID,loro,nor_govt_3y,cover,0.0,norway
NOR_15Y,5,LORO_COVID,COVID,loro,nor_govt_5y,cover,0.0,norway
NOR_15Y,5,LORO_COVID,COVID,loro,nor_i44_chg_1d,cover,44.0,norway
NOR_15Y,5,LORO_COVID,COVID,loro,nor_i44_level,cover,0.0,norway
NOR_15Y,5,LORO_COVID,COVID,loro,nor_i44_mom_1m,cover,29.66666603088379,norway
NOR_15Y,5,LORO_COVID,COVID,loro,nor_i44_mom_3m,cover,740.3333129882812,norway
NOR_15Y,5,LORO_COVID,COVID,loro,nor_i44_rvol_20d,cover,0.0,norway
NOR_15Y,5,LORO_COVID,COVID,loro,nor_kpi_yoy,cover,1436.3333740234375,norway
NOR_15Y,5,LORO_COVID,COVID,loro,nor_kpijae_yoy,cover,0.0,norway
NOR_15Y,5,LORO_COVID,COVID,loro,nor_nibor_nowa_spread,cover,0.0,norway
NOR_15Y,5,LORO_COVID,COVID,loro,nor_nowa_level,cover,0.0,norway
NOR_15Y,5,LORO_COVID,COVID,loro,nor_polrate_chg_1d,cover,0.0,norway
NOR_15Y,5,LORO_COVID,COVID,loro,nor_polrate_days_since_chg,cover,39.0,norway
NOR_15Y,5,LORO_COVID,COVID,loro,nor_polrate_level,cover,0.0,norway
NOR_15Y,5,LORO_COVID,COVID,loro,nor_rb_rate_chg,cover,0.0,norway
NOR_15Y,5,LORO_COVID,COVID,loro,nor_rb_rate_level,cover,0.0,norway
NOR_15Y,5,LORO_COVID,COVID,loro,nor_unemp,cover,0.0,norway
NOR_15Y,5,LORO_COVID,COVID,loro,nor_usdnok_chg_1d,cover,0.0,norway
NOR_15Y,5,LORO_COVID,COVID,loro,nor_usdnok_level,cover,1776.0,norway
NOR_15Y,5,LORO_COVID,COVID,loro,nor_usdnok_mom_1m,cover,0.0,norway
NOR_15Y,5,LORO_COVID,COVID,loro,nor_usdnok_mom_3m,cover,2126.333251953125,norway
NOR_15Y,5,LORO_COVID,COVID,loro,nor_usdnok_rvol_20d,cover,47.0,norway
NOR_15Y,5,LORO_COVID,COVID,loro,swap_govt_spread,cover,0.0,norway
NOR_15Y,5,LORO_COVID,COVID,loro,xmpca_01,cover,0.0,cross_market
NOR_15Y,5,LORO_COVID,COVID,loro,xmpca_02,cover,1429.0,cross_market
NOR_15Y,5,LORO_COVID,COVID,loro,xmpca_03,cover,0.0,cross_market
NOR_15Y,5,LORO_COVID,COVID,loro,xmpca_04,cover,0.0,cross_market
NOR_15Y,5,LORO_COVID,COVID,loro,xmpca_05,cover,0.0,cross_market
NOR_15Y,5,LORO_COVID,COVID,loro,xmpca_06,cover,60.0,cross_market
NOR_15Y,5,LORO_COVID,COVID,loro,xmpca_07,cover,1155.5,cross_market
NOR_15Y,5,LORO_COVID,COVID,loro,xmpca_08,cover,1067.5,cross_market
NOR_15Y,5,LORO_COVID,COVID,loro,xmpca_09,cover,1038.0,cross_market
NOR_15Y,5,LORO_COVID,COVID,loro,xmpca_10,cover,48.5,cross_market
NOR_15Y,5,LORO_COVID,COVID,loro,xmpca_11,cover,1100.5,cross_market
NOR_15Y,5,LORO_COVID,COVID,loro,xmpca_12,cover,0.0,cross_market
NOR_15Y,5,LORO_COVID,COVID,loro,chg_lag1,total_gain,0.0,momentum
NOR_15Y,5,LORO_COVID,COVID,loro,chg_lag2,total_gain,0.0,momentum
NOR_15Y,5,LORO_COVID,COVID,loro,chg_lag3,total_gain,0.0,momentum
NOR_15Y,5,LORO_COVID,COVID,loro,chg_lag4,total_gain,0.0,momentum
NOR_15Y,5,LORO_COVID,COVID,loro,chg_lag5,total_gain,0.07693702727556229,momentum
NOR_15Y,5,LORO_COVID,COVID,loro,carry_roll,total_gain,0.20365315675735474,carry_roll
NOR_15Y,5,LORO_COVID,COVID,loro,mom_63d,total_gain,0.06465089321136475,momentum
NOR_15Y,5,LORO_COVID,COVID,loro,mom_1m,total_gain,0.19809401035308838,momentum
NOR_15Y,5,LORO_COVID,COVID,loro,mom_3m,total_gain,0.0,momentum
NOR_15Y,5,LORO_COVID,COVID,loro,mom_6m,total_gain,0.0,momentum
NOR_15Y,5,LORO_COVID,COVID,loro,mom_12m,total_gain,0.0,momentum
NOR_15Y,5,LORO_COVID,COVID,loro,dev_ma_3m,total_gain,0.06147664040327072,curve
NOR_15Y,5,LORO_COVID,COVID,loro,dev_ma_12m,total_gain,0.9067270755767822,curve
NOR_15Y,5,LORO_COVID,COVID,loro,vol_20d,total_gain,0.15733638405799866,vol
NOR_15Y,5,LORO_COVID,COVID,loro,vol_regime,total_gain,0.0,vol
NOR_15Y,5,LORO_COVID,COVID,loro,vol_zscore,total_gain,0.0,vol
NOR_15Y,5,LORO_COVID,COVID,loro,level_zscore,total_gain,0.08528616279363632,curve
NOR_15Y,5,LORO_COVID,COVID,loro,slope_10_1,total_gain,0.07891736924648285,curve
NOR_15Y,5,LORO_COVID,COVID,loro,slope_10_5,total_gain,0.0,curve
NOR_15Y,5,LORO_COVID,COVID,loro,slope_5_1,total_gain,0.1522226780653,curve
NOR_15Y,5,LORO_COVID,COVID,loro,sofr_mom_1m,total_gain,0.2849631905555725,macro
NOR_15Y,5,LORO_COVID,COVID,loro,ibor_level,total_gain,0.08202707767486572,macro
NOR_15Y,5,LORO_COVID,COVID,loro,ibor_chg_1d,total_gain,0.23027479648590088,macro
NOR_15Y,5,LORO_COVID,COVID,loro,ibor_mom_1m,total_gain,0.0,macro
NOR_15Y,5,LORO_COVID,COVID,loro,ibor_term_slope,total_gain,0.0,macro
NOR_15Y,5,LORO_COVID,COVID,loro,swap_ibor_basis,total_gain,0.0,curve
NOR_15Y,5,LORO_COVID,COVID,loro,move_level,total_gain,0.030285194516181946,vol
NOR_15Y,5,LORO_COVID,COVID,loro,move_zscore,total_gain,0.0,vol
NOR_15Y,5,LORO_COVID,COVID,loro,vix_level,total_gain,0.0,vol
NOR_15Y,5,LORO_COVID,COVID,loro,vix_zscore,total_gain,0.07334712147712708,vol
NOR_15Y,5,LORO_COVID,COVID,loro,v2x_level,total_gain,0.0,vol
NOR_15Y,5,LORO_COVID,COVID,loro,vxn_level,total_gain,0.10571621358394623,vol
NOR_15Y,5,LORO_COVID,COVID,loro,ovx_level,total_gain,0.07598736137151718,vol
NOR_15Y,5,LORO_COVID,COVID,loro,gvz_level,total_gain,0.10977858304977417,vol
NOR_15Y,5,LORO_COVID,COVID,loro,spx_mom_1m,total_gain,0.10055036842823029,macro
NOR_15Y,5,LORO_COVID,COVID,loro,spx_mom_3m,total_gain,0.0,macro
NOR_15Y,5,LORO_COVID,COVID,loro,sx5e_mom_1m,total_gain,0.10855644941329956,macro
NOR_15Y,5,LORO_COVID,COVID,loro,sx5e_mom_3m,total_gain,0.0,macro
NOR_15Y,5,LORO_COVID,COVID,loro,mxwo_mom_1m,total_gain,0.0,macro
NOR_15Y,5,LORO_COVID,COVID,loro,ndx_mom_1m,total_gain,0.0,macro
NOR_15Y,5,LORO_COVID,COVID,loro,oil_mom_1m,total_gain,0.06095957010984421,macro
NOR_15Y,5,LORO_COVID,COVID,loro,oil_mom_3m,total_gain,0.0,macro
NOR_15Y,5,LORO_COVID,COVID,loro,copper_mom_1m,total_gain,0.0,macro
NOR_15Y,5,LORO_COVID,COVID,loro,opec_prod,total_gain,0.0,macro
NOR_15Y,5,LORO_COVID,COVID,loro,natgas_mom_1m,total_gain,0.12435992062091827,macro
NOR_15Y,5,LORO_COVID,COVID,loro,be5y_level,total_gain,0.0,macro
NOR_15Y,5,LORO_COVID,COVID,loro,be10y_level,total_gain,0.0,macro
NOR_15Y,5,LORO_COVID,COVID,loro,be_slope,total_gain,0.0,macro
NOR_15Y,5,LORO_COVID,COVID,loro,be5y_chg_1m,total_gain,0.0,macro
NOR_15Y,5,LORO_COVID,COVID,loro,ig_spread,total_gain,0.0,credit
NOR_15Y,5,LORO_COVID,COVID,loro,hy_spread,total_gain,0.0,credit
NOR_15Y,5,LORO_COVID,COVID,loro,ig_chg_1m,total_gain,0.0,credit
NOR_15Y,5,LORO_COVID,COVID,loro,hy_chg_1m,total_gain,0.0,credit
NOR_15Y,5,LORO_COVID,COVID,loro,cpi_yoy,total_gain,0.0,macro
NOR_15Y,5,LORO_COVID,COVID,loro,pce_core_chg,total_gain,0.14345121383666992,macro
NOR_15Y,5,LORO_COVID,COVID,loro,nfp_change,total_gain,0.6241331100463867,macro
NOR_15Y,5,LORO_COVID,COVID,loro,pmi_us,total_gain,0.0,macro
NOR_15Y,5,LORO_COVID,COVID,loro,pmi_eur,total_gain,0.0,macro
NOR_15Y,5,LORO_COVID,COVID,loro,unemp_eur,total_gain,0.0,macro
NOR_15Y,5,LORO_COVID,COVID,loro,cpi_nsa_level,total_gain,0.0,macro
NOR_15Y,5,LORO_COVID,COVID,loro,pce_core_level,total_gain,0.0,macro
NOR_15Y,5,LORO_COVID,COVID,loro,eur_3m,total_gain,0.0,macro
NOR_15Y,5,LORO_COVID,COVID,loro,eur_1w,total_gain,0.0028092660941183567,macro
NOR_15Y,5,LORO_COVID,COVID,loro,nor_ibor_1m,total_gain,0.0,norway
NOR_15Y,5,LORO_COVID,COVID,loro,nor_ibor_6m,total_gain,0.0,norway
NOR_15Y,5,LORO_COVID,COVID,loro,nor_ecb_dfr_chg,total_gain,0.0,norway
NOR_15Y,5,LORO_COVID,COVID,loro,nor_ecb_dfr_level,total_gain,0.0,norway
NOR_15Y,5,LORO_COVID,COVID,loro,nor_eurnok_chg_1d,total_gain,0.0,norway
NOR_15Y,5,LORO_COVID,COVID,loro,nor_eurnok_level,total_gain,0.0,norway
NOR_15Y,5,LORO_COVID,COVID,loro,nor_eurnok_mom_1m,total_gain,0.07971733808517456,norway
NOR_15Y,5,LORO_COVID,COVID,loro,nor_eurnok_mom_3m,total_gain,0.2691371738910675,norway
NOR_15Y,5,LORO_COVID,COVID,loro,nor_eurnok_rvol_20d,total_gain,0.06419718265533447,norway
NOR_15Y,5,LORO_COVID,COVID,loro,nor_govt_10y,total_gain,0.21101078391075134,norway
NOR_15Y,5,LORO_COVID,COVID,loro,nor_govt_3y,total_gain,0.0,norway
NOR_15Y,5,LORO_COVID,COVID,loro,nor_govt_5y,total_gain,0.0,norway
NOR_15Y,5,LORO_COVID,COVID,loro,nor_i44_chg_1d,total_gain,0.03838568925857544,norway
NOR_15Y,5,LORO_COVID,COVID,loro,nor_i44_level,total_gain,0.0,norway
NOR_15Y,5,LORO_COVID,COVID,loro,nor_i44_mom_1m,total_gain,0.13231679797172546,norway
NOR_15Y,5,LORO_COVID,COVID,loro,nor_i44_mom_3m,total_gain,0.13372598588466644,norway
NOR_15Y,5,LORO_COVID,COVID,loro,nor_i44_rvol_20d,total_gain,0.0,norway
NOR_15Y,5,LORO_COVID,COVID,loro,nor_kpi_yoy,total_gain,0.23485305905342102,norway
NOR_15Y,5,LORO_COVID,COVID,loro,nor_kpijae_yoy,total_gain,0.0,norway
NOR_15Y,5,LORO_COVID,COVID,loro,nor_nibor_nowa_spread,total_gain,0.0,norway
NOR_15Y,5,LORO_COVID,COVID,loro,nor_nowa_level,total_gain,0.0,norway
NOR_15Y,5,LORO_COVID,COVID,loro,nor_polrate_chg_1d,total_gain,0.0,norway
NOR_15Y,5,LORO_COVID,COVID,loro,nor_polrate_days_since_chg,total_gain,0.076022669672966,norway
NOR_15Y,5,LORO_COVID,COVID,loro,nor_polrate_level,total_gain,0.0,norway
NOR_15Y,5,LORO_COVID,COVID,loro,nor_rb_rate_chg,total_gain,0.0,norway
NOR_15Y,5,LORO_COVID,COVID,loro,nor_rb_rate_level,total_gain,0.0,norway
NOR_15Y,5,LORO_COVID,COVID,loro,nor_unemp,total_gain,0.0,norway
NOR_15Y,5,LORO_COVID,COVID,loro,nor_usdnok_chg_1d,total_gain,0.0,norway
NOR_15Y,5,LORO_COVID,COVID,loro,nor_usdnok_level,total_gain,0.07586293667554855,norway
NOR_15Y,5,LORO_COVID,COVID,loro,nor_usdnok_mom_1m,total_gain,0.0,norway
NOR_15Y,5,LORO_COVID,COVID,loro,nor_usdnok_mom_3m,total_gain,0.3609861731529236,norway
NOR_15Y,5,LORO_COVID,COVID,loro,nor_usdnok_rvol_20d,total_gain,0.051623910665512085,norway
NOR_15Y,5,LORO_COVID,COVID,loro,swap_govt_spread,total_gain,0.0,norway
NOR_15Y,5,LORO_COVID,COVID,loro,xmpca_01,total_gain,0.0,cross_market
NOR_15Y,5,LORO_COVID,COVID,loro,xmpca_02,total_gain,0.19637306034564972,cross_market
NOR_15Y,5,LORO_COVID,COVID,loro,xmpca_03,total_gain,0.0,cross_market
NOR_15Y,5,LORO_COVID,COVID,loro,xmpca_04,total_gain,0.0,cross_market
NOR_15Y,5,LORO_COVID,COVID,loro,xmpca_05,total_gain,0.0,cross_market
NOR_15Y,5,LORO_COVID,COVID,loro,xmpca_06,total_gain,0.10672779381275177,cross_market
NOR_15Y,5,LORO_COVID,COVID,loro,xmpca_07,total_gain,0.13595138490200043,cross_market
NOR_15Y,5,LORO_COVID,COVID,loro,xmpca_08,total_gain,0.07376669347286224,cross_market
NOR_15Y,5,LORO_COVID,COVID,loro,xmpca_09,total_gain,0.10504677891731262,cross_market
NOR_15Y,5,LORO_COVID,COVID,loro,xmpca_10,total_gain,0.12417542189359665,cross_market
NOR_15Y,5,LORO_COVID,COVID,loro,xmpca_11,total_gain,0.13637501001358032,cross_market
NOR_15Y,5,LORO_COVID,COVID,loro,xmpca_12,total_gain,0.0,cross_market
NOR_15Y,5,LORO_COVID,COVID,loro,chg_lag1,total_cover,0.0,momentum
NOR_15Y,5,LORO_COVID,COVID,loro,chg_lag2,total_cover,0.0,momentum
NOR_15Y,5,LORO_COVID,COVID,loro,chg_lag3,total_cover,0.0,momentum
NOR_15Y,5,LORO_COVID,COVID,loro,chg_lag4,total_cover,0.0,momentum
NOR_15Y,5,LORO_COVID,COVID,loro,chg_lag5,total_cover,278.0,momentum
NOR_15Y,5,LORO_COVID,COVID,loro,carry_roll,total_cover,2928.0,carry_roll
NOR_15Y,5,LORO_COVID,COVID,loro,mom_63d,total_cover,2111.0,momentum
NOR_15Y,5,LORO_COVID,COVID,loro,mom_1m,total_cover,2411.0,momentum
NOR_15Y,5,LORO_COVID,COVID,loro,mom_3m,total_cover,0.0,momentum
NOR_15Y,5,LORO_COVID,COVID,loro,mom_6m,total_cover,0.0,momentum
NOR_15Y,5,LORO_COVID,COVID,loro,mom_12m,total_cover,0.0,momentum
NOR_15Y,5,LORO_COVID,COVID,loro,dev_ma_3m,total_cover,1151.0,curve
NOR_15Y,5,LORO_COVID,COVID,loro,dev_ma_12m,total_cover,13025.0,curve
NOR_15Y,5,LORO_COVID,COVID,loro,vol_20d,total_cover,2214.0,vol
NOR_15Y,5,LORO_COVID,COVID,loro,vol_regime,total_cover,0.0,vol
NOR_15Y,5,LORO_COVID,COVID,loro,vol_zscore,total_cover,0.0,vol
NOR_15Y,5,LORO_COVID,COVID,loro,level_zscore,total_cover,2170.0,curve
NOR_15Y,5,LORO_COVID,COVID,loro,slope_10_1,total_cover,1773.0,curve
NOR_15Y,5,LORO_COVID,COVID,loro,slope_10_5,total_cover,0.0,curve
NOR_15Y,5,LORO_COVID,COVID,loro,slope_5_1,total_cover,1908.0,curve
NOR_15Y,5,LORO_COVID,COVID,loro,sofr_mom_1m,total_cover,4349.0,macro
NOR_15Y,5,LORO_COVID,COVID,loro,ibor_level,total_cover,2113.0,macro
NOR_15Y,5,LORO_COVID,COVID,loro,ibor_chg_1d,total_cover,2254.0,macro
NOR_15Y,5,LORO_COVID,COVID,loro,ibor_mom_1m,total_cover,0.0,macro
NOR_15Y,5,LORO_COVID,COVID,loro,ibor_term_slope,total_cover,0.0,macro
NOR_15Y,5,LORO_COVID,COVID,loro,swap_ibor_basis,total_cover,0.0,curve
NOR_15Y,5,LORO_COVID,COVID,loro,move_level,total_cover,23.0,vol
NOR_15Y,5,LORO_COVID,COVID,loro,move_zscore,total_cover,0.0,vol
NOR_15Y,5,LORO_COVID,COVID,loro,vix_level,total_cover,0.0,vol
NOR_15Y,5,LORO_COVID,COVID,loro,vix_zscore,total_cover,92.0,vol
NOR_15Y,5,LORO_COVID,COVID,loro,v2x_level,total_cover,0.0,vol
NOR_15Y,5,LORO_COVID,COVID,loro,vxn_level,total_cover,36.0,vol
NOR_15Y,5,LORO_COVID,COVID,loro,ovx_level,total_cover,42.0,vol
NOR_15Y,5,LORO_COVID,COVID,loro,gvz_level,total_cover,2161.0,vol
NOR_15Y,5,LORO_COVID,COVID,loro,spx_mom_1m,total_cover,18.0,macro
NOR_15Y,5,LORO_COVID,COVID,loro,spx_mom_3m,total_cover,0.0,macro
NOR_15Y,5,LORO_COVID,COVID,loro,sx5e_mom_1m,total_cover,57.0,macro
NOR_15Y,5,LORO_COVID,COVID,loro,sx5e_mom_3m,total_cover,0.0,macro
NOR_15Y,5,LORO_COVID,COVID,loro,mxwo_mom_1m,total_cover,0.0,macro
NOR_15Y,5,LORO_COVID,COVID,loro,ndx_mom_1m,total_cover,0.0,macro
NOR_15Y,5,LORO_COVID,COVID,loro,oil_mom_1m,total_cover,58.0,macro
NOR_15Y,5,LORO_COVID,COVID,loro,oil_mom_3m,total_cover,0.0,macro
NOR_15Y,5,LORO_COVID,COVID,loro,copper_mom_1m,total_cover,0.0,macro
NOR_15Y,5,LORO_COVID,COVID,loro,opec_prod,total_cover,0.0,macro
NOR_15Y,5,LORO_COVID,COVID,loro,natgas_mom_1m,total_cover,2194.0,macro
NOR_15Y,5,LORO_COVID,COVID,loro,be5y_level,total_cover,0.0,macro
NOR_15Y,5,LORO_COVID,COVID,loro,be10y_level,total_cover,0.0,macro
NOR_15Y,5,LORO_COVID,COVID,loro,be_slope,total_cover,0.0,macro
NOR_15Y,5,LORO_COVID,COVID,loro,be5y_chg_1m,total_cover,0.0,macro
NOR_15Y,5,LORO_COVID,COVID,loro,ig_spread,total_cover,0.0,credit
NOR_15Y,5,LORO_COVID,COVID,loro,hy_spread,total_cover,0.0,credit
NOR_15Y,5,LORO_COVID,COVID,loro,ig_chg_1m,total_cover,0.0,credit
NOR_15Y,5,LORO_COVID,COVID,loro,hy_chg_1m,total_cover,0.0,credit
NOR_15Y,5,LORO_COVID,COVID,loro,cpi_yoy,total_cover,0.0,macro
NOR_15Y,5,LORO_COVID,COVID,loro,pce_core_chg,total_cover,171.0,macro
NOR_15Y,5,LORO_COVID,COVID,loro,nfp_change,total_cover,10755.0,macro
NOR_15Y,5,LORO_COVID,COVID,loro,pmi_us,total_cover,0.0,macro
NOR_15Y,5,LORO_COVID,COVID,loro,pmi_eur,total_cover,0.0,macro
NOR_15Y,5,LORO_COVID,COVID,loro,unemp_eur,total_cover,0.0,macro
NOR_15Y,5,LORO_COVID,COVID,loro,cpi_nsa_level,total_cover,0.0,macro
NOR_15Y,5,LORO_COVID,COVID,loro,pce_core_level,total_cover,0.0,macro
NOR_15Y,5,LORO_COVID,COVID,loro,eur_3m,total_cover,0.0,macro
NOR_15Y,5,LORO_COVID,COVID,loro,eur_1w,total_cover,15.0,macro
NOR_15Y,5,LORO_COVID,COVID,loro,nor_ibor_1m,total_cover,0.0,norway
NOR_15Y,5,LORO_COVID,COVID,loro,nor_ibor_6m,total_cover,0.0,norway
NOR_15Y,5,LORO_COVID,COVID,loro,nor_ecb_dfr_chg,total_cover,0.0,norway
NOR_15Y,5,LORO_COVID,COVID,loro,nor_ecb_dfr_level,total_cover,0.0,norway
NOR_15Y,5,LORO_COVID,COVID,loro,nor_eurnok_chg_1d,total_cover,0.0,norway
NOR_15Y,5,LORO_COVID,COVID,loro,nor_eurnok_level,total_cover,0.0,norway
NOR_15Y,5,LORO_COVID,COVID,loro,nor_eurnok_mom_1m,total_cover,265.0,norway
NOR_15Y,5,LORO_COVID,COVID,loro,nor_eurnok_mom_3m,total_cover,6331.0,norway
NOR_15Y,5,LORO_COVID,COVID,loro,nor_eurnok_rvol_20d,total_cover,58.0,norway
NOR_15Y,5,LORO_COVID,COVID,loro,nor_govt_10y,total_cover,2186.0,norway
NOR_15Y,5,LORO_COVID,COVID,loro,nor_govt_3y,total_cover,0.0,norway
NOR_15Y,5,LORO_COVID,COVID,loro,nor_govt_5y,total_cover,0.0,norway
NOR_15Y,5,LORO_COVID,COVID,loro,nor_i44_chg_1d,total_cover,44.0,norway
NOR_15Y,5,LORO_COVID,COVID,loro,nor_i44_level,total_cover,0.0,norway
NOR_15Y,5,LORO_COVID,COVID,loro,nor_i44_mom_1m,total_cover,89.0,norway
NOR_15Y,5,LORO_COVID,COVID,loro,nor_i44_mom_3m,total_cover,2221.0,norway
NOR_15Y,5,LORO_COVID,COVID,loro,nor_i44_rvol_20d,total_cover,0.0,norway
NOR_15Y,5,LORO_COVID,COVID,loro,nor_kpi_yoy,total_cover,4309.0,norway
NOR_15Y,5,LORO_COVID,COVID,loro,nor_kpijae_yoy,total_cover,0.0,norway
NOR_15Y,5,LORO_COVID,COVID,loro,nor_nibor_nowa_spread,total_cover,0.0,norway
NOR_15Y,5,LORO_COVID,COVID,loro,nor_nowa_level,total_cover,0.0,norway
NOR_15Y,5,LORO_COVID,COVID,loro,nor_polrate_chg_1d,total_cover,0.0,norway
NOR_15Y,5,LORO_COVID,COVID,loro,nor_polrate_days_since_chg,total_cover,39.0,norway
NOR_15Y,5,LORO_COVID,COVID,loro,nor_polrate_level,total_cover,0.0,norway
NOR_15Y,5,LORO_COVID,COVID,loro,nor_rb_rate_chg,total_cover,0.0,norway
NOR_15Y,5,LORO_COVID,COVID,loro,nor_rb_rate_level,total_cover,0.0,norway
NOR_15Y,5,LORO_COVID,COVID,loro,nor_unemp,total_cover,0.0,norway
NOR_15Y,5,LORO_COVID,COVID,loro,nor_usdnok_chg_1d,total_cover,0.0,norway
NOR_15Y,5,LORO_COVID,COVID,loro,nor_usdnok_level,total_cover,1776.0,norway
NOR_15Y,5,LORO_COVID,COVID,loro,nor_usdnok_mom_1m,total_cover,0.0,norway
NOR_15Y,5,LORO_COVID,COVID,loro,nor_usdnok_mom_3m,total_cover,6379.0,norway
NOR_15Y,5,LORO_COVID,COVID,loro,nor_usdnok_rvol_20d,total_cover,47.0,norway
NOR_15Y,5,LORO_COVID,COVID,loro,swap_govt_spread,total_cover,0.0,norway
NOR_15Y,5,LORO_COVID,COVID,loro,xmpca_01,total_cover,0.0,cross_market
NOR_15Y,5,LORO_COVID,COVID,loro,xmpca_02,total_cover,4287.0,cross_market
NOR_15Y,5,LORO_COVID,COVID,loro,xmpca_03,total_cover,0.0,cross_market
NOR_15Y,5,LORO_COVID,COVID,loro,xmpca_04,total_cover,0.0,cross_market
NOR_15Y,5,LORO_COVID,COVID,loro,xmpca_05,total_cover,0.0,cross_market
NOR_15Y,5,LORO_COVID,COVID,loro,xmpca_06,total_cover,60.0,cross_market
NOR_15Y,5,LORO_COVID,COVID,loro,xmpca_07,total_cover,2311.0,cross_market
NOR_15Y,5,LORO_COVID,COVID,loro,xmpca_08,total_cover,2135.0,cross_market
NOR_15Y,5,LORO_COVID,COVID,loro,xmpca_09,total_cover,2076.0,cross_market
NOR_15Y,5,LORO_COVID,COVID,loro,xmpca_10,total_cover,97.0,cross_market
NOR_15Y,5,LORO_COVID,COVID,loro,xmpca_11,total_cover,2201.0,cross_market
NOR_15Y,5,LORO_COVID,COVID,loro,xmpca_12,total_cover,0.0,cross_market
NOR_15Y,5,LORO_COVID,COVID,loro,chg_lag1,shap_mean_abs,0.0,momentum
NOR_15Y,5,LORO_COVID,COVID,loro,chg_lag2,shap_mean_abs,0.0,momentum
NOR_15Y,5,LORO_COVID,COVID,loro,chg_lag3,shap_mean_abs,0.0,momentum
NOR_15Y,5,LORO_COVID,COVID,loro,chg_lag4,shap_mean_abs,0.0,momentum
NOR_15Y,5,LORO_COVID,COVID,loro,chg_lag5,shap_mean_abs,0.00010790202941279858,momentum
NOR_15Y,5,LORO_COVID,COVID,loro,carry_roll,shap_mean_abs,0.00021746220591012388,carry_roll
NOR_15Y,5,LORO_COVID,COVID,loro,mom_63d,shap_mean_abs,0.00026524256099946797,momentum
NOR_15Y,5,LORO_COVID,COVID,loro,mom_1m,shap_mean_abs,6.973975541768596e-05,momentum
NOR_15Y,5,LORO_COVID,COVID,loro,mom_3m,shap_mean_abs,0.0,momentum
NOR_15Y,5,LORO_COVID,COVID,loro,mom_6m,shap_mean_abs,0.0,momentum
NOR_15Y,5,LORO_COVID,COVID,loro,mom_12m,shap_mean_abs,0.0,momentum
NOR_15Y,5,LORO_COVID,COVID,loro,dev_ma_3m,shap_mean_abs,0.00022219994571059942,curve
NOR_15Y,5,LORO_COVID,COVID,loro,dev_ma_12m,shap_mean_abs,0.0010935645550489426,curve
NOR_15Y,5,LORO_COVID,COVID,loro,vol_20d,shap_mean_abs,0.00014997668040450662,vol
NOR_15Y,5,LORO_COVID,COVID,loro,vol_regime,shap_mean_abs,0.0,vol
NOR_15Y,5,LORO_COVID,COVID,loro,vol_zscore,shap_mean_abs,0.0,vol
NOR_15Y,5,LORO_COVID,COVID,loro,level_zscore,shap_mean_abs,2.805928852467332e-05,curve
NOR_15Y,5,LORO_COVID,COVID,loro,slope_10_1,shap_mean_abs,0.0001079094217857346,curve
NOR_15Y,5,LORO_COVID,COVID,loro,slope_10_5,shap_mean_abs,0.0,curve
NOR_15Y,5,LORO_COVID,COVID,loro,slope_5_1,shap_mean_abs,0.00015263049863278866,curve
NOR_15Y,5,LORO_COVID,COVID,loro,sofr_mom_1m,shap_mean_abs,0.0009826208697631955,macro
NOR_15Y,5,LORO_COVID,COVID,loro,ibor_level,shap_mean_abs,0.0001512255403213203,macro
NOR_15Y,5,LORO_COVID,COVID,loro,ibor_chg_1d,shap_mean_abs,0.000912571616936475,macro
NOR_15Y,5,LORO_COVID,COVID,loro,ibor_mom_1m,shap_mean_abs,0.0,macro
NOR_15Y,5,LORO_COVID,COVID,loro,ibor_term_slope,shap_mean_abs,0.0,macro
NOR_15Y,5,LORO_COVID,COVID,loro,swap_ibor_basis,shap_mean_abs,0.0,curve
NOR_15Y,5,LORO_COVID,COVID,loro,move_level,shap_mean_abs,1.0942329026875086e-05,vol
NOR_15Y,5,LORO_COVID,COVID,loro,move_zscore,shap_mean_abs,0.0,vol
NOR_15Y,5,LORO_COVID,COVID,loro,vix_level,shap_mean_abs,0.0,vol
NOR_15Y,5,LORO_COVID,COVID,loro,vix_zscore,shap_mean_abs,4.168895975453779e-05,vol
NOR_15Y,5,LORO_COVID,COVID,loro,v2x_level,shap_mean_abs,0.0,vol
NOR_15Y,5,LORO_COVID,COVID,loro,vxn_level,shap_mean_abs,0.00011397113121347502,vol
NOR_15Y,5,LORO_COVID,COVID,loro,ovx_level,shap_mean_abs,6.65447732899338e-05,vol
NOR_15Y,5,LORO_COVID,COVID,loro,gvz_level,shap_mean_abs,0.00011463038390502334,vol
NOR_15Y,5,LORO_COVID,COVID,loro,spx_mom_1m,shap_mean_abs,2.3328182578552514e-05,macro
NOR_15Y,5,LORO_COVID,COVID,loro,spx_mom_3m,shap_mean_abs,0.0,macro
NOR_15Y,5,LORO_COVID,COVID,loro,sx5e_mom_1m,shap_mean_abs,0.00023707137734163553,macro
NOR_15Y,5,LORO_COVID,COVID,loro,sx5e_mom_3m,shap_mean_abs,0.0,macro
NOR_15Y,5,LORO_COVID,COVID,loro,mxwo_mom_1m,shap_mean_abs,0.0,macro
NOR_15Y,5,LORO_COVID,COVID,loro,ndx_mom_1m,shap_mean_abs,0.0,macro
NOR_15Y,5,LORO_COVID,COVID,loro,oil_mom_1m,shap_mean_abs,0.0008081241976469755,macro
NOR_15Y,5,LORO_COVID,COVID,loro,oil_mom_3m,shap_mean_abs,0.0,macro
NOR_15Y,5,LORO_COVID,COVID,loro,copper_mom_1m,shap_mean_abs,0.0,macro
NOR_15Y,5,LORO_COVID,COVID,loro,opec_prod,shap_mean_abs,0.0,macro
NOR_15Y,5,LORO_COVID,COVID,loro,natgas_mom_1m,shap_mean_abs,0.0010771056404337287,macro
NOR_15Y,5,LORO_COVID,COVID,loro,be5y_level,shap_mean_abs,0.0,macro
NOR_15Y,5,LORO_COVID,COVID,loro,be10y_level,shap_mean_abs,0.0,macro
NOR_15Y,5,LORO_COVID,COVID,loro,be_slope,shap_mean_abs,0.0,macro
NOR_15Y,5,LORO_COVID,COVID,loro,be5y_chg_1m,shap_mean_abs,0.0,macro
NOR_15Y,5,LORO_COVID,COVID,loro,ig_spread,shap_mean_abs,0.0,credit
NOR_15Y,5,LORO_COVID,COVID,loro,hy_spread,shap_mean_abs,0.0,credit
NOR_15Y,5,LORO_COVID,COVID,loro,ig_chg_1m,shap_mean_abs,0.0,credit
NOR_15Y,5,LORO_COVID,COVID,loro,hy_chg_1m,shap_mean_abs,0.0,credit
NOR_15Y,5,LORO_COVID,COVID,loro,cpi_yoy,shap_mean_abs,0.0,macro
NOR_15Y,5,LORO_COVID,COVID,loro,pce_core_chg,shap_mean_abs,0.0001273923844564706,macro
NOR_15Y,5,LORO_COVID,COVID,loro,nfp_change,shap_mean_abs,0.013307200744748116,macro
NOR_15Y,5,LORO_COVID,COVID,loro,pmi_us,shap_mean_abs,0.0,macro
NOR_15Y,5,LORO_COVID,COVID,loro,pmi_eur,shap_mean_abs,0.0,macro
NOR_15Y,5,LORO_COVID,COVID,loro,unemp_eur,shap_mean_abs,0.0,macro
NOR_15Y,5,LORO_COVID,COVID,loro,cpi_nsa_level,shap_mean_abs,0.0,macro
NOR_15Y,5,LORO_COVID,COVID,loro,pce_core_level,shap_mean_abs,0.0,macro
NOR_15Y,5,LORO_COVID,COVID,loro,eur_3m,shap_mean_abs,0.0,macro
NOR_15Y,5,LORO_COVID,COVID,loro,eur_1w,shap_mean_abs,1.760526174621191e-05,macro
NOR_15Y,5,LORO_COVID,COVID,loro,nor_ibor_1m,shap_mean_abs,0.0,norway
NOR_15Y,5,LORO_COVID,COVID,loro,nor_ibor_6m,shap_mean_abs,0.0,norway
NOR_15Y,5,LORO_COVID,COVID,loro,nor_ecb_dfr_chg,shap_mean_abs,0.0,norway
NOR_15Y,5,LORO_COVID,COVID,loro,nor_ecb_dfr_level,shap_mean_abs,0.0,norway
NOR_15Y,5,LORO_COVID,COVID,loro,nor_eurnok_chg_1d,shap_mean_abs,0.0,norway
NOR_15Y,5,LORO_COVID,COVID,loro,nor_eurnok_level,shap_mean_abs,0.0,norway
NOR_15Y,5,LORO_COVID,COVID,loro,nor_eurnok_mom_1m,shap_mean_abs,0.00017753950669430196,norway
NOR_15Y,5,LORO_COVID,COVID,loro,nor_eurnok_mom_3m,shap_mean_abs,0.00042065291199833155,norway
NOR_15Y,5,LORO_COVID,COVID,loro,nor_eurnok_rvol_20d,shap_mean_abs,0.0007851472473703325,norway
NOR_15Y,5,LORO_COVID,COVID,loro,nor_govt_10y,shap_mean_abs,0.0017378110205754638,norway
NOR_15Y,5,LORO_COVID,COVID,loro,nor_govt_3y,shap_mean_abs,0.0,norway
NOR_15Y,5,LORO_COVID,COVID,loro,nor_govt_5y,shap_mean_abs,0.0,norway
NOR_15Y,5,LORO_COVID,COVID,loro,nor_i44_chg_1d,shap_mean_abs,0.00030038191471248865,norway
NOR_15Y,5,LORO_COVID,COVID,loro,nor_i44_level,shap_mean_abs,0.0,norway
NOR_15Y,5,LORO_COVID,COVID,loro,nor_i44_mom_1m,shap_mean_abs,0.00016270951891783625,norway
NOR_15Y,5,LORO_COVID,COVID,loro,nor_i44_mom_3m,shap_mean_abs,0.00021843028662260622,norway
NOR_15Y,5,LORO_COVID,COVID,loro,nor_i44_rvol_20d,shap_mean_abs,0.0,norway
NOR_15Y,5,LORO_COVID,COVID,loro,nor_kpi_yoy,shap_mean_abs,0.0002551217330619693,norway
NOR_15Y,5,LORO_COVID,COVID,loro,nor_kpijae_yoy,shap_mean_abs,0.0,norway
NOR_15Y,5,LORO_COVID,COVID,loro,nor_nibor_nowa_spread,shap_mean_abs,0.0,norway
NOR_15Y,5,LORO_COVID,COVID,loro,nor_nowa_level,shap_mean_abs,0.0,norway
NOR_15Y,5,LORO_COVID,COVID,loro,nor_polrate_chg_1d,shap_mean_abs,0.0,norway
NOR_15Y,5,LORO_COVID,COVID,loro,nor_polrate_days_since_chg,shap_mean_abs,2.5641726097092032e-05,norway
NOR_15Y,5,LORO_COVID,COVID,loro,nor_polrate_level,shap_mean_abs,0.0,norway
NOR_15Y,5,LORO_COVID,COVID,loro,nor_rb_rate_chg,shap_mean_abs,0.0,norway
NOR_15Y,5,LORO_COVID,COVID,loro,nor_rb_rate_level,shap_mean_abs,0.0,norway
NOR_15Y,5,LORO_COVID,COVID,loro,nor_unemp,shap_mean_abs,0.0,norway
NOR_15Y,5,LORO_COVID,COVID,loro,nor_usdnok_chg_1d,shap_mean_abs,0.0,norway
NOR_15Y,5,LORO_COVID,COVID,loro,nor_usdnok_level,shap_mean_abs,0.0007494665333069861,norway
NOR_15Y,5,LORO_COVID,COVID,loro,nor_usdnok_mom_1m,shap_mean_abs,0.0,norway
NOR_15Y,5,LORO_COVID,COVID,loro,nor_usdnok_mom_3m,shap_mean_abs,0.000976946554146707,norway
NOR_15Y,5,LORO_COVID,COVID,loro,nor_usdnok_rvol_20d,shap_mean_abs,8.251883264165372e-05,norway
NOR_15Y,5,LORO_COVID,COVID,loro,swap_govt_spread,shap_mean_abs,0.0,norway
NOR_15Y,5,LORO_COVID,COVID,loro,xmpca_01,shap_mean_abs,0.0,cross_market
NOR_15Y,5,LORO_COVID,COVID,loro,xmpca_02,shap_mean_abs,0.0005911410553380847,cross_market
NOR_15Y,5,LORO_COVID,COVID,loro,xmpca_03,shap_mean_abs,0.0,cross_market
NOR_15Y,5,LORO_COVID,COVID,loro,xmpca_04,shap_mean_abs,0.0,cross_market
NOR_15Y,5,LORO_COVID,COVID,loro,xmpca_05,shap_mean_abs,0.0,cross_market
NOR_15Y,5,LORO_COVID,COVID,loro,xmpca_06,shap_mean_abs,0.0008790615247562528,cross_market
NOR_15Y,5,LORO_COVID,COVID,loro,xmpca_07,shap_mean_abs,0.00015121912292670459,cross_market
NOR_15Y,5,LORO_COVID,COVID,loro,xmpca_08,shap_mean_abs,0.0003028665669262409,cross_market
NOR_15Y,5,LORO_COVID,COVID,loro,xmpca_09,shap_mean_abs,0.00023399134806822985,cross_market
NOR_15Y,5,LORO_COVID,COVID,loro,xmpca_10,shap_mean_abs,6.698660581605509e-05,cross_market
NOR_15Y,5,LORO_COVID,COVID,loro,xmpca_11,shap_mean_abs,0.00012067986972397193,cross_market
NOR_15Y,5,LORO_COVID,COVID,loro,xmpca_12,shap_mean_abs,0.0,cross_market
NOR_15Y,5,LORO_Hiking,Hiking,loro,chg_lag1,gain,0.0,momentum
NOR_15Y,5,LORO_Hiking,Hiking,loro,chg_lag2,gain,0.00339600071310997,momentum
NOR_15Y,5,LORO_Hiking,Hiking,loro,chg_lag3,gain,0.0,momentum
NOR_15Y,5,LORO_Hiking,Hiking,loro,chg_lag4,gain,0.0,momentum
NOR_15Y,5,LORO_Hiking,Hiking,loro,chg_lag5,gain,0.0,momentum
NOR_15Y,5,LORO_Hiking,Hiking,loro,carry_roll,gain,0.08958885818719864,carry_roll
NOR_15Y,5,LORO_Hiking,Hiking,loro,mom_63d,gain,0.049760036170482635,momentum
NOR_15Y,5,LORO_Hiking,Hiking,loro,mom_1m,gain,0.06638219952583313,momentum
NOR_15Y,5,LORO_Hiking,Hiking,loro,mom_3m,gain,0.0,momentum
NOR_15Y,5,LORO_Hiking,Hiking,loro,mom_6m,gain,0.0,momentum
NOR_15Y,5,LORO_Hiking,Hiking,loro,mom_12m,gain,0.05122777074575424,momentum
NOR_15Y,5,LORO_Hiking,Hiking,loro,dev_ma_3m,gain,0.13245876133441925,curve
NOR_15Y,5,LORO_Hiking,Hiking,loro,dev_ma_12m,gain,0.1127079427242279,curve
NOR_15Y,5,LORO_Hiking,Hiking,loro,vol_20d,gain,0.0976099818944931,vol
NOR_15Y,5,LORO_Hiking,Hiking,loro,vol_regime,gain,0.0,vol
NOR_15Y,5,LORO_Hiking,Hiking,loro,vol_zscore,gain,0.0,vol
NOR_15Y,5,LORO_Hiking,Hiking,loro,level_zscore,gain,0.09012709558010101,curve
NOR_15Y,5,LORO_Hiking,Hiking,loro,slope_10_1,gain,0.07439073175191879,curve
NOR_15Y,5,LORO_Hiking,Hiking,loro,slope_10_5,gain,0.0,curve
NOR_15Y,5,LORO_Hiking,Hiking,loro,slope_5_1,gain,0.07498534023761749,curve
NOR_15Y,5,LORO_Hiking,Hiking,loro,sofr_mom_1m,gain,0.05455049127340317,macro
NOR_15Y,5,LORO_Hiking,Hiking,loro,ibor_level,gain,0.0,macro
NOR_15Y,5,LORO_Hiking,Hiking,loro,ibor_chg_1d,gain,0.09648419916629791,macro
NOR_15Y,5,LORO_Hiking,Hiking,loro,ibor_mom_1m,gain,0.09068097919225693,macro
NOR_15Y,5,LORO_Hiking,Hiking,loro,ibor_term_slope,gain,0.06254053860902786,macro
NOR_15Y,5,LORO_Hiking,Hiking,loro,swap_ibor_basis,gain,0.05573857203125954,curve
NOR_15Y,5,LORO_Hiking,Hiking,loro,move_level,gain,0.0,vol
NOR_15Y,5,LORO_Hiking,Hiking,loro,move_zscore,gain,0.051910921931266785,vol
NOR_15Y,5,LORO_Hiking,Hiking,loro,vix_level,gain,0.0,vol
NOR_15Y,5,LORO_Hiking,Hiking,loro,vix_zscore,gain,0.0,vol
NOR_15Y,5,LORO_Hiking,Hiking,loro,v2x_level,gain,0.0,vol
NOR_15Y,5,LORO_Hiking,Hiking,loro,vxn_level,gain,0.06381183117628098,vol
NOR_15Y,5,LORO_Hiking,Hiking,loro,ovx_level,gain,0.0,vol
NOR_15Y,5,LORO_Hiking,Hiking,loro,gvz_level,gain,0.09025011956691742,vol
NOR_15Y,5,LORO_Hiking,Hiking,loro,spx_mom_1m,gain,0.046520739793777466,macro
NOR_15Y,5,LORO_Hiking,Hiking,loro,spx_mom_3m,gain,0.11160533875226974,macro
NOR_15Y,5,LORO_Hiking,Hiking,loro,sx5e_mom_1m,gain,0.10755777359008789,macro
NOR_15Y,5,LORO_Hiking,Hiking,loro,sx5e_mom_3m,gain,0.0,macro
NOR_15Y,5,LORO_Hiking,Hiking,loro,mxwo_mom_1m,gain,0.04373510181903839,macro
NOR_15Y,5,LORO_Hiking,Hiking,loro,ndx_mom_1m,gain,0.08238637447357178,macro
NOR_15Y,5,LORO_Hiking,Hiking,loro,oil_mom_1m,gain,0.07077738642692566,macro
NOR_15Y,5,LORO_Hiking,Hiking,loro,oil_mom_3m,gain,0.04089616611599922,macro
NOR_15Y,5,LORO_Hiking,Hiking,loro,copper_mom_1m,gain,0.0,macro
NOR_15Y,5,LORO_Hiking,Hiking,loro,opec_prod,gain,0.0,macro
NOR_15Y,5,LORO_Hiking,Hiking,loro,natgas_mom_1m,gain,0.0,macro
NOR_15Y,5,LORO_Hiking,Hiking,loro,be5y_level,gain,0.03258591145277023,macro
NOR_15Y,5,LORO_Hiking,Hiking,loro,be10y_level,gain,0.047830335795879364,macro
NOR_15Y,5,LORO_Hiking,Hiking,loro,be_slope,gain,0.0,macro
NOR_15Y,5,LORO_Hiking,Hiking,loro,be5y_chg_1m,gain,0.0,macro
NOR_15Y,5,LORO_Hiking,Hiking,loro,ig_spread,gain,0.0,credit
NOR_15Y,5,LORO_Hiking,Hiking,loro,hy_spread,gain,0.0,credit
NOR_15Y,5,LORO_Hiking,Hiking,loro,ig_chg_1m,gain,0.0,credit
NOR_15Y,5,LORO_Hiking,Hiking,loro,hy_chg_1m,gain,0.0,credit
NOR_15Y,5,LORO_Hiking,Hiking,loro,cpi_yoy,gain,0.0,macro
NOR_15Y,5,LORO_Hiking,Hiking,loro,pce_core_chg,gain,0.0,macro
NOR_15Y,5,LORO_Hiking,Hiking,loro,nfp_change,gain,0.0,macro
NOR_15Y,5,LORO_Hiking,Hiking,loro,pmi_us,gain,0.015865828841924667,macro
NOR_15Y,5,LORO_Hiking,Hiking,loro,pmi_eur,gain,0.0,macro
NOR_15Y,5,LORO_Hiking,Hiking,loro,unemp_eur,gain,0.0,macro
NOR_15Y,5,LORO_Hiking,Hiking,loro,cpi_nsa_level,gain,0.0,macro
NOR_15Y,5,LORO_Hiking,Hiking,loro,pce_core_level,gain,0.0,macro
NOR_15Y,5,LORO_Hiking,Hiking,loro,eur_3m,gain,0.0,macro
NOR_15Y,5,LORO_Hiking,Hiking,loro,eur_1w,gain,0.0,macro
NOR_15Y,5,LORO_Hiking,Hiking,loro,nor_ibor_1m,gain,0.0,norway
NOR_15Y,5,LORO_Hiking,Hiking,loro,nor_ibor_6m,gain,0.0,norway
NOR_15Y,5,LORO_Hiking,Hiking,loro,nor_ecb_dfr_chg,gain,0.07732357829809189,norway
NOR_15Y,5,LORO_Hiking,Hiking,loro,nor_ecb_dfr_level,gain,0.0,norway
NOR_15Y,5,LORO_Hiking,Hiking,loro,nor_eurnok_chg_1d,gain,0.03013824298977852,norway
NOR_15Y,5,LORO_Hiking,Hiking,loro,nor_eurnok_level,gain,0.0,norway
NOR_15Y,5,LORO_Hiking,Hiking,loro,nor_eurnok_mom_1m,gain,0.0,norway
NOR_15Y,5,LORO_Hiking,Hiking,loro,nor_eurnok_mom_3m,gain,0.0,norway
NOR_15Y,5,LORO_Hiking,Hiking,loro,nor_eurnok_rvol_20d,gain,0.04380335658788681,norway
NOR_15Y,5,LORO_Hiking,Hiking,loro,nor_govt_10y,gain,0.0,norway
NOR_15Y,5,LORO_Hiking,Hiking,loro,nor_govt_3y,gain,0.0,norway
NOR_15Y,5,LORO_Hiking,Hiking,loro,nor_govt_5y,gain,0.034732431173324585,norway
NOR_15Y,5,LORO_Hiking,Hiking,loro,nor_i44_chg_1d,gain,0.0,norway
NOR_15Y,5,LORO_Hiking,Hiking,loro,nor_i44_level,gain,0.0,norway
NOR_15Y,5,LORO_Hiking,Hiking,loro,nor_i44_mom_1m,gain,0.0,norway
NOR_15Y,5,LORO_Hiking,Hiking,loro,nor_i44_mom_3m,gain,0.03746633231639862,norway
NOR_15Y,5,LORO_Hiking,Hiking,loro,nor_i44_rvol_20d,gain,0.0,norway
NOR_15Y,5,LORO_Hiking,Hiking,loro,nor_kpi_yoy,gain,0.0,norway
NOR_15Y,5,LORO_Hiking,Hiking,loro,nor_kpijae_yoy,gain,0.0,norway
NOR_15Y,5,LORO_Hiking,Hiking,loro,nor_nibor_nowa_spread,gain,0.05111736059188843,norway
NOR_15Y,5,LORO_Hiking,Hiking,loro,nor_nowa_level,gain,0.0681488960981369,norway
NOR_15Y,5,LORO_Hiking,Hiking,loro,nor_polrate_chg_1d,gain,0.0,norway
NOR_15Y,5,LORO_Hiking,Hiking,loro,nor_polrate_days_since_chg,gain,0.0,norway
NOR_15Y,5,LORO_Hiking,Hiking,loro,nor_polrate_level,gain,0.0,norway
NOR_15Y,5,LORO_Hiking,Hiking,loro,nor_rb_rate_chg,gain,0.0,norway
NOR_15Y,5,LORO_Hiking,Hiking,loro,nor_rb_rate_level,gain,0.0,norway
NOR_15Y,5,LORO_Hiking,Hiking,loro,nor_unemp,gain,0.0,norway
NOR_15Y,5,LORO_Hiking,Hiking,loro,nor_usdnok_chg_1d,gain,0.0,norway
NOR_15Y,5,LORO_Hiking,Hiking,loro,nor_usdnok_level,gain,0.055292144417762756,norway
NOR_15Y,5,LORO_Hiking,Hiking,loro,nor_usdnok_mom_1m,gain,0.05901550129055977,norway
NOR_15Y,5,LORO_Hiking,Hiking,loro,nor_usdnok_mom_3m,gain,0.10741201043128967,norway
NOR_15Y,5,LORO_Hiking,Hiking,loro,nor_usdnok_rvol_20d,gain,0.10027047246694565,norway
NOR_15Y,5,LORO_Hiking,Hiking,loro,swap_govt_spread,gain,0.0,norway
NOR_15Y,5,LORO_Hiking,Hiking,loro,xmpca_01,gain,0.0,cross_market
NOR_15Y,5,LORO_Hiking,Hiking,loro,xmpca_02,gain,0.0,cross_market
NOR_15Y,5,LORO_Hiking,Hiking,loro,xmpca_03,gain,0.0,cross_market
NOR_15Y,5,LORO_Hiking,Hiking,loro,xmpca_04,gain,0.0,cross_market
NOR_15Y,5,LORO_Hiking,Hiking,loro,xmpca_05,gain,0.0,cross_market
NOR_15Y,5,LORO_Hiking,Hiking,loro,xmpca_06,gain,0.07748807966709137,cross_market
NOR_15Y,5,LORO_Hiking,Hiking,loro,xmpca_07,gain,0.012594763189554214,cross_market
NOR_15Y,5,LORO_Hiking,Hiking,loro,xmpca_08,gain,0.06782560050487518,cross_market
NOR_15Y,5,LORO_Hiking,Hiking,loro,xmpca_09,gain,0.0,cross_market
NOR_15Y,5,LORO_Hiking,Hiking,loro,xmpca_10,gain,0.0,cross_market
NOR_15Y,5,LORO_Hiking,Hiking,loro,xmpca_11,gain,0.0,cross_market
NOR_15Y,5,LORO_Hiking,Hiking,loro,xmpca_12,gain,0.0,cross_market
NOR_15Y,5,LORO_Hiking,Hiking,loro,chg_lag1,weight,0.0,momentum
NOR_15Y,5,LORO_Hiking,Hiking,loro,chg_lag2,weight,1.0,momentum
NOR_15Y,5,LORO_Hiking,Hiking,loro,chg_lag3,weight,0.0,momentum
NOR_15Y,5,LORO_Hiking,Hiking,loro,chg_lag4,weight,0.0,momentum
NOR_15Y,5,LORO_Hiking,Hiking,loro,chg_lag5,weight,0.0,momentum
NOR_15Y,5,LORO_Hiking,Hiking,loro,carry_roll,weight,5.0,carry_roll
NOR_15Y,5,LORO_Hiking,Hiking,loro,mom_63d,weight,1.0,momentum
NOR_15Y,5,LORO_Hiking,Hiking,loro,mom_1m,weight,4.0,momentum
NOR_15Y,5,LORO_Hiking,Hiking,loro,mom_3m,weight,0.0,momentum
NOR_15Y,5,LORO_Hiking,Hiking,loro,mom_6m,weight,0.0,momentum
NOR_15Y,5,LORO_Hiking,Hiking,loro,mom_12m,weight,4.0,momentum
NOR_15Y,5,LORO_Hiking,Hiking,loro,dev_ma_3m,weight,3.0,curve
NOR_15Y,5,LORO_Hiking,Hiking,loro,dev_ma_12m,weight,12.0,curve
NOR_15Y,5,LORO_Hiking,Hiking,loro,vol_20d,weight,4.0,vol
NOR_15Y,5,LORO_Hiking,Hiking,loro,vol_regime,weight,0.0,vol
NOR_15Y,5,LORO_Hiking,Hiking,loro,vol_zscore,weight,0.0,vol
NOR_15Y,5,LORO_Hiking,Hiking,loro,level_zscore,weight,7.0,curve
NOR_15Y,5,LORO_Hiking,Hiking,loro,slope_10_1,weight,2.0,curve
NOR_15Y,5,LORO_Hiking,Hiking,loro,slope_10_5,weight,0.0,curve
NOR_15Y,5,LORO_Hiking,Hiking,loro,slope_5_1,weight,1.0,curve
NOR_15Y,5,LORO_Hiking,Hiking,loro,sofr_mom_1m,weight,5.0,macro
NOR_15Y,5,LORO_Hiking,Hiking,loro,ibor_level,weight,0.0,macro
NOR_15Y,5,LORO_Hiking,Hiking,loro,ibor_chg_1d,weight,5.0,macro
NOR_15Y,5,LORO_Hiking,Hiking,loro,ibor_mom_1m,weight,7.0,macro
NOR_15Y,5,LORO_Hiking,Hiking,loro,ibor_term_slope,weight,3.0,macro
NOR_15Y,5,LORO_Hiking,Hiking,loro,swap_ibor_basis,weight,2.0,curve
NOR_15Y,5,LORO_Hiking,Hiking,loro,move_level,weight,0.0,vol
NOR_15Y,5,LORO_Hiking,Hiking,loro,move_zscore,weight,3.0,vol
NOR_15Y,5,LORO_Hiking,Hiking,loro,vix_level,weight,0.0,vol
NOR_15Y,5,LORO_Hiking,Hiking,loro,vix_zscore,weight,0.0,vol
NOR_15Y,5,LORO_Hiking,Hiking,loro,v2x_level,weight,0.0,vol
NOR_15Y,5,LORO_Hiking,Hiking,loro,vxn_level,weight,2.0,vol
NOR_15Y,5,LORO_Hiking,Hiking,loro,ovx_level,weight,0.0,vol
NOR_15Y,5,LORO_Hiking,Hiking,loro,gvz_level,weight,1.0,vol
NOR_15Y,5,LORO_Hiking,Hiking,loro,spx_mom_1m,weight,3.0,macro
NOR_15Y,5,LORO_Hiking,Hiking,loro,spx_mom_3m,weight,4.0,macro
NOR_15Y,5,LORO_Hiking,Hiking,loro,sx5e_mom_1m,weight,1.0,macro
NOR_15Y,5,LORO_Hiking,Hiking,loro,sx5e_mom_3m,weight,0.0,macro
NOR_15Y,5,LORO_Hiking,Hiking,loro,mxwo_mom_1m,weight,2.0,macro
NOR_15Y,5,LORO_Hiking,Hiking,loro,ndx_mom_1m,weight,1.0,macro
NOR_15Y,5,LORO_Hiking,Hiking,loro,oil_mom_1m,weight,2.0,macro
NOR_15Y,5,LORO_Hiking,Hiking,loro,oil_mom_3m,weight,2.0,macro
NOR_15Y,5,LORO_Hiking,Hiking,loro,copper_mom_1m,weight,0.0,macro
NOR_15Y,5,LORO_Hiking,Hiking,loro,opec_prod,weight,0.0,macro
NOR_15Y,5,LORO_Hiking,Hiking,loro,natgas_mom_1m,weight,0.0,macro
NOR_15Y,5,LORO_Hiking,Hiking,loro,be5y_level,weight,1.0,macro
NOR_15Y,5,LORO_Hiking,Hiking,loro,be10y_level,weight,1.0,macro
NOR_15Y,5,LORO_Hiking,Hiking,loro,be_slope,weight,0.0,macro
NOR_15Y,5,LORO_Hiking,Hiking,loro,be5y_chg_1m,weight,0.0,macro
NOR_15Y,5,LORO_Hiking,Hiking,loro,ig_spread,weight,0.0,credit
NOR_15Y,5,LORO_Hiking,Hiking,loro,hy_spread,weight,0.0,credit
NOR_15Y,5,LORO_Hiking,Hiking,loro,ig_chg_1m,weight,0.0,credit
NOR_15Y,5,LORO_Hiking,Hiking,loro,hy_chg_1m,weight,0.0,credit
NOR_15Y,5,LORO_Hiking,Hiking,loro,cpi_yoy,weight,0.0,macro
NOR_15Y,5,LORO_Hiking,Hiking,loro,pce_core_chg,weight,0.0,macro
NOR_15Y,5,LORO_Hiking,Hiking,loro,nfp_change,weight,0.0,macro
NOR_15Y,5,LORO_Hiking,Hiking,loro,pmi_us,weight,2.0,macro
NOR_15Y,5,LORO_Hiking,Hiking,loro,pmi_eur,weight,0.0,macro
NOR_15Y,5,LORO_Hiking,Hiking,loro,unemp_eur,weight,0.0,macro
NOR_15Y,5,LORO_Hiking,Hiking,loro,cpi_nsa_level,weight,0.0,macro
NOR_15Y,5,LORO_Hiking,Hiking,loro,pce_core_level,weight,0.0,macro
NOR_15Y,5,LORO_Hiking,Hiking,loro,eur_3m,weight,0.0,macro
NOR_15Y,5,LORO_Hiking,Hiking,loro,eur_1w,weight,0.0,macro
NOR_15Y,5,LORO_Hiking,Hiking,loro,nor_ibor_1m,weight,0.0,norway
NOR_15Y,5,LORO_Hiking,Hiking,loro,nor_ibor_6m,weight,0.0,norway
NOR_15Y,5,LORO_Hiking,Hiking,loro,nor_ecb_dfr_chg,weight,1.0,norway
NOR_15Y,5,LORO_Hiking,Hiking,loro,nor_ecb_dfr_level,weight,0.0,norway
NOR_15Y,5,LORO_Hiking,Hiking,loro,nor_eurnok_chg_1d,weight,2.0,norway
NOR_15Y,5,LORO_Hiking,Hiking,loro,nor_eurnok_level,weight,0.0,norway
NOR_15Y,5,LORO_Hiking,Hiking,loro,nor_eurnok_mom_1m,weight,0.0,norway
NOR_15Y,5,LORO_Hiking,Hiking,loro,nor_eurnok_mom_3m,weight,0.0,norway
NOR_15Y,5,LORO_Hiking,Hiking,loro,nor_eurnok_rvol_20d,weight,4.0,norway
NOR_15Y,5,LORO_Hiking,Hiking,loro,nor_govt_10y,weight,0.0,norway
NOR_15Y,5,LORO_Hiking,Hiking,loro,nor_govt_3y,weight,0.0,norway
NOR_15Y,5,LORO_Hiking,Hiking,loro,nor_govt_5y,weight,1.0,norway
NOR_15Y,5,LORO_Hiking,Hiking,loro,nor_i44_chg_1d,weight,0.0,norway
NOR_15Y,5,LORO_Hiking,Hiking,loro,nor_i44_level,weight,0.0,norway
NOR_15Y,5,LORO_Hiking,Hiking,loro,nor_i44_mom_1m,weight,0.0,norway
NOR_15Y,5,LORO_Hiking,Hiking,loro,nor_i44_mom_3m,weight,1.0,norway
NOR_15Y,5,LORO_Hiking,Hiking,loro,nor_i44_rvol_20d,weight,0.0,norway
NOR_15Y,5,LORO_Hiking,Hiking,loro,nor_kpi_yoy,weight,0.0,norway
NOR_15Y,5,LORO_Hiking,Hiking,loro,nor_kpijae_yoy,weight,0.0,norway
NOR_15Y,5,LORO_Hiking,Hiking,loro,nor_nibor_nowa_spread,weight,1.0,norway
NOR_15Y,5,LORO_Hiking,Hiking,loro,nor_nowa_level,weight,2.0,norway
NOR_15Y,5,LORO_Hiking,Hiking,loro,nor_polrate_chg_1d,weight,0.0,norway
NOR_15Y,5,LORO_Hiking,Hiking,loro,nor_polrate_days_since_chg,weight,0.0,norway
NOR_15Y,5,LORO_Hiking,Hiking,loro,nor_polrate_level,weight,0.0,norway
NOR_15Y,5,LORO_Hiking,Hiking,loro,nor_rb_rate_chg,weight,0.0,norway
NOR_15Y,5,LORO_Hiking,Hiking,loro,nor_rb_rate_level,weight,0.0,norway
NOR_15Y,5,LORO_Hiking,Hiking,loro,nor_unemp,weight,0.0,norway
NOR_15Y,5,LORO_Hiking,Hiking,loro,nor_usdnok_chg_1d,weight,0.0,norway
NOR_15Y,5,LORO_Hiking,Hiking,loro,nor_usdnok_level,weight,2.0,norway
NOR_15Y,5,LORO_Hiking,Hiking,loro,nor_usdnok_mom_1m,weight,3.0,norway
NOR_15Y,5,LORO_Hiking,Hiking,loro,nor_usdnok_mom_3m,weight,9.0,norway
NOR_15Y,5,LORO_Hiking,Hiking,loro,nor_usdnok_rvol_20d,weight,3.0,norway
NOR_15Y,5,LORO_Hiking,Hiking,loro,swap_govt_spread,weight,0.0,norway
NOR_15Y,5,LORO_Hiking,Hiking,loro,xmpca_01,weight,0.0,cross_market
NOR_15Y,5,LORO_Hiking,Hiking,loro,xmpca_02,weight,0.0,cross_market
NOR_15Y,5,LORO_Hiking,Hiking,loro,xmpca_03,weight,0.0,cross_market
NOR_15Y,5,LORO_Hiking,Hiking,loro,xmpca_04,weight,0.0,cross_market
NOR_15Y,5,LORO_Hiking,Hiking,loro,xmpca_05,weight,0.0,cross_market
NOR_15Y,5,LORO_Hiking,Hiking,loro,xmpca_06,weight,2.0,cross_market
NOR_15Y,5,LORO_Hiking,Hiking,loro,xmpca_07,weight,1.0,cross_market
NOR_15Y,5,LORO_Hiking,Hiking,loro,xmpca_08,weight,4.0,cross_market
NOR_15Y,5,LORO_Hiking,Hiking,loro,xmpca_09,weight,0.0,cross_market
NOR_15Y,5,LORO_Hiking,Hiking,loro,xmpca_10,weight,0.0,cross_market
NOR_15Y,5,LORO_Hiking,Hiking,loro,xmpca_11,weight,0.0,cross_market
NOR_15Y,5,LORO_Hiking,Hiking,loro,xmpca_12,weight,0.0,cross_market
NOR_15Y,5,LORO_Hiking,Hiking,loro,chg_lag1,cover,0.0,momentum
NOR_15Y,5,LORO_Hiking,Hiking,loro,chg_lag2,cover,13.0,momentum
NOR_15Y,5,LORO_Hiking,Hiking,loro,chg_lag3,cover,0.0,momentum
NOR_15Y,5,LORO_Hiking,Hiking,loro,chg_lag4,cover,0.0,momentum
NOR_15Y,5,LORO_Hiking,Hiking,loro,chg_lag5,cover,0.0,momentum
NOR_15Y,5,LORO_Hiking,Hiking,loro,carry_roll,cover,981.0,carry_roll
NOR_15Y,5,LORO_Hiking,Hiking,loro,mom_63d,cover,1324.0,momentum
NOR_15Y,5,LORO_Hiking,Hiking,loro,mom_1m,cover,616.25,momentum
NOR_15Y,5,LORO_Hiking,Hiking,loro,mom_3m,cover,0.0,momentum
NOR_15Y,5,LORO_Hiking,Hiking,loro,mom_6m,cover,0.0,momentum
NOR_15Y,5,LORO_Hiking,Hiking,loro,mom_12m,cover,1758.25,momentum
NOR_15Y,5,LORO_Hiking,Hiking,loro,dev_ma_3m,cover,828.3333129882812,curve
NOR_15Y,5,LORO_Hiking,Hiking,loro,dev_ma_12m,cover,2331.083251953125,curve
NOR_15Y,5,LORO_Hiking,Hiking,loro,vol_20d,cover,2337.0,vol
NOR_15Y,5,LORO_Hiking,Hiking,loro,vol_regime,cover,0.0,vol
NOR_15Y,5,LORO_Hiking,Hiking,loro,vol_zscore,cover,0.0,vol
NOR_15Y,5,LORO_Hiking,Hiking,loro,level_zscore,cover,1360.7142333984375,curve
NOR_15Y,5,LORO_Hiking,Hiking,loro,slope_10_1,cover,73.0,curve
NOR_15Y,5,LORO_Hiking,Hiking,loro,slope_10_5,cover,0.0,curve
NOR_15Y,5,LORO_Hiking,Hiking,loro,slope_5_1,cover,590.0,curve
NOR_15Y,5,LORO_Hiking,Hiking,loro,sofr_mom_1m,cover,1911.5999755859375,macro
NOR_15Y,5,LORO_Hiking,Hiking,loro,ibor_level,cover,0.0,macro
NOR_15Y,5,LORO_Hiking,Hiking,loro,ibor_chg_1d,cover,2368.60009765625,macro
NOR_15Y,5,LORO_Hiking,Hiking,loro,ibor_mom_1m,cover,2033.2857666015625,macro
NOR_15Y,5,LORO_Hiking,Hiking,loro,ibor_term_slope,cover,1121.3333740234375,macro
NOR_15Y,5,LORO_Hiking,Hiking,loro,swap_ibor_basis,cover,1374.5,curve
NOR_15Y,5,LORO_Hiking,Hiking,loro,move_level,cover,0.0,vol
NOR_15Y,5,LORO_Hiking,Hiking,loro,move_zscore,cover,1826.6666259765625,vol
NOR_15Y,5,LORO_Hiking,Hiking,loro,vix_level,cover,0.0,vol
NOR_15Y,5,LORO_Hiking,Hiking,loro,vix_zscore,cover,0.0,vol
NOR_15Y,5,LORO_Hiking,Hiking,loro,v2x_level,cover,0.0,vol
NOR_15Y,5,LORO_Hiking,Hiking,loro,vxn_level,cover,49.5,vol
NOR_15Y,5,LORO_Hiking,Hiking,loro,ovx_level,cover,0.0,vol
NOR_15Y,5,LORO_Hiking,Hiking,loro,gvz_level,cover,63.0,vol
NOR_15Y,5,LORO_Hiking,Hiking,loro,spx_mom_1m,cover,2175.666748046875,macro
NOR_15Y,5,LORO_Hiking,Hiking,loro,spx_mom_3m,cover,2361.5,macro
NOR_15Y,5,LORO_Hiking,Hiking,loro,sx5e_mom_1m,cover,14.0,macro
NOR_15Y,5,LORO_Hiking,Hiking,loro,sx5e_mom_3m,cover,0.0,macro
NOR_15Y,5,LORO_Hiking,Hiking,loro,mxwo_mom_1m,cover,2355.5,macro
NOR_15Y,5,LORO_Hiking,Hiking,loro,ndx_mom_1m,cover,180.0,macro
NOR_15Y,5,LORO_Hiking,Hiking,loro,oil_mom_1m,cover,2337.0,macro
NOR_15Y,5,LORO_Hiking,Hiking,loro,oil_mom_3m,cover,1178.5,macro
NOR_15Y,5,LORO_Hiking,Hiking,loro,copper_mom_1m,cover,0.0,macro
NOR_15Y,5,LORO_Hiking,Hiking,loro,opec_prod,cover,0.0,macro
NOR_15Y,5,LORO_Hiking,Hiking,loro,natgas_mom_1m,cover,0.0,macro
NOR_15Y,5,LORO_Hiking,Hiking,loro,be5y_level,cover,143.0,macro
NOR_15Y,5,LORO_Hiking,Hiking,loro,be10y_level,cover,255.0,macro
NOR_15Y,5,LORO_Hiking,Hiking,loro,be_slope,cover,0.0,macro
NOR_15Y,5,LORO_Hiking,Hiking,loro,be5y_chg_1m,cover,0.0,macro
NOR_15Y,5,LORO_Hiking,Hiking,loro,ig_spread,cover,0.0,credit
NOR_15Y,5,LORO_Hiking,Hiking,loro,hy_spread,cover,0.0,credit
NOR_15Y,5,LORO_Hiking,Hiking,loro,ig_chg_1m,cover,0.0,credit
NOR_15Y,5,LORO_Hiking,Hiking,loro,hy_chg_1m,cover,0.0,credit
NOR_15Y,5,LORO_Hiking,Hiking,loro,cpi_yoy,cover,0.0,macro
NOR_15Y,5,LORO_Hiking,Hiking,loro,pce_core_chg,cover,0.0,macro
NOR_15Y,5,LORO_Hiking,Hiking,loro,nfp_change,cover,0.0,macro
NOR_15Y,5,LORO_Hiking,Hiking,loro,pmi_us,cover,28.0,macro
NOR_15Y,5,LORO_Hiking,Hiking,loro,pmi_eur,cover,0.0,macro
NOR_15Y,5,LORO_Hiking,Hiking,loro,unemp_eur,cover,0.0,macro
NOR_15Y,5,LORO_Hiking,Hiking,loro,cpi_nsa_level,cover,0.0,macro
NOR_15Y,5,LORO_Hiking,Hiking,loro,pce_core_level,cover,0.0,macro
NOR_15Y,5,LORO_Hiking,Hiking,loro,eur_3m,cover,0.0,macro
NOR_15Y,5,LORO_Hiking,Hiking,loro,eur_1w,cover,0.0,macro
NOR_15Y,5,LORO_Hiking,Hiking,loro,nor_ibor_1m,cover,0.0,norway
NOR_15Y,5,LORO_Hiking,Hiking,loro,nor_ibor_6m,cover,0.0,norway
NOR_15Y,5,LORO_Hiking,Hiking,loro,nor_ecb_dfr_chg,cover,2355.0,norway
NOR_15Y,5,LORO_Hiking,Hiking,loro,nor_ecb_dfr_level,cover,0.0,norway
NOR_15Y,5,LORO_Hiking,Hiking,loro,nor_eurnok_chg_1d,cover,29.0,norway
NOR_15Y,5,LORO_Hiking,Hiking,loro,nor_eurnok_level,cover,0.0,norway
NOR_15Y,5,LORO_Hiking,Hiking,loro,nor_eurnok_mom_1m,cover,0.0,norway
NOR_15Y,5,LORO_Hiking,Hiking,loro,nor_eurnok_mom_3m,cover,0.0,norway
NOR_15Y,5,LORO_Hiking,Hiking,loro,nor_eurnok_rvol_20d,cover,1766.25,norway
NOR_15Y,5,LORO_Hiking,Hiking,loro,nor_govt_10y,cover,0.0,norway
NOR_15Y,5,LORO_Hiking,Hiking,loro,nor_govt_3y,cover,0.0,norway
NOR_15Y,5,LORO_Hiking,Hiking,loro,nor_govt_5y,cover,2373.0,norway
NOR_15Y,5,LORO_Hiking,Hiking,loro,nor_i44_chg_1d,cover,0.0,norway
NOR_15Y,5,LORO_Hiking,Hiking,loro,nor_i44_level,cover,0.0,norway
NOR_15Y,5,LORO_Hiking,Hiking,loro,nor_i44_mom_1m,cover,0.0,norway
NOR_15Y,5,LORO_Hiking,Hiking,loro,nor_i44_mom_3m,cover,2373.0,norway
NOR_15Y,5,LORO_Hiking,Hiking,loro,nor_i44_rvol_20d,cover,0.0,norway
NOR_15Y,5,LORO_Hiking,Hiking,loro,nor_kpi_yoy,cover,0.0,norway
NOR_15Y,5,LORO_Hiking,Hiking,loro,nor_kpijae_yoy,cover,0.0,norway
NOR_15Y,5,LORO_Hiking,Hiking,loro,nor_nibor_nowa_spread,cover,40.0,norway
NOR_15Y,5,LORO_Hiking,Hiking,loro,nor_nowa_level,cover,1784.5,norway
NOR_15Y,5,LORO_Hiking,Hiking,loro,nor_polrate_chg_1d,cover,0.0,norway
NOR_15Y,5,LORO_Hiking,Hiking,loro,nor_polrate_days_since_chg,cover,0.0,norway
NOR_15Y,5,LORO_Hiking,Hiking,loro,nor_polrate_level,cover,0.0,norway
NOR_15Y,5,LORO_Hiking,Hiking,loro,nor_rb_rate_chg,cover,0.0,norway
NOR_15Y,5,LORO_Hiking,Hiking,loro,nor_rb_rate_level,cover,0.0,norway
NOR_15Y,5,LORO_Hiking,Hiking,loro,nor_unemp,cover,0.0,norway
NOR_15Y,5,LORO_Hiking,Hiking,loro,nor_usdnok_chg_1d,cover,0.0,norway
NOR_15Y,5,LORO_Hiking,Hiking,loro,nor_usdnok_level,cover,1489.5,norway
NOR_15Y,5,LORO_Hiking,Hiking,loro,nor_usdnok_mom_1m,cover,1574.6666259765625,norway
NOR_15Y,5,LORO_Hiking,Hiking,loro,nor_usdnok_mom_3m,cover,1942.111083984375,norway
NOR_15Y,5,LORO_Hiking,Hiking,loro,nor_usdnok_rvol_20d,cover,13.0,norway
NOR_15Y,5,LORO_Hiking,Hiking,loro,swap_govt_spread,cover,0.0,norway
NOR_15Y,5,LORO_Hiking,Hiking,loro,xmpca_01,cover,0.0,cross_market
NOR_15Y,5,LORO_Hiking,Hiking,loro,xmpca_02,cover,0.0,cross_market
NOR_15Y,5,LORO_Hiking,Hiking,loro,xmpca_03,cover,0.0,cross_market
NOR_15Y,5,LORO_Hiking,Hiking,loro,xmpca_04,cover,0.0,cross_market
NOR_15Y,5,LORO_Hiking,Hiking,loro,xmpca_05,cover,0.0,cross_market
NOR_15Y,5,LORO_Hiking,Hiking,loro,xmpca_06,cover,52.0,cross_market
NOR_15Y,5,LORO_Hiking,Hiking,loro,xmpca_07,cover,13.0,cross_market
NOR_15Y,5,LORO_Hiking,Hiking,loro,xmpca_08,cover,15.75,cross_market
NOR_15Y,5,LORO_Hiking,Hiking,loro,xmpca_09,cover,0.0,cross_market
NOR_15Y,5,LORO_Hiking,Hiking,loro,xmpca_10,cover,0.0,cross_market
NOR_15Y,5,LORO_Hiking,Hiking,loro,xmpca_11,cover,0.0,cross_market
NOR_15Y,5,LORO_Hiking,Hiking,loro,xmpca_12,cover,0.0,cross_market
NOR_15Y,5,LORO_Hiking,Hiking,loro,chg_lag1,total_gain,0.0,momentum
NOR_15Y,5,LORO_Hiking,Hiking,loro,chg_lag2,total_gain,0.00339600071310997,momentum
NOR_15Y,5,LORO_Hiking,Hiking,loro,chg_lag3,total_gain,0.0,momentum
NOR_15Y,5,LORO_Hiking,Hiking,loro,chg_lag4,total_gain,0.0,momentum
NOR_15Y,5,LORO_Hiking,Hiking,loro,chg_lag5,total_gain,0.0,momentum
NOR_15Y,5,LORO_Hiking,Hiking,loro,carry_roll,total_gain,0.4479442834854126,carry_roll
NOR_15Y,5,LORO_Hiking,Hiking,loro,mom_63d,total_gain,0.049760036170482635,momentum
NOR_15Y,5,LORO_Hiking,Hiking,loro,mom_1m,total_gain,0.2655287981033325,momentum
NOR_15Y,5,LORO_Hiking,Hiking,loro,mom_3m,total_gain,0.0,momentum
NOR_15Y,5,LORO_Hiking,Hiking,loro,mom_6m,total_gain,0.0,momentum
NOR_15Y,5,LORO_Hiking,Hiking,loro,mom_12m,total_gain,0.20491108298301697,momentum
NOR_15Y,5,LORO_Hiking,Hiking,loro,dev_ma_3m,total_gain,0.39737629890441895,curve
NOR_15Y,5,LORO_Hiking,Hiking,loro,dev_ma_12m,total_gain,1.3524953126907349,curve
NOR_15Y,5,LORO_Hiking,Hiking,loro,vol_20d,total_gain,0.3904399275779724,vol
NOR_15Y,5,LORO_Hiking,Hiking,loro,vol_regime,total_gain,0.0,vol
NOR_15Y,5,LORO_Hiking,Hiking,loro,vol_zscore,total_gain,0.0,vol
NOR_15Y,5,LORO_Hiking,Hiking,loro,level_zscore,total_gain,0.6308896541595459,curve
NOR_15Y,5,LORO_Hiking,Hiking,loro,slope_10_1,total_gain,0.14878146350383759,curve
NOR_15Y,5,LORO_Hiking,Hiking,loro,slope_10_5,total_gain,0.0,curve
NOR_15Y,5,LORO_Hiking,Hiking,loro,slope_5_1,total_gain,0.07498534023761749,curve
NOR_15Y,5,LORO_Hiking,Hiking,loro,sofr_mom_1m,total_gain,0.27275246381759644,macro
NOR_15Y,5,LORO_Hiking,Hiking,loro,ibor_level,total_gain,0.0,macro
NOR_15Y,5,LORO_Hiking,Hiking,loro,ibor_chg_1d,total_gain,0.48242098093032837,macro
NOR_15Y,5,LORO_Hiking,Hiking,loro,ibor_mom_1m,total_gain,0.6347668766975403,macro
NOR_15Y,5,LORO_Hiking,Hiking,loro,ibor_term_slope,total_gain,0.18762162327766418,macro
NOR_15Y,5,LORO_Hiking,Hiking,loro,swap_ibor_basis,total_gain,0.11147714406251907,curve
NOR_15Y,5,LORO_Hiking,Hiking,loro,move_level,total_gain,0.0,vol
NOR_15Y,5,LORO_Hiking,Hiking,loro,move_zscore,total_gain,0.15573276579380035,vol
NOR_15Y,5,LORO_Hiking,Hiking,loro,vix_level,total_gain,0.0,vol
NOR_15Y,5,LORO_Hiking,Hiking,loro,vix_zscore,total_gain,0.0,vol
NOR_15Y,5,LORO_Hiking,Hiking,loro,v2x_level,total_gain,0.0,vol
NOR_15Y,5,LORO_Hiking,Hiking,loro,vxn_level,total_gain,0.12762366235256195,vol
NOR_15Y,5,LORO_Hiking,Hiking,loro,ovx_level,total_gain,0.0,vol
NOR_15Y,5,LORO_Hiking,Hiking,loro,gvz_level,total_gain,0.09025011956691742,vol
NOR_15Y,5,LORO_Hiking,Hiking,loro,spx_mom_1m,total_gain,0.1395622193813324,macro
NOR_15Y,5,LORO_Hiking,Hiking,loro,spx_mom_3m,total_gain,0.446421355009079,macro
NOR_15Y,5,LORO_Hiking,Hiking,loro,sx5e_mom_1m,total_gain,0.10755777359008789,macro
NOR_15Y,5,LORO_Hiking,Hiking,loro,sx5e_mom_3m,total_gain,0.0,macro
NOR_15Y,5,LORO_Hiking,Hiking,loro,mxwo_mom_1m,total_gain,0.08747020363807678,macro
NOR_15Y,5,LORO_Hiking,Hiking,loro,ndx_mom_1m,total_gain,0.08238637447357178,macro
NOR_15Y,5,LORO_Hiking,Hiking,loro,oil_mom_1m,total_gain,0.14155477285385132,macro
NOR_15Y,5,LORO_Hiking,Hiking,loro,oil_mom_3m,total_gain,0.08179233223199844,macro
NOR_15Y,5,LORO_Hiking,Hiking,loro,copper_mom_1m,total_gain,0.0,macro
NOR_15Y,5,LORO_Hiking,Hiking,loro,opec_prod,total_gain,0.0,macro
NOR_15Y,5,LORO_Hiking,Hiking,loro,natgas_mom_1m,total_gain,0.0,macro
NOR_15Y,5,LORO_Hiking,Hiking,loro,be5y_level,total_gain,0.03258591145277023,macro
NOR_15Y,5,LORO_Hiking,Hiking,loro,be10y_level,total_gain,0.047830335795879364,macro
NOR_15Y,5,LORO_Hiking,Hiking,loro,be_slope,total_gain,0.0,macro
NOR_15Y,5,LORO_Hiking,Hiking,loro,be5y_chg_1m,total_gain,0.0,macro
NOR_15Y,5,LORO_Hiking,Hiking,loro,ig_spread,total_gain,0.0,credit
NOR_15Y,5,LORO_Hiking,Hiking,loro,hy_spread,total_gain,0.0,credit
NOR_15Y,5,LORO_Hiking,Hiking,loro,ig_chg_1m,total_gain,0.0,credit
NOR_15Y,5,LORO_Hiking,Hiking,loro,hy_chg_1m,total_gain,0.0,credit
NOR_15Y,5,LORO_Hiking,Hiking,loro,cpi_yoy,total_gain,0.0,macro
NOR_15Y,5,LORO_Hiking,Hiking,loro,pce_core_chg,total_gain,0.0,macro
NOR_15Y,5,LORO_Hiking,Hiking,loro,nfp_change,total_gain,0.0,macro
NOR_15Y,5,LORO_Hiking,Hiking,loro,pmi_us,total_gain,0.031731657683849335,macro
NOR_15Y,5,LORO_Hiking,Hiking,loro,pmi_eur,total_gain,0.0,macro
NOR_15Y,5,LORO_Hiking,Hiking,loro,unemp_eur,total_gain,0.0,macro
NOR_15Y,5,LORO_Hiking,Hiking,loro,cpi_nsa_level,total_gain,0.0,macro
NOR_15Y,5,LORO_Hiking,Hiking,loro,pce_core_level,total_gain,0.0,macro
NOR_15Y,5,LORO_Hiking,Hiking,loro,eur_3m,total_gain,0.0,macro
NOR_15Y,5,LORO_Hiking,Hiking,loro,eur_1w,total_gain,0.0,macro
NOR_15Y,5,LORO_Hiking,Hiking,loro,nor_ibor_1m,total_gain,0.0,norway
NOR_15Y,5,LORO_Hiking,Hiking,loro,nor_ibor_6m,total_gain,0.0,norway
NOR_15Y,5,LORO_Hiking,Hiking,loro,nor_ecb_dfr_chg,total_gain,0.07732357829809189,norway
NOR_15Y,5,LORO_Hiking,Hiking,loro,nor_ecb_dfr_level,total_gain,0.0,norway
NOR_15Y,5,LORO_Hiking,Hiking,loro,nor_eurnok_chg_1d,total_gain,0.06027648597955704,norway
NOR_15Y,5,LORO_Hiking,Hiking,loro,nor_eurnok_level,total_gain,0.0,norway
NOR_15Y,5,LORO_Hiking,Hiking,loro,nor_eurnok_mom_1m,total_gain,0.0,norway
NOR_15Y,5,LORO_Hiking,Hiking,loro,nor_eurnok_mom_3m,total_gain,0.0,norway
NOR_15Y,5,LORO_Hiking,Hiking,loro,nor_eurnok_rvol_20d,total_gain,0.17521342635154724,norway
NOR_15Y,5,LORO_Hiking,Hiking,loro,nor_govt_10y,total_gain,0.0,norway
NOR_15Y,5,LORO_Hiking,Hiking,loro,nor_govt_3y,total_gain,0.0,norway
NOR_15Y,5,LORO_Hiking,Hiking,loro,nor_govt_5y,total_gain,0.034732431173324585,norway
NOR_15Y,5,LORO_Hiking,Hiking,loro,nor_i44_chg_1d,total_gain,0.0,norway
NOR_15Y,5,LORO_Hiking,Hiking,loro,nor_i44_level,total_gain,0.0,norway
NOR_15Y,5,LORO_Hiking,Hiking,loro,nor_i44_mom_1m,total_gain,0.0,norway
NOR_15Y,5,LORO_Hiking,Hiking,loro,nor_i44_mom_3m,total_gain,0.03746633231639862,norway
NOR_15Y,5,LORO_Hiking,Hiking,loro,nor_i44_rvol_20d,total_gain,0.0,norway
NOR_15Y,5,LORO_Hiking,Hiking,loro,nor_kpi_yoy,total_gain,0.0,norway
NOR_15Y,5,LORO_Hiking,Hiking,loro,nor_kpijae_yoy,total_gain,0.0,norway
NOR_15Y,5,LORO_Hiking,Hiking,loro,nor_nibor_nowa_spread,total_gain,0.05111736059188843,norway
NOR_15Y,5,LORO_Hiking,Hiking,loro,nor_nowa_level,total_gain,0.1362977921962738,norway
NOR_15Y,5,LORO_Hiking,Hiking,loro,nor_polrate_chg_1d,total_gain,0.0,norway
NOR_15Y,5,LORO_Hiking,Hiking,loro,nor_polrate_days_since_chg,total_gain,0.0,norway
NOR_15Y,5,LORO_Hiking,Hiking,loro,nor_polrate_level,total_gain,0.0,norway
NOR_15Y,5,LORO_Hiking,Hiking,loro,nor_rb_rate_chg,total_gain,0.0,norway
NOR_15Y,5,LORO_Hiking,Hiking,loro,nor_rb_rate_level,total_gain,0.0,norway
NOR_15Y,5,LORO_Hiking,Hiking,loro,nor_unemp,total_gain,0.0,norway
NOR_15Y,5,LORO_Hiking,Hiking,loro,nor_usdnok_chg_1d,total_gain,0.0,norway
NOR_15Y,5,LORO_Hiking,Hiking,loro,nor_usdnok_level,total_gain,0.11058428883552551,norway
NOR_15Y,5,LORO_Hiking,Hiking,loro,nor_usdnok_mom_1m,total_gain,0.1770465075969696,norway
NOR_15Y,5,LORO_Hiking,Hiking,loro,nor_usdnok_mom_3m,total_gain,0.9667080640792847,norway
NOR_15Y,5,LORO_Hiking,Hiking,loro,nor_usdnok_rvol_20d,total_gain,0.30081140995025635,norway
NOR_15Y,5,LORO_Hiking,Hiking,loro,swap_govt_spread,total_gain,0.0,norway
NOR_15Y,5,LORO_Hiking,Hiking,loro,xmpca_01,total_gain,0.0,cross_market
NOR_15Y,5,LORO_Hiking,Hiking,loro,xmpca_02,total_gain,0.0,cross_market
NOR_15Y,5,LORO_Hiking,Hiking,loro,xmpca_03,total_gain,0.0,cross_market
NOR_15Y,5,LORO_Hiking,Hiking,loro,xmpca_04,total_gain,0.0,cross_market
NOR_15Y,5,LORO_Hiking,Hiking,loro,xmpca_05,total_gain,0.0,cross_market
NOR_15Y,5,LORO_Hiking,Hiking,loro,xmpca_06,total_gain,0.15497615933418274,cross_market
NOR_15Y,5,LORO_Hiking,Hiking,loro,xmpca_07,total_gain,0.012594763189554214,cross_market
NOR_15Y,5,LORO_Hiking,Hiking,loro,xmpca_08,total_gain,0.27130240201950073,cross_market
NOR_15Y,5,LORO_Hiking,Hiking,loro,xmpca_09,total_gain,0.0,cross_market
NOR_15Y,5,LORO_Hiking,Hiking,loro,xmpca_10,total_gain,0.0,cross_market
NOR_15Y,5,LORO_Hiking,Hiking,loro,xmpca_11,total_gain,0.0,cross_market
NOR_15Y,5,LORO_Hiking,Hiking,loro,xmpca_12,total_gain,0.0,cross_market
NOR_15Y,5,LORO_Hiking,Hiking,loro,chg_lag1,total_cover,0.0,momentum
NOR_15Y,5,LORO_Hiking,Hiking,loro,chg_lag2,total_cover,13.0,momentum
NOR_15Y,5,LORO_Hiking,Hiking,loro,chg_lag3,total_cover,0.0,momentum
NOR_15Y,5,LORO_Hiking,Hiking,loro,chg_lag4,total_cover,0.0,momentum
NOR_15Y,5,LORO_Hiking,Hiking,loro,chg_lag5,total_cover,0.0,momentum
NOR_15Y,5,LORO_Hiking,Hiking,loro,carry_roll,total_cover,4905.0,carry_roll
NOR_15Y,5,LORO_Hiking,Hiking,loro,mom_63d,total_cover,1324.0,momentum
NOR_15Y,5,LORO_Hiking,Hiking,loro,mom_1m,total_cover,2465.0,momentum
NOR_15Y,5,LORO_Hiking,Hiking,loro,mom_3m,total_cover,0.0,momentum
NOR_15Y,5,LORO_Hiking,Hiking,loro,mom_6m,total_cover,0.0,momentum
NOR_15Y,5,LORO_Hiking,Hiking,loro,mom_12m,total_cover,7033.0,momentum
NOR_15Y,5,LORO_Hiking,Hiking,loro,dev_ma_3m,total_cover,2485.0,curve
NOR_15Y,5,LORO_Hiking,Hiking,loro,dev_ma_12m,total_cover,27973.0,curve
NOR_15Y,5,LORO_Hiking,Hiking,loro,vol_20d,total_cover,9348.0,vol
NOR_15Y,5,LORO_Hiking,Hiking,loro,vol_regime,total_cover,0.0,vol
NOR_15Y,5,LORO_Hiking,Hiking,loro,vol_zscore,total_cover,0.0,vol
NOR_15Y,5,LORO_Hiking,Hiking,loro,level_zscore,total_cover,9525.0,curve
NOR_15Y,5,LORO_Hiking,Hiking,loro,slope_10_1,total_cover,146.0,curve
NOR_15Y,5,LORO_Hiking,Hiking,loro,slope_10_5,total_cover,0.0,curve
NOR_15Y,5,LORO_Hiking,Hiking,loro,slope_5_1,total_cover,590.0,curve
NOR_15Y,5,LORO_Hiking,Hiking,loro,sofr_mom_1m,total_cover,9558.0,macro
NOR_15Y,5,LORO_Hiking,Hiking,loro,ibor_level,total_cover,0.0,macro
NOR_15Y,5,LORO_Hiking,Hiking,loro,ibor_chg_1d,total_cover,11843.0,macro
NOR_15Y,5,LORO_Hiking,Hiking,loro,ibor_mom_1m,total_cover,14233.0,macro
NOR_15Y,5,LORO_Hiking,Hiking,loro,ibor_term_slope,total_cover,3364.0,macro
NOR_15Y,5,LORO_Hiking,Hiking,loro,swap_ibor_basis,total_cover,2749.0,curve
NOR_15Y,5,LORO_Hiking,Hiking,loro,move_level,total_cover,0.0,vol
NOR_15Y,5,LORO_Hiking,Hiking,loro,move_zscore,total_cover,5480.0,vol
NOR_15Y,5,LORO_Hiking,Hiking,loro,vix_level,total_cover,0.0,vol
NOR_15Y,5,LORO_Hiking,Hiking,loro,vix_zscore,total_cover,0.0,vol
NOR_15Y,5,LORO_Hiking,Hiking,loro,v2x_level,total_cover,0.0,vol
NOR_15Y,5,LORO_Hiking,Hiking,loro,vxn_level,total_cover,99.0,vol
NOR_15Y,5,LORO_Hiking,Hiking,loro,ovx_level,total_cover,0.0,vol
NOR_15Y,5,LORO_Hiking,Hiking,loro,gvz_level,total_cover,63.0,vol
NOR_15Y,5,LORO_Hiking,Hiking,loro,spx_mom_1m,total_cover,6527.0,macro
NOR_15Y,5,LORO_Hiking,Hiking,loro,spx_mom_3m,total_cover,9446.0,macro
NOR_15Y,5,LORO_Hiking,Hiking,loro,sx5e_mom_1m,total_cover,14.0,macro
NOR_15Y,5,LORO_Hiking,Hiking,loro,sx5e_mom_3m,total_cover,0.0,macro
NOR_15Y,5,LORO_Hiking,Hiking,loro,mxwo_mom_1m,total_cover,4711.0,macro
NOR_15Y,5,LORO_Hiking,Hiking,loro,ndx_mom_1m,total_cover,180.0,macro
NOR_15Y,5,LORO_Hiking,Hiking,loro,oil_mom_1m,total_cover,4674.0,macro
NOR_15Y,5,LORO_Hiking,Hiking,loro,oil_mom_3m,total_cover,2357.0,macro
NOR_15Y,5,LORO_Hiking,Hiking,loro,copper_mom_1m,total_cover,0.0,macro
NOR_15Y,5,LORO_Hiking,Hiking,loro,opec_prod,total_cover,0.0,macro
NOR_15Y,5,LORO_Hiking,Hiking,loro,natgas_mom_1m,total_cover,0.0,macro
NOR_15Y,5,LORO_Hiking,Hiking,loro,be5y_level,total_cover,143.0,macro
NOR_15Y,5,LORO_Hiking,Hiking,loro,be10y_level,total_cover,255.0,macro
NOR_15Y,5,LORO_Hiking,Hiking,loro,be_slope,total_cover,0.0,macro
NOR_15Y,5,LORO_Hiking,Hiking,loro,be5y_chg_1m,total_cover,0.0,macro
NOR_15Y,5,LORO_Hiking,Hiking,loro,ig_spread,total_cover,0.0,credit
NOR_15Y,5,LORO_Hiking,Hiking,loro,hy_spread,total_cover,0.0,credit
NOR_15Y,5,LORO_Hiking,Hiking,loro,ig_chg_1m,total_cover,0.0,credit
NOR_15Y,5,LORO_Hiking,Hiking,loro,hy_chg_1m,total_cover,0.0,credit
NOR_15Y,5,LORO_Hiking,Hiking,loro,cpi_yoy,total_cover,0.0,macro
NOR_15Y,5,LORO_Hiking,Hiking,loro,pce_core_chg,total_cover,0.0,macro
NOR_15Y,5,LORO_Hiking,Hiking,loro,nfp_change,total_cover,0.0,macro
NOR_15Y,5,LORO_Hiking,Hiking,loro,pmi_us,total_cover,56.0,macro
NOR_15Y,5,LORO_Hiking,Hiking,loro,pmi_eur,total_cover,0.0,macro
NOR_15Y,5,LORO_Hiking,Hiking,loro,unemp_eur,total_cover,0.0,macro
NOR_15Y,5,LORO_Hiking,Hiking,loro,cpi_nsa_level,total_cover,0.0,macro
NOR_15Y,5,LORO_Hiking,Hiking,loro,pce_core_level,total_cover,0.0,macro
NOR_15Y,5,LORO_Hiking,Hiking,loro,eur_3m,total_cover,0.0,macro
NOR_15Y,5,LORO_Hiking,Hiking,loro,eur_1w,total_cover,0.0,macro
NOR_15Y,5,LORO_Hiking,Hiking,loro,nor_ibor_1m,total_cover,0.0,norway
NOR_15Y,5,LORO_Hiking,Hiking,loro,nor_ibor_6m,total_cover,0.0,norway
NOR_15Y,5,LORO_Hiking,Hiking,loro,nor_ecb_dfr_chg,total_cover,2355.0,norway
NOR_15Y,5,LORO_Hiking,Hiking,loro,nor_ecb_dfr_level,total_cover,0.0,norway
NOR_15Y,5,LORO_Hiking,Hiking,loro,nor_eurnok_chg_1d,total_cover,58.0,norway
NOR_15Y,5,LORO_Hiking,Hiking,loro,nor_eurnok_level,total_cover,0.0,norway
NOR_15Y,5,LORO_Hiking,Hiking,loro,nor_eurnok_mom_1m,total_cover,0.0,norway
NOR_15Y,5,LORO_Hiking,Hiking,loro,nor_eurnok_mom_3m,total_cover,0.0,norway
NOR_15Y,5,LORO_Hiking,Hiking,loro,nor_eurnok_rvol_20d,total_cover,7065.0,norway
NOR_15Y,5,LORO_Hiking,Hiking,loro,nor_govt_10y,total_cover,0.0,norway
NOR_15Y,5,LORO_Hiking,Hiking,loro,nor_govt_3y,total_cover,0.0,norway
NOR_15Y,5,LORO_Hiking,Hiking,loro,nor_govt_5y,total_cover,2373.0,norway
NOR_15Y,5,LORO_Hiking,Hiking,loro,nor_i44_chg_1d,total_cover,0.0,norway
NOR_15Y,5,LORO_Hiking,Hiking,loro,nor_i44_level,total_cover,0.0,norway
NOR_15Y,5,LORO_Hiking,Hiking,loro,nor_i44_mom_1m,total_cover,0.0,norway
NOR_15Y,5,LORO_Hiking,Hiking,loro,nor_i44_mom_3m,total_cover,2373.0,norway
NOR_15Y,5,LORO_Hiking,Hiking,loro,nor_i44_rvol_20d,total_cover,0.0,norway
NOR_15Y,5,LORO_Hiking,Hiking,loro,nor_kpi_yoy,total_cover,0.0,norway
NOR_15Y,5,LORO_Hiking,Hiking,loro,nor_kpijae_yoy,total_cover,0.0,norway
NOR_15Y,5,LORO_Hiking,Hiking,loro,nor_nibor_nowa_spread,total_cover,40.0,norway
NOR_15Y,5,LORO_Hiking,Hiking,loro,nor_nowa_level,total_cover,3569.0,norway
NOR_15Y,5,LORO_Hiking,Hiking,loro,nor_polrate_chg_1d,total_cover,0.0,norway
NOR_15Y,5,LORO_Hiking,Hiking,loro,nor_polrate_days_since_chg,total_cover,0.0,norway
NOR_15Y,5,LORO_Hiking,Hiking,loro,nor_polrate_level,total_cover,0.0,norway
NOR_15Y,5,LORO_Hiking,Hiking,loro,nor_rb_rate_chg,total_cover,0.0,norway
NOR_15Y,5,LORO_Hiking,Hiking,loro,nor_rb_rate_level,total_cover,0.0,norway
NOR_15Y,5,LORO_Hiking,Hiking,loro,nor_unemp,total_cover,0.0,norway
NOR_15Y,5,LORO_Hiking,Hiking,loro,nor_usdnok_chg_1d,total_cover,0.0,norway
NOR_15Y,5,LORO_Hiking,Hiking,loro,nor_usdnok_level,total_cover,2979.0,norway
NOR_15Y,5,LORO_Hiking,Hiking,loro,nor_usdnok_mom_1m,total_cover,4724.0,norway
NOR_15Y,5,LORO_Hiking,Hiking,loro,nor_usdnok_mom_3m,total_cover,17479.0,norway
NOR_15Y,5,LORO_Hiking,Hiking,loro,nor_usdnok_rvol_20d,total_cover,39.0,norway
NOR_15Y,5,LORO_Hiking,Hiking,loro,swap_govt_spread,total_cover,0.0,norway
NOR_15Y,5,LORO_Hiking,Hiking,loro,xmpca_01,total_cover,0.0,cross_market
NOR_15Y,5,LORO_Hiking,Hiking,loro,xmpca_02,total_cover,0.0,cross_market
NOR_15Y,5,LORO_Hiking,Hiking,loro,xmpca_03,total_cover,0.0,cross_market
NOR_15Y,5,LORO_Hiking,Hiking,loro,xmpca_04,total_cover,0.0,cross_market
NOR_15Y,5,LORO_Hiking,Hiking,loro,xmpca_05,total_cover,0.0,cross_market
NOR_15Y,5,LORO_Hiking,Hiking,loro,xmpca_06,total_cover,104.0,cross_market
NOR_15Y,5,LORO_Hiking,Hiking,loro,xmpca_07,total_cover,13.0,cross_market
NOR_15Y,5,LORO_Hiking,Hiking,loro,xmpca_08,total_cover,63.0,cross_market
NOR_15Y,5,LORO_Hiking,Hiking,loro,xmpca_09,total_cover,0.0,cross_market
NOR_15Y,5,LORO_Hiking,Hiking,loro,xmpca_10,total_cover,0.0,cross_market
NOR_15Y,5,LORO_Hiking,Hiking,loro,xmpca_11,total_cover,0.0,cross_market
NOR_15Y,5,LORO_Hiking,Hiking,loro,xmpca_12,total_cover,0.0,cross_market
NOR_15Y,5,LORO_Hiking,Hiking,loro,chg_lag1,shap_mean_abs,0.0,momentum
NOR_15Y,5,LORO_Hiking,Hiking,loro,chg_lag2,shap_mean_abs,5.185140707908431e-06,momentum
NOR_15Y,5,LORO_Hiking,Hiking,loro,chg_lag3,shap_mean_abs,0.0,momentum
NOR_15Y,5,LORO_Hiking,Hiking,loro,chg_lag4,shap_mean_abs,0.0,momentum
NOR_15Y,5,LORO_Hiking,Hiking,loro,chg_lag5,shap_mean_abs,0.0,momentum
NOR_15Y,5,LORO_Hiking,Hiking,loro,carry_roll,shap_mean_abs,0.0005978233530186117,carry_roll
NOR_15Y,5,LORO_Hiking,Hiking,loro,mom_63d,shap_mean_abs,0.00012185006926301867,momentum
NOR_15Y,5,LORO_Hiking,Hiking,loro,mom_1m,shap_mean_abs,0.00024103114265017211,momentum
NOR_15Y,5,LORO_Hiking,Hiking,loro,mom_3m,shap_mean_abs,0.0,momentum
NOR_15Y,5,LORO_Hiking,Hiking,loro,mom_6m,shap_mean_abs,0.0,momentum
NOR_15Y,5,LORO_Hiking,Hiking,loro,mom_12m,shap_mean_abs,0.0006637500482611358,momentum
NOR_15Y,5,LORO_Hiking,Hiking,loro,dev_ma_3m,shap_mean_abs,0.0001963740069186315,curve
NOR_15Y,5,LORO_Hiking,Hiking,loro,dev_ma_12m,shap_mean_abs,0.000745681463740766,curve
NOR_15Y,5,LORO_Hiking,Hiking,loro,vol_20d,shap_mean_abs,0.0008570747449994087,vol
NOR_15Y,5,LORO_Hiking,Hiking,loro,vol_regime,shap_mean_abs,0.0,vol
NOR_15Y,5,LORO_Hiking,Hiking,loro,vol_zscore,shap_mean_abs,0.0,vol
NOR_15Y,5,LORO_Hiking,Hiking,loro,level_zscore,shap_mean_abs,0.00020838735508732498,curve
NOR_15Y,5,LORO_Hiking,Hiking,loro,slope_10_1,shap_mean_abs,6.299266533460468e-05,curve
NOR_15Y,5,LORO_Hiking,Hiking,loro,slope_10_5,shap_mean_abs,0.0,curve
NOR_15Y,5,LORO_Hiking,Hiking,loro,slope_5_1,shap_mean_abs,0.00040257041109725833,curve
NOR_15Y,5,LORO_Hiking,Hiking,loro,sofr_mom_1m,shap_mean_abs,0.0006889499491080642,macro
NOR_15Y,5,LORO_Hiking,Hiking,loro,ibor_level,shap_mean_abs,0.0,macro
NOR_15Y,5,LORO_Hiking,Hiking,loro,ibor_chg_1d,shap_mean_abs,0.00015755544882267714,macro
NOR_15Y,5,LORO_Hiking,Hiking,loro,ibor_mom_1m,shap_mean_abs,2.8665019272011705e-05,macro
NOR_15Y,5,LORO_Hiking,Hiking,loro,ibor_term_slope,shap_mean_abs,0.001102024340070784,macro
NOR_15Y,5,LORO_Hiking,Hiking,loro,swap_ibor_basis,shap_mean_abs,0.00023405204410664737,curve
NOR_15Y,5,LORO_Hiking,Hiking,loro,move_level,shap_mean_abs,0.0,vol
NOR_15Y,5,LORO_Hiking,Hiking,loro,move_zscore,shap_mean_abs,0.00017315465083811432,vol
NOR_15Y,5,LORO_Hiking,Hiking,loro,vix_level,shap_mean_abs,0.0,vol
NOR_15Y,5,LORO_Hiking,Hiking,loro,vix_zscore,shap_mean_abs,0.0,vol
NOR_15Y,5,LORO_Hiking,Hiking,loro,v2x_level,shap_mean_abs,0.0,vol
NOR_15Y,5,LORO_Hiking,Hiking,loro,vxn_level,shap_mean_abs,7.917286711744964e-05,vol
NOR_15Y,5,LORO_Hiking,Hiking,loro,ovx_level,shap_mean_abs,0.0,vol
NOR_15Y,5,LORO_Hiking,Hiking,loro,gvz_level,shap_mean_abs,3.701667446875945e-05,vol
NOR_15Y,5,LORO_Hiking,Hiking,loro,spx_mom_1m,shap_mean_abs,0.0003728956216946244,macro
NOR_15Y,5,LORO_Hiking,Hiking,loro,spx_mom_3m,shap_mean_abs,0.00024433733779005706,macro
NOR_15Y,5,LORO_Hiking,Hiking,loro,sx5e_mom_1m,shap_mean_abs,1.8659382476471364e-05,macro
NOR_15Y,5,LORO_Hiking,Hiking,loro,sx5e_mom_3m,shap_mean_abs,0.0,macro
NOR_15Y,5,LORO_Hiking,Hiking,loro,mxwo_mom_1m,shap_mean_abs,7.869199180277064e-05,macro
NOR_15Y,5,LORO_Hiking,Hiking,loro,ndx_mom_1m,shap_mean_abs,0.00019938935292884707,macro
NOR_15Y,5,LORO_Hiking,Hiking,loro,oil_mom_1m,shap_mean_abs,0.00108724448364228,macro
NOR_15Y,5,LORO_Hiking,Hiking,loro,oil_mom_3m,shap_mean_abs,0.00045561083243228495,macro
NOR_15Y,5,LORO_Hiking,Hiking,loro,copper_mom_1m,shap_mean_abs,0.0,macro
NOR_15Y,5,LORO_Hiking,Hiking,loro,opec_prod,shap_mean_abs,0.0,macro
NOR_15Y,5,LORO_Hiking,Hiking,loro,natgas_mom_1m,shap_mean_abs,0.0,macro
NOR_15Y,5,LORO_Hiking,Hiking,loro,be5y_level,shap_mean_abs,1.3701501302421093e-05,macro
NOR_15Y,5,LORO_Hiking,Hiking,loro,be10y_level,shap_mean_abs,0.0001933028397615999,macro
NOR_15Y,5,LORO_Hiking,Hiking,loro,be_slope,shap_mean_abs,0.0,macro
NOR_15Y,5,LORO_Hiking,Hiking,loro,be5y_chg_1m,shap_mean_abs,0.0,macro
NOR_15Y,5,LORO_Hiking,Hiking,loro,ig_spread,shap_mean_abs,0.0,credit
NOR_15Y,5,LORO_Hiking,Hiking,loro,hy_spread,shap_mean_abs,0.0,credit
NOR_15Y,5,LORO_Hiking,Hiking,loro,ig_chg_1m,shap_mean_abs,0.0,credit
NOR_15Y,5,LORO_Hiking,Hiking,loro,hy_chg_1m,shap_mean_abs,0.0,credit
NOR_15Y,5,LORO_Hiking,Hiking,loro,cpi_yoy,shap_mean_abs,0.0,macro
NOR_15Y,5,LORO_Hiking,Hiking,loro,pce_core_chg,shap_mean_abs,0.0,macro
NOR_15Y,5,LORO_Hiking,Hiking,loro,nfp_change,shap_mean_abs,0.0,macro
NOR_15Y,5,LORO_Hiking,Hiking,loro,pmi_us,shap_mean_abs,2.55746617767727e-05,macro
NOR_15Y,5,LORO_Hiking,Hiking,loro,pmi_eur,shap_mean_abs,0.0,macro
NOR_15Y,5,LORO_Hiking,Hiking,loro,unemp_eur,shap_mean_abs,0.0,macro
NOR_15Y,5,LORO_Hiking,Hiking,loro,cpi_nsa_level,shap_mean_abs,0.0,macro
NOR_15Y,5,LORO_Hiking,Hiking,loro,pce_core_level,shap_mean_abs,0.0,macro
NOR_15Y,5,LORO_Hiking,Hiking,loro,eur_3m,shap_mean_abs,0.0,macro
NOR_15Y,5,LORO_Hiking,Hiking,loro,eur_1w,shap_mean_abs,0.0,macro
NOR_15Y,5,LORO_Hiking,Hiking,loro,nor_ibor_1m,shap_mean_abs,0.0,norway
NOR_15Y,5,LORO_Hiking,Hiking,loro,nor_ibor_6m,shap_mean_abs,0.0,norway
NOR_15Y,5,LORO_Hiking,Hiking,loro,nor_ecb_dfr_chg,shap_mean_abs,2.4041346478043124e-05,norway
NOR_15Y,5,LORO_Hiking,Hiking,loro,nor_ecb_dfr_level,shap_mean_abs,0.0,norway
NOR_15Y,5,LORO_Hiking,Hiking,loro,nor_eurnok_chg_1d,shap_mean_abs,5.762199725722894e-05,norway
NOR_15Y,5,LORO_Hiking,Hiking,loro,nor_eurnok_level,shap_mean_abs,0.0,norway
NOR_15Y,5,LORO_Hiking,Hiking,loro,nor_eurnok_mom_1m,shap_mean_abs,0.0,norway
NOR_15Y,5,LORO_Hiking,Hiking,loro,nor_eurnok_mom_3m,shap_mean_abs,0.0,norway
NOR_15Y,5,LORO_Hiking,Hiking,loro,nor_eurnok_rvol_20d,shap_mean_abs,0.00012549276289064437,norway
NOR_15Y,5,LORO_Hiking,Hiking,loro,nor_govt_10y,shap_mean_abs,0.0,norway
NOR_15Y,5,LORO_Hiking,Hiking,loro,nor_govt_3y,shap_mean_abs,0.0,norway
NOR_15Y,5,LORO_Hiking,Hiking,loro,nor_govt_5y,shap_mean_abs,0.007392785977572203,norway
NOR_15Y,5,LORO_Hiking,Hiking,loro,nor_i44_chg_1d,shap_mean_abs,0.0,norway
NOR_15Y,5,LORO_Hiking,Hiking,loro,nor_i44_level,shap_mean_abs,0.0,norway
NOR_15Y,5,LORO_Hiking,Hiking,loro,nor_i44_mom_1m,shap_mean_abs,0.0,norway
NOR_15Y,5,LORO_Hiking,Hiking,loro,nor_i44_mom_3m,shap_mean_abs,0.0004655350639950484,norway
NOR_15Y,5,LORO_Hiking,Hiking,loro,nor_i44_rvol_20d,shap_mean_abs,0.0,norway
NOR_15Y,5,LORO_Hiking,Hiking,loro,nor_kpi_yoy,shap_mean_abs,0.0,norway
NOR_15Y,5,LORO_Hiking,Hiking,loro,nor_kpijae_yoy,shap_mean_abs,0.0,norway
NOR_15Y,5,LORO_Hiking,Hiking,loro,nor_nibor_nowa_spread,shap_mean_abs,5.937982859904878e-05,norway
NOR_15Y,5,LORO_Hiking,Hiking,loro,nor_nowa_level,shap_mean_abs,0.00975182093679905,norway
NOR_15Y,5,LORO_Hiking,Hiking,loro,nor_polrate_chg_1d,shap_mean_abs,0.0,norway
NOR_15Y,5,LORO_Hiking,Hiking,loro,nor_polrate_days_since_chg,shap_mean_abs,0.0,norway
NOR_15Y,5,LORO_Hiking,Hiking,loro,nor_polrate_level,shap_mean_abs,0.0,norway
NOR_15Y,5,LORO_Hiking,Hiking,loro,nor_rb_rate_chg,shap_mean_abs,0.0,norway
NOR_15Y,5,LORO_Hiking,Hiking,loro,nor_rb_rate_level,shap_mean_abs,0.0,norway
NOR_15Y,5,LORO_Hiking,Hiking,loro,nor_unemp,shap_mean_abs,0.0,norway
NOR_15Y,5,LORO_Hiking,Hiking,loro,nor_usdnok_chg_1d,shap_mean_abs,0.0,norway
NOR_15Y,5,LORO_Hiking,Hiking,loro,nor_usdnok_level,shap_mean_abs,0.00023090992181096226,norway
NOR_15Y,5,LORO_Hiking,Hiking,loro,nor_usdnok_mom_1m,shap_mean_abs,0.00013637074152939022,norway
NOR_15Y,5,LORO_Hiking,Hiking,loro,nor_usdnok_mom_3m,shap_mean_abs,0.0008616523118689656,norway
NOR_15Y,5,LORO_Hiking,Hiking,loro,nor_usdnok_rvol_20d,shap_mean_abs,7.527198613388464e-05,norway
NOR_15Y,5,LORO_Hiking,Hiking,loro,swap_govt_spread,shap_mean_abs,0.0,norway
NOR_15Y,5,LORO_Hiking,Hiking,loro,xmpca_01,shap_mean_abs,0.0,cross_market
NOR_15Y,5,LORO_Hiking,Hiking,loro,xmpca_02,shap_mean_abs,0.0,cross_market
NOR_15Y,5,LORO_Hiking,Hiking,loro,xmpca_03,shap_mean_abs,0.0,cross_market
NOR_15Y,5,LORO_Hiking,Hiking,loro,xmpca_04,shap_mean_abs,0.0,cross_market
NOR_15Y,5,LORO_Hiking,Hiking,loro,xmpca_05,shap_mean_abs,0.0,cross_market
NOR_15Y,5,LORO_Hiking,Hiking,loro,xmpca_06,shap_mean_abs,7.064607052598149e-05,cross_market
NOR_15Y,5,LORO_Hiking,Hiking,loro,xmpca_07,shap_mean_abs,1.0879204637603834e-05,cross_market
NOR_15Y,5,LORO_Hiking,Hiking,loro,xmpca_08,shap_mean_abs,0.0001032262880471535,cross_market
NOR_15Y,5,LORO_Hiking,Hiking,loro,xmpca_09,shap_mean_abs,0.0,cross_market
NOR_15Y,5,LORO_Hiking,Hiking,loro,xmpca_10,shap_mean_abs,0.0,cross_market
NOR_15Y,5,LORO_Hiking,Hiking,loro,xmpca_11,shap_mean_abs,0.0,cross_market
NOR_15Y,5,LORO_Hiking,Hiking,loro,xmpca_12,shap_mean_abs,0.0,cross_market
NOR_1Y,5,LORO_GFC,GFC,loro,chg_lag1,gain,0.0,momentum
NOR_1Y,5,LORO_GFC,GFC,loro,chg_lag2,gain,0.0,momentum
NOR_1Y,5,LORO_GFC,GFC,loro,chg_lag3,gain,0.0,momentum
NOR_1Y,5,LORO_GFC,GFC,loro,chg_lag4,gain,0.0,momentum
NOR_1Y,5,LORO_GFC,GFC,loro,chg_lag5,gain,0.0,momentum
NOR_1Y,5,LORO_GFC,GFC,loro,carry_roll,gain,0.0,carry_roll
NOR_1Y,5,LORO_GFC,GFC,loro,mom_63d,gain,0.08800110220909119,momentum
NOR_1Y,5,LORO_GFC,GFC,loro,mom_1m,gain,0.0,momentum
NOR_1Y,5,LORO_GFC,GFC,loro,mom_3m,gain,0.14298422634601593,momentum
NOR_1Y,5,LORO_GFC,GFC,loro,mom_6m,gain,0.0,momentum
NOR_1Y,5,LORO_GFC,GFC,loro,mom_12m,gain,0.0,momentum
NOR_1Y,5,LORO_GFC,GFC,loro,dev_ma_3m,gain,0.11266441643238068,curve
NOR_1Y,5,LORO_GFC,GFC,loro,dev_ma_12m,gain,0.0,curve
NOR_1Y,5,LORO_GFC,GFC,loro,vol_20d,gain,0.0871758684515953,vol
NOR_1Y,5,LORO_GFC,GFC,loro,vol_regime,gain,0.0,vol
NOR_1Y,5,LORO_GFC,GFC,loro,vol_zscore,gain,0.0,vol
NOR_1Y,5,LORO_GFC,GFC,loro,level_zscore,gain,0.0,curve
NOR_1Y,5,LORO_GFC,GFC,loro,slope_10_1,gain,0.0,curve
NOR_1Y,5,LORO_GFC,GFC,loro,slope_10_5,gain,0.0,curve
NOR_1Y,5,LORO_GFC,GFC,loro,slope_5_1,gain,0.0,curve
NOR_1Y,5,LORO_GFC,GFC,loro,sofr_mom_1m,gain,0.0,macro
NOR_1Y,5,LORO_GFC,GFC,loro,ibor_level,gain,0.05022904649376869,macro
NOR_1Y,5,LORO_GFC,GFC,loro,ibor_chg_1d,gain,0.0,macro
NOR_1Y,5,LORO_GFC,GFC,loro,ibor_mom_1m,gain,0.07773274183273315,macro
NOR_1Y,5,LORO_GFC,GFC,loro,ibor_term_slope,gain,0.03835286945104599,macro
NOR_1Y,5,LORO_GFC,GFC,loro,swap_ibor_basis,gain,0.0,curve
NOR_1Y,5,LORO_GFC,GFC,loro,move_level,gain,0.0,vol
NOR_1Y,5,LORO_GFC,GFC,loro,move_zscore,gain,0.0,vol
NOR_1Y,5,LORO_GFC,GFC,loro,vix_level,gain,0.0,vol
NOR_1Y,5,LORO_GFC,GFC,loro,vix_zscore,gain,0.0,vol
NOR_1Y,5,LORO_GFC,GFC,loro,v2x_level,gain,0.0,vol
NOR_1Y,5,LORO_GFC,GFC,loro,vxn_level,gain,0.0,vol
NOR_1Y,5,LORO_GFC,GFC,loro,ovx_level,gain,0.0,vol
NOR_1Y,5,LORO_GFC,GFC,loro,gvz_level,gain,0.0,vol
NOR_1Y,5,LORO_GFC,GFC,loro,spx_mom_1m,gain,0.08352180570363998,macro
NOR_1Y,5,LORO_GFC,GFC,loro,spx_mom_3m,gain,0.052045028656721115,macro
NOR_1Y,5,LORO_GFC,GFC,loro,sx5e_mom_1m,gain,0.0,macro
NOR_1Y,5,LORO_GFC,GFC,loro,sx5e_mom_3m,gain,0.0,macro
NOR_1Y,5,LORO_GFC,GFC,loro,mxwo_mom_1m,gain,0.03876142203807831,macro
NOR_1Y,5,LORO_GFC,GFC,loro,ndx_mom_1m,gain,0.0,macro
NOR_1Y,5,LORO_GFC,GFC,loro,oil_mom_1m,gain,0.0,macro
NOR_1Y,5,LORO_GFC,GFC,loro,oil_mom_3m,gain,0.0,macro
NOR_1Y,5,LORO_GFC,GFC,loro,copper_mom_1m,gain,0.0,macro
NOR_1Y,5,LORO_GFC,GFC,loro,opec_prod,gain,0.0,macro
NOR_1Y,5,LORO_GFC,GFC,loro,natgas_mom_1m,gain,0.07170843333005905,macro
NOR_1Y,5,LORO_GFC,GFC,loro,be5y_level,gain,0.034878578037023544,macro
NOR_1Y,5,LORO_GFC,GFC,loro,be10y_level,gain,0.0,macro
NOR_1Y,5,LORO_GFC,GFC,loro,be_slope,gain,0.0,macro
NOR_1Y,5,LORO_GFC,GFC,loro,be5y_chg_1m,gain,0.0,macro
NOR_1Y,5,LORO_GFC,GFC,loro,ig_spread,gain,0.0,credit
NOR_1Y,5,LORO_GFC,GFC,loro,hy_spread,gain,0.10798878967761993,credit
NOR_1Y,5,LORO_GFC,GFC,loro,ig_chg_1m,gain,0.0,credit
NOR_1Y,5,LORO_GFC,GFC,loro,hy_chg_1m,gain,0.0,credit
NOR_1Y,5,LORO_GFC,GFC,loro,cpi_yoy,gain,0.16083581745624542,macro
NOR_1Y,5,LORO_GFC,GFC,loro,pce_core_chg,gain,0.0,macro
NOR_1Y,5,LORO_GFC,GFC,loro,nfp_change,gain,0.0,macro
NOR_1Y,5,LORO_GFC,GFC,loro,pmi_us,gain,0.0,macro
NOR_1Y,5,LORO_GFC,GFC,loro,pmi_eur,gain,0.08219507336616516,macro
NOR_1Y,5,LORO_GFC,GFC,loro,unemp_eur,gain,0.0,macro
NOR_1Y,5,LORO_GFC,GFC,loro,cpi_nsa_level,gain,0.0,macro
NOR_1Y,5,LORO_GFC,GFC,loro,pce_core_level,gain,0.0,macro
NOR_1Y,5,LORO_GFC,GFC,loro,eur_3m,gain,0.0,macro
NOR_1Y,5,LORO_GFC,GFC,loro,eur_1w,gain,0.0,macro
NOR_1Y,5,LORO_GFC,GFC,loro,nor_ibor_1m,gain,0.0,norway
NOR_1Y,5,LORO_GFC,GFC,loro,nor_ibor_6m,gain,0.0,norway
NOR_1Y,5,LORO_GFC,GFC,loro,nor_ecb_dfr_chg,gain,0.0,norway
NOR_1Y,5,LORO_GFC,GFC,loro,nor_ecb_dfr_level,gain,0.0,norway
NOR_1Y,5,LORO_GFC,GFC,loro,nor_eurnok_chg_1d,gain,0.0,norway
NOR_1Y,5,LORO_GFC,GFC,loro,nor_eurnok_level,gain,0.01601133495569229,norway
NOR_1Y,5,LORO_GFC,GFC,loro,nor_eurnok_mom_1m,gain,0.0,norway
NOR_1Y,5,LORO_GFC,GFC,loro,nor_eurnok_mom_3m,gain,0.0,norway
NOR_1Y,5,LORO_GFC,GFC,loro,nor_eurnok_rvol_20d,gain,0.0,norway
NOR_1Y,5,LORO_GFC,GFC,loro,nor_govt_10y,gain,0.0,norway
NOR_1Y,5,LORO_GFC,GFC,loro,nor_govt_3y,gain,0.15036648511886597,norway
NOR_1Y,5,LORO_GFC,GFC,loro,nor_govt_5y,gain,0.0,norway
NOR_1Y,5,LORO_GFC,GFC,loro,nor_i44_chg_1d,gain,0.0,norway
NOR_1Y,5,LORO_GFC,GFC,loro,nor_i44_level,gain,0.0,norway
NOR_1Y,5,LORO_GFC,GFC,loro,nor_i44_mom_1m,gain,0.1161218136548996,norway
NOR_1Y,5,LORO_GFC,GFC,loro,nor_i44_mom_3m,gain,0.0,norway
NOR_1Y,5,LORO_GFC,GFC,loro,nor_i44_rvol_20d,gain,0.0,norway
NOR_1Y,5,LORO_GFC,GFC,loro,nor_kpi_yoy,gain,0.06252428144216537,norway
NOR_1Y,5,LORO_GFC,GFC,loro,nor_kpijae_yoy,gain,0.0,norway
NOR_1Y,5,LORO_GFC,GFC,loro,nor_nibor_nowa_spread,gain,0.04029535874724388,norway
NOR_1Y,5,LORO_GFC,GFC,loro,nor_nowa_level,gain,0.0,norway
NOR_1Y,5,LORO_GFC,GFC,loro,nor_polrate_chg_1d,gain,0.0,norway
NOR_1Y,5,LORO_GFC,GFC,loro,nor_polrate_days_since_chg,gain,0.03973889350891113,norway
NOR_1Y,5,LORO_GFC,GFC,loro,nor_polrate_level,gain,0.0,norway
NOR_1Y,5,LORO_GFC,GFC,loro,nor_rb_rate_chg,gain,0.0,norway
NOR_1Y,5,LORO_GFC,GFC,loro,nor_rb_rate_level,gain,0.0,norway
NOR_1Y,5,LORO_GFC,GFC,loro,nor_unemp,gain,0.0,norway
NOR_1Y,5,LORO_GFC,GFC,loro,nor_usdnok_chg_1d,gain,0.0,norway
NOR_1Y,5,LORO_GFC,GFC,loro,nor_usdnok_level,gain,0.0694536566734314,norway
NOR_1Y,5,LORO_GFC,GFC,loro,nor_usdnok_mom_1m,gain,0.0,norway
NOR_1Y,5,LORO_GFC,GFC,loro,nor_usdnok_mom_3m,gain,0.0,norway
NOR_1Y,5,LORO_GFC,GFC,loro,nor_usdnok_rvol_20d,gain,0.05394291877746582,norway
NOR_1Y,5,LORO_GFC,GFC,loro,swap_govt_spread,gain,0.0,norway
NOR_1Y,5,LORO_GFC,GFC,loro,xmpca_01,gain,0.0,cross_market
NOR_1Y,5,LORO_GFC,GFC,loro,xmpca_02,gain,0.037733044475317,cross_market
NOR_1Y,5,LORO_GFC,GFC,loro,xmpca_03,gain,0.0,cross_market
NOR_1Y,5,LORO_GFC,GFC,loro,xmpca_04,gain,0.0,cross_market
NOR_1Y,5,LORO_GFC,GFC,loro,xmpca_05,gain,0.0,cross_market
NOR_1Y,5,LORO_GFC,GFC,loro,xmpca_06,gain,0.0,cross_market
NOR_1Y,5,LORO_GFC,GFC,loro,xmpca_07,gain,0.0,cross_market
NOR_1Y,5,LORO_GFC,GFC,loro,xmpca_08,gain,0.0,cross_market
NOR_1Y,5,LORO_GFC,GFC,loro,xmpca_09,gain,0.0,cross_market
NOR_1Y,5,LORO_GFC,GFC,loro,xmpca_10,gain,0.0,cross_market
NOR_1Y,5,LORO_GFC,GFC,loro,xmpca_11,gain,0.0,cross_market
NOR_1Y,5,LORO_GFC,GFC,loro,xmpca_12,gain,0.0,cross_market
NOR_1Y,5,LORO_GFC,GFC,loro,chg_lag1,weight,0.0,momentum
NOR_1Y,5,LORO_GFC,GFC,loro,chg_lag2,weight,0.0,momentum
NOR_1Y,5,LORO_GFC,GFC,loro,chg_lag3,weight,0.0,momentum
NOR_1Y,5,LORO_GFC,GFC,loro,chg_lag4,weight,0.0,momentum
NOR_1Y,5,LORO_GFC,GFC,loro,chg_lag5,weight,0.0,momentum
NOR_1Y,5,LORO_GFC,GFC,loro,carry_roll,weight,0.0,carry_roll
NOR_1Y,5,LORO_GFC,GFC,loro,mom_63d,weight,2.0,momentum
NOR_1Y,5,LORO_GFC,GFC,loro,mom_1m,weight,0.0,momentum
NOR_1Y,5,LORO_GFC,GFC,loro,mom_3m,weight,4.0,momentum
NOR_1Y,5,LORO_GFC,GFC,loro,mom_6m,weight,0.0,momentum
NOR_1Y,5,LORO_GFC,GFC,loro,mom_12m,weight,0.0,momentum
NOR_1Y,5,LORO_GFC,GFC,loro,dev_ma_3m,weight,4.0,curve
NOR_1Y,5,LORO_GFC,GFC,loro,dev_ma_12m,weight,0.0,curve
NOR_1Y,5,LORO_GFC,GFC,loro,vol_20d,weight,2.0,vol
NOR_1Y,5,LORO_GFC,GFC,loro,vol_regime,weight,0.0,vol
NOR_1Y,5,LORO_GFC,GFC,loro,vol_zscore,weight,0.0,vol
NOR_1Y,5,LORO_GFC,GFC,loro,level_zscore,weight,0.0,curve
NOR_1Y,5,LORO_GFC,GFC,loro,slope_10_1,weight,0.0,curve
NOR_1Y,5,LORO_GFC,GFC,loro,slope_10_5,weight,0.0,curve
NOR_1Y,5,LORO_GFC,GFC,loro,slope_5_1,weight,0.0,curve
NOR_1Y,5,LORO_GFC,GFC,loro,sofr_mom_1m,weight,0.0,macro
NOR_1Y,5,LORO_GFC,GFC,loro,ibor_level,weight,3.0,macro
NOR_1Y,5,LORO_GFC,GFC,loro,ibor_chg_1d,weight,0.0,macro
NOR_1Y,5,LORO_GFC,GFC,loro,ibor_mom_1m,weight,1.0,macro
NOR_1Y,5,LORO_GFC,GFC,loro,ibor_term_slope,weight,1.0,macro
NOR_1Y,5,LORO_GFC,GFC,loro,swap_ibor_basis,weight,0.0,curve
NOR_1Y,5,LORO_GFC,GFC,loro,move_level,weight,0.0,vol
NOR_1Y,5,LORO_GFC,GFC,loro,move_zscore,weight,0.0,vol
NOR_1Y,5,LORO_GFC,GFC,loro,vix_level,weight,0.0,vol
NOR_1Y,5,LORO_GFC,GFC,loro,vix_zscore,weight,0.0,vol
NOR_1Y,5,LORO_GFC,GFC,loro,v2x_level,weight,0.0,vol
NOR_1Y,5,LORO_GFC,GFC,loro,vxn_level,weight,0.0,vol
NOR_1Y,5,LORO_GFC,GFC,loro,ovx_level,weight,0.0,vol
NOR_1Y,5,LORO_GFC,GFC,loro,gvz_level,weight,0.0,vol
NOR_1Y,5,LORO_GFC,GFC,loro,spx_mom_1m,weight,3.0,macro
NOR_1Y,5,LORO_GFC,GFC,loro,spx_mom_3m,weight,1.0,macro
NOR_1Y,5,LORO_GFC,GFC,loro,sx5e_mom_1m,weight,0.0,macro
NOR_1Y,5,LORO_GFC,GFC,loro,sx5e_mom_3m,weight,0.0,macro
NOR_1Y,5,LORO_GFC,GFC,loro,mxwo_mom_1m,weight,1.0,macro
NOR_1Y,5,LORO_GFC,GFC,loro,ndx_mom_1m,weight,0.0,macro
NOR_1Y,5,LORO_GFC,GFC,loro,oil_mom_1m,weight,0.0,macro
NOR_1Y,5,LORO_GFC,GFC,loro,oil_mom_3m,weight,0.0,macro
NOR_1Y,5,LORO_GFC,GFC,loro,copper_mom_1m,weight,0.0,macro
NOR_1Y,5,LORO_GFC,GFC,loro,opec_prod,weight,0.0,macro
NOR_1Y,5,LORO_GFC,GFC,loro,natgas_mom_1m,weight,3.0,macro
NOR_1Y,5,LORO_GFC,GFC,loro,be5y_level,weight,1.0,macro
NOR_1Y,5,LORO_GFC,GFC,loro,be10y_level,weight,0.0,macro
NOR_1Y,5,LORO_GFC,GFC,loro,be_slope,weight,0.0,macro
NOR_1Y,5,LORO_GFC,GFC,loro,be5y_chg_1m,weight,0.0,macro
NOR_1Y,5,LORO_GFC,GFC,loro,ig_spread,weight,0.0,credit
NOR_1Y,5,LORO_GFC,GFC,loro,hy_spread,weight,2.0,credit
NOR_1Y,5,LORO_GFC,GFC,loro,ig_chg_1m,weight,0.0,credit
NOR_1Y,5,LORO_GFC,GFC,loro,hy_chg_1m,weight,0.0,credit
NOR_1Y,5,LORO_GFC,GFC,loro,cpi_yoy,weight,1.0,macro
NOR_1Y,5,LORO_GFC,GFC,loro,pce_core_chg,weight,0.0,macro
NOR_1Y,5,LORO_GFC,GFC,loro,nfp_change,weight,0.0,macro
NOR_1Y,5,LORO_GFC,GFC,loro,pmi_us,weight,0.0,macro
NOR_1Y,5,LORO_GFC,GFC,loro,pmi_eur,weight,1.0,macro
NOR_1Y,5,LORO_GFC,GFC,loro,unemp_eur,weight,0.0,macro
NOR_1Y,5,LORO_GFC,GFC,loro,cpi_nsa_level,weight,0.0,macro
NOR_1Y,5,LORO_GFC,GFC,loro,pce_core_level,weight,0.0,macro
NOR_1Y,5,LORO_GFC,GFC,loro,eur_3m,weight,0.0,macro
NOR_1Y,5,LORO_GFC,GFC,loro,eur_1w,weight,0.0,macro
NOR_1Y,5,LORO_GFC,GFC,loro,nor_ibor_1m,weight,0.0,norway
NOR_1Y,5,LORO_GFC,GFC,loro,nor_ibor_6m,weight,0.0,norway
NOR_1Y,5,LORO_GFC,GFC,loro,nor_ecb_dfr_chg,weight,0.0,norway
NOR_1Y,5,LORO_GFC,GFC,loro,nor_ecb_dfr_level,weight,0.0,norway
NOR_1Y,5,LORO_GFC,GFC,loro,nor_eurnok_chg_1d,weight,0.0,norway
NOR_1Y,5,LORO_GFC,GFC,loro,nor_eurnok_level,weight,1.0,norway
NOR_1Y,5,LORO_GFC,GFC,loro,nor_eurnok_mom_1m,weight,0.0,norway
NOR_1Y,5,LORO_GFC,GFC,loro,nor_eurnok_mom_3m,weight,0.0,norway
NOR_1Y,5,LORO_GFC,GFC,loro,nor_eurnok_rvol_20d,weight,0.0,norway
NOR_1Y,5,LORO_GFC,GFC,loro,nor_govt_10y,weight,0.0,norway
NOR_1Y,5,LORO_GFC,GFC,loro,nor_govt_3y,weight,1.0,norway
NOR_1Y,5,LORO_GFC,GFC,loro,nor_govt_5y,weight,0.0,norway
NOR_1Y,5,LORO_GFC,GFC,loro,nor_i44_chg_1d,weight,0.0,norway
NOR_1Y,5,LORO_GFC,GFC,loro,nor_i44_level,weight,0.0,norway
NOR_1Y,5,LORO_GFC,GFC,loro,nor_i44_mom_1m,weight,1.0,norway
NOR_1Y,5,LORO_GFC,GFC,loro,nor_i44_mom_3m,weight,0.0,norway
NOR_1Y,5,LORO_GFC,GFC,loro,nor_i44_rvol_20d,weight,0.0,norway
NOR_1Y,5,LORO_GFC,GFC,loro,nor_kpi_yoy,weight,1.0,norway
NOR_1Y,5,LORO_GFC,GFC,loro,nor_kpijae_yoy,weight,0.0,norway
NOR_1Y,5,LORO_GFC,GFC,loro,nor_nibor_nowa_spread,weight,1.0,norway
NOR_1Y,5,LORO_GFC,GFC,loro,nor_nowa_level,weight,0.0,norway
NOR_1Y,5,LORO_GFC,GFC,loro,nor_polrate_chg_1d,weight,0.0,norway
NOR_1Y,5,LORO_GFC,GFC,loro,nor_polrate_days_since_chg,weight,2.0,norway
NOR_1Y,5,LORO_GFC,GFC,loro,nor_polrate_level,weight,0.0,norway
NOR_1Y,5,LORO_GFC,GFC,loro,nor_rb_rate_chg,weight,0.0,norway
NOR_1Y,5,LORO_GFC,GFC,loro,nor_rb_rate_level,weight,0.0,norway
NOR_1Y,5,LORO_GFC,GFC,loro,nor_unemp,weight,0.0,norway
NOR_1Y,5,LORO_GFC,GFC,loro,nor_usdnok_chg_1d,weight,0.0,norway
NOR_1Y,5,LORO_GFC,GFC,loro,nor_usdnok_level,weight,1.0,norway
NOR_1Y,5,LORO_GFC,GFC,loro,nor_usdnok_mom_1m,weight,0.0,norway
NOR_1Y,5,LORO_GFC,GFC,loro,nor_usdnok_mom_3m,weight,0.0,norway
NOR_1Y,5,LORO_GFC,GFC,loro,nor_usdnok_rvol_20d,weight,1.0,norway
NOR_1Y,5,LORO_GFC,GFC,loro,swap_govt_spread,weight,0.0,norway
NOR_1Y,5,LORO_GFC,GFC,loro,xmpca_01,weight,0.0,cross_market
NOR_1Y,5,LORO_GFC,GFC,loro,xmpca_02,weight,2.0,cross_market
NOR_1Y,5,LORO_GFC,GFC,loro,xmpca_03,weight,0.0,cross_market
NOR_1Y,5,LORO_GFC,GFC,loro,xmpca_04,weight,0.0,cross_market
NOR_1Y,5,LORO_GFC,GFC,loro,xmpca_05,weight,0.0,cross_market
NOR_1Y,5,LORO_GFC,GFC,loro,xmpca_06,weight,0.0,cross_market
NOR_1Y,5,LORO_GFC,GFC,loro,xmpca_07,weight,0.0,cross_market
NOR_1Y,5,LORO_GFC,GFC,loro,xmpca_08,weight,0.0,cross_market
NOR_1Y,5,LORO_GFC,GFC,loro,xmpca_09,weight,0.0,cross_market
NOR_1Y,5,LORO_GFC,GFC,loro,xmpca_10,weight,0.0,cross_market
NOR_1Y,5,LORO_GFC,GFC,loro,xmpca_11,weight,0.0,cross_market
NOR_1Y,5,LORO_GFC,GFC,loro,xmpca_12,weight,0.0,cross_market
NOR_1Y,5,LORO_GFC,GFC,loro,chg_lag1,cover,0.0,momentum
NOR_1Y,5,LORO_GFC,GFC,loro,chg_lag2,cover,0.0,momentum
NOR_1Y,5,LORO_GFC,GFC,loro,chg_lag3,cover,0.0,momentum
NOR_1Y,5,LORO_GFC,GFC,loro,chg_lag4,cover,0.0,momentum
NOR_1Y,5,LORO_GFC,GFC,loro,chg_lag5,cover,0.0,momentum
NOR_1Y,5,LORO_GFC,GFC,loro,carry_roll,cover,0.0,carry_roll
NOR_1Y,5,LORO_GFC,GFC,loro,mom_63d,cover,903.0,momentum
NOR_1Y,5,LORO_GFC,GFC,loro,mom_1m,cover,0.0,momentum
NOR_1Y,5,LORO_GFC,GFC,loro,mom_3m,cover,1788.75,momentum
NOR_1Y,5,LORO_GFC,GFC,loro,mom_6m,cover,0.0,momentum
NOR_1Y,5,LORO_GFC,GFC,loro,mom_12m,cover,0.0,momentum
NOR_1Y,5,LORO_GFC,GFC,loro,dev_ma_3m,cover,1537.0,curve
NOR_1Y,5,LORO_GFC,GFC,loro,dev_ma_12m,cover,0.0,curve
NOR_1Y,5,LORO_GFC,GFC,loro,vol_20d,cover,828.5,vol
NOR_1Y,5,LORO_GFC,GFC,loro,vol_regime,cover,0.0,vol
NOR_1Y,5,LORO_GFC,GFC,loro,vol_zscore,cover,0.0,vol
NOR_1Y,5,LORO_GFC,GFC,loro,level_zscore,cover,0.0,curve
NOR_1Y,5,LORO_GFC,GFC,loro,slope_10_1,cover,0.0,curve
NOR_1Y,5,LORO_GFC,GFC,loro,slope_10_5,cover,0.0,curve
NOR_1Y,5,LORO_GFC,GFC,loro,slope_5_1,cover,0.0,curve
NOR_1Y,5,LORO_GFC,GFC,loro,sofr_mom_1m,cover,0.0,macro
NOR_1Y,5,LORO_GFC,GFC,loro,ibor_level,cover,1365.6666259765625,macro
NOR_1Y,5,LORO_GFC,GFC,loro,ibor_chg_1d,cover,0.0,macro
NOR_1Y,5,LORO_GFC,GFC,loro,ibor_mom_1m,cover,34.0,macro
NOR_1Y,5,LORO_GFC,GFC,loro,ibor_term_slope,cover,1492.0,macro
NOR_1Y,5,LORO_GFC,GFC,loro,swap_ibor_basis,cover,0.0,curve
NOR_1Y,5,LORO_GFC,GFC,loro,move_level,cover,0.0,vol
NOR_1Y,5,LORO_GFC,GFC,loro,move_zscore,cover,0.0,vol
NOR_1Y,5,LORO_GFC,GFC,loro,vix_level,cover,0.0,vol
NOR_1Y,5,LORO_GFC,GFC,loro,vix_zscore,cover,0.0,vol
NOR_1Y,5,LORO_GFC,GFC,loro,v2x_level,cover,0.0,vol
NOR_1Y,5,LORO_GFC,GFC,loro,vxn_level,cover,0.0,vol
NOR_1Y,5,LORO_GFC,GFC,loro,ovx_level,cover,0.0,vol
NOR_1Y,5,LORO_GFC,GFC,loro,gvz_level,cover,0.0,vol
NOR_1Y,5,LORO_GFC,GFC,loro,spx_mom_1m,cover,552.0,macro
NOR_1Y,5,LORO_GFC,GFC,loro,spx_mom_3m,cover,200.0,macro
NOR_1Y,5,LORO_GFC,GFC,loro,sx5e_mom_1m,cover,0.0,macro
NOR_1Y,5,LORO_GFC,GFC,loro,sx5e_mom_3m,cover,0.0,macro
NOR_1Y,5,LORO_GFC,GFC,loro,mxwo_mom_1m,cover,144.0,macro
NOR_1Y,5,LORO_GFC,GFC,loro,ndx_mom_1m,cover,0.0,macro
NOR_1Y,5,LORO_GFC,GFC,loro,oil_mom_1m,cover,0.0,macro
NOR_1Y,5,LORO_GFC,GFC,loro,oil_mom_3m,cover,0.0,macro
NOR_1Y,5,LORO_GFC,GFC,loro,copper_mom_1m,cover,0.0,macro
NOR_1Y,5,LORO_GFC,GFC,loro,opec_prod,cover,0.0,macro
NOR_1Y,5,LORO_GFC,GFC,loro,natgas_mom_1m,cover,297.0,macro
NOR_1Y,5,LORO_GFC,GFC,loro,be5y_level,cover,1487.0,macro
NOR_1Y,5,LORO_GFC,GFC,loro,be10y_level,cover,0.0,macro
NOR_1Y,5,LORO_GFC,GFC,loro,be_slope,cover,0.0,macro
NOR_1Y,5,LORO_GFC,GFC,loro,be5y_chg_1m,cover,0.0,macro
NOR_1Y,5,LORO_GFC,GFC,loro,ig_spread,cover,0.0,credit
NOR_1Y,5,LORO_GFC,GFC,loro,hy_spread,cover,355.5,credit
NOR_1Y,5,LORO_GFC,GFC,loro,ig_chg_1m,cover,0.0,credit
NOR_1Y,5,LORO_GFC,GFC,loro,hy_chg_1m,cover,0.0,credit
NOR_1Y,5,LORO_GFC,GFC,loro,cpi_yoy,cover,1831.0,macro
NOR_1Y,5,LORO_GFC,GFC,loro,pce_core_chg,cover,0.0,macro
NOR_1Y,5,LORO_GFC,GFC,loro,nfp_change,cover,0.0,macro
NOR_1Y,5,LORO_GFC,GFC,loro,pmi_us,cover,0.0,macro
NOR_1Y,5,LORO_GFC,GFC,loro,pmi_eur,cover,311.0,macro
NOR_1Y,5,LORO_GFC,GFC,loro,unemp_eur,cover,0.0,macro
NOR_1Y,5,LORO_GFC,GFC,loro,cpi_nsa_level,cover,0.0,macro
NOR_1Y,5,LORO_GFC,GFC,loro,pce_core_level,cover,0.0,macro
NOR_1Y,5,LORO_GFC,GFC,loro,eur_3m,cover,0.0,macro
NOR_1Y,5,LORO_GFC,GFC,loro,eur_1w,cover,0.0,macro
NOR_1Y,5,LORO_GFC,GFC,loro,nor_ibor_1m,cover,0.0,norway
NOR_1Y,5,LORO_GFC,GFC,loro,nor_ibor_6m,cover,0.0,norway
NOR_1Y,5,LORO_GFC,GFC,loro,nor_ecb_dfr_chg,cover,0.0,norway
NOR_1Y,5,LORO_GFC,GFC,loro,nor_ecb_dfr_level,cover,0.0,norway
NOR_1Y,5,LORO_GFC,GFC,loro,nor_eurnok_chg_1d,cover,0.0,norway
NOR_1Y,5,LORO_GFC,GFC,loro,nor_eurnok_level,cover,73.0,norway
NOR_1Y,5,LORO_GFC,GFC,loro,nor_eurnok_mom_1m,cover,0.0,norway
NOR_1Y,5,LORO_GFC,GFC,loro,nor_eurnok_mom_3m,cover,0.0,norway
NOR_1Y,5,LORO_GFC,GFC,loro,nor_eurnok_rvol_20d,cover,0.0,norway
NOR_1Y,5,LORO_GFC,GFC,loro,nor_govt_10y,cover,0.0,norway
NOR_1Y,5,LORO_GFC,GFC,loro,nor_govt_3y,cover,235.0,norway
NOR_1Y,5,LORO_GFC,GFC,loro,nor_govt_5y,cover,0.0,norway
NOR_1Y,5,LORO_GFC,GFC,loro,nor_i44_chg_1d,cover,0.0,norway
NOR_1Y,5,LORO_GFC,GFC,loro,nor_i44_level,cover,0.0,norway
NOR_1Y,5,LORO_GFC,GFC,loro,nor_i44_mom_1m,cover,382.0,norway
NOR_1Y,5,LORO_GFC,GFC,loro,nor_i44_mom_3m,cover,0.0,norway
NOR_1Y,5,LORO_GFC,GFC,loro,nor_i44_rvol_20d,cover,0.0,norway
NOR_1Y,5,LORO_GFC,GFC,loro,nor_kpi_yoy,cover,314.0,norway
NOR_1Y,5,LORO_GFC,GFC,loro,nor_kpijae_yoy,cover,0.0,norway
NOR_1Y,5,LORO_GFC,GFC,loro,nor_nibor_nowa_spread,cover,1514.0,norway
NOR_1Y,5,LORO_GFC,GFC,loro,nor_nowa_level,cover,0.0,norway
NOR_1Y,5,LORO_GFC,GFC,loro,nor_polrate_chg_1d,cover,0.0,norway
NOR_1Y,5,LORO_GFC,GFC,loro,nor_polrate_days_since_chg,cover,76.5,norway
NOR_1Y,5,LORO_GFC,GFC,loro,nor_polrate_level,cover,0.0,norway
NOR_1Y,5,LORO_GFC,GFC,loro,nor_rb_rate_chg,cover,0.0,norway
NOR_1Y,5,LORO_GFC,GFC,loro,nor_rb_rate_level,cover,0.0,norway
NOR_1Y,5,LORO_GFC,GFC,loro,nor_unemp,cover,0.0,norway
NOR_1Y,5,LORO_GFC,GFC,loro,nor_usdnok_chg_1d,cover,0.0,norway
NOR_1Y,5,LORO_GFC,GFC,loro,nor_usdnok_level,cover,147.0,norway
NOR_1Y,5,LORO_GFC,GFC,loro,nor_usdnok_mom_1m,cover,0.0,norway
NOR_1Y,5,LORO_GFC,GFC,loro,nor_usdnok_mom_3m,cover,0.0,norway
NOR_1Y,5,LORO_GFC,GFC,loro,nor_usdnok_rvol_20d,cover,114.0,norway
NOR_1Y,5,LORO_GFC,GFC,loro,swap_govt_spread,cover,0.0,norway
NOR_1Y,5,LORO_GFC,GFC,loro,xmpca_01,cover,0.0,cross_market
NOR_1Y,5,LORO_GFC,GFC,loro,xmpca_02,cover,10.5,cross_market
NOR_1Y,5,LORO_GFC,GFC,loro,xmpca_03,cover,0.0,cross_market
NOR_1Y,5,LORO_GFC,GFC,loro,xmpca_04,cover,0.0,cross_market
NOR_1Y,5,LORO_GFC,GFC,loro,xmpca_05,cover,0.0,cross_market
NOR_1Y,5,LORO_GFC,GFC,loro,xmpca_06,cover,0.0,cross_market
NOR_1Y,5,LORO_GFC,GFC,loro,xmpca_07,cover,0.0,cross_market
NOR_1Y,5,LORO_GFC,GFC,loro,xmpca_08,cover,0.0,cross_market
NOR_1Y,5,LORO_GFC,GFC,loro,xmpca_09,cover,0.0,cross_market
NOR_1Y,5,LORO_GFC,GFC,loro,xmpca_10,cover,0.0,cross_market
NOR_1Y,5,LORO_GFC,GFC,loro,xmpca_11,cover,0.0,cross_market
NOR_1Y,5,LORO_GFC,GFC,loro,xmpca_12,cover,0.0,cross_market
NOR_1Y,5,LORO_GFC,GFC,loro,chg_lag1,total_gain,0.0,momentum
NOR_1Y,5,LORO_GFC,GFC,loro,chg_lag2,total_gain,0.0,momentum
NOR_1Y,5,LORO_GFC,GFC,loro,chg_lag3,total_gain,0.0,momentum
NOR_1Y,5,LORO_GFC,GFC,loro,chg_lag4,total_gain,0.0,momentum
NOR_1Y,5,LORO_GFC,GFC,loro,chg_lag5,total_gain,0.0,momentum
NOR_1Y,5,LORO_GFC,GFC,loro,carry_roll,total_gain,0.0,carry_roll
NOR_1Y,5,LORO_GFC,GFC,loro,mom_63d,total_gain,0.17600220441818237,momentum
NOR_1Y,5,LORO_GFC,GFC,loro,mom_1m,total_gain,0.0,momentum
NOR_1Y,5,LORO_GFC,GFC,loro,mom_3m,total_gain,0.5719369053840637,momentum
NOR_1Y,5,LORO_GFC,GFC,loro,mom_6m,total_gain,0.0,momentum
NOR_1Y,5,LORO_GFC,GFC,loro,mom_12m,total_gain,0.0,momentum
NOR_1Y,5,LORO_GFC,GFC,loro,dev_ma_3m,total_gain,0.4506576657295227,curve
NOR_1Y,5,LORO_GFC,GFC,loro,dev_ma_12m,total_gain,0.0,curve
NOR_1Y,5,LORO_GFC,GFC,loro,vol_20d,total_gain,0.1743517369031906,vol
NOR_1Y,5,LORO_GFC,GFC,loro,vol_regime,total_gain,0.0,vol
NOR_1Y,5,LORO_GFC,GFC,loro,vol_zscore,total_gain,0.0,vol
NOR_1Y,5,LORO_GFC,GFC,loro,level_zscore,total_gain,0.0,curve
NOR_1Y,5,LORO_GFC,GFC,loro,slope_10_1,total_gain,0.0,curve
NOR_1Y,5,LORO_GFC,GFC,loro,slope_10_5,total_gain,0.0,curve
NOR_1Y,5,LORO_GFC,GFC,loro,slope_5_1,total_gain,0.0,curve
NOR_1Y,5,LORO_GFC,GFC,loro,sofr_mom_1m,total_gain,0.0,macro
NOR_1Y,5,LORO_GFC,GFC,loro,ibor_level,total_gain,0.15068714320659637,macro
NOR_1Y,5,LORO_GFC,GFC,loro,ibor_chg_1d,total_gain,0.0,macro
NOR_1Y,5,LORO_GFC,GFC,loro,ibor_mom_1m,total_gain,0.07773274183273315,macro
NOR_1Y,5,LORO_GFC,GFC,loro,ibor_term_slope,total_gain,0.03835286945104599,macro
NOR_1Y,5,LORO_GFC,GFC,loro,swap_ibor_basis,total_gain,0.0,curve
NOR_1Y,5,LORO_GFC,GFC,loro,move_level,total_gain,0.0,vol
NOR_1Y,5,LORO_GFC,GFC,loro,move_zscore,total_gain,0.0,vol
NOR_1Y,5,LORO_GFC,GFC,loro,vix_level,total_gain,0.0,vol
NOR_1Y,5,LORO_GFC,GFC,loro,vix_zscore,total_gain,0.0,vol
NOR_1Y,5,LORO_GFC,GFC,loro,v2x_level,total_gain,0.0,vol
NOR_1Y,5,LORO_GFC,GFC,loro,vxn_level,total_gain,0.0,vol
NOR_1Y,5,LORO_GFC,GFC,loro,ovx_level,total_gain,0.0,vol
NOR_1Y,5,LORO_GFC,GFC,loro,gvz_level,total_gain,0.0,vol
NOR_1Y,5,LORO_GFC,GFC,loro,spx_mom_1m,total_gain,0.25056540966033936,macro
NOR_1Y,5,LORO_GFC,GFC,loro,spx_mom_3m,total_gain,0.052045028656721115,macro
NOR_1Y,5,LORO_GFC,GFC,loro,sx5e_mom_1m,total_gain,0.0,macro
NOR_1Y,5,LORO_GFC,GFC,loro,sx5e_mom_3m,total_gain,0.0,macro
NOR_1Y,5,LORO_GFC,GFC,loro,mxwo_mom_1m,total_gain,0.03876142203807831,macro
NOR_1Y,5,LORO_GFC,GFC,loro,ndx_mom_1m,total_gain,0.0,macro
NOR_1Y,5,LORO_GFC,GFC,loro,oil_mom_1m,total_gain,0.0,macro
NOR_1Y,5,LORO_GFC,GFC,loro,oil_mom_3m,total_gain,0.0,macro
NOR_1Y,5,LORO_GFC,GFC,loro,copper_mom_1m,total_gain,0.0,macro
NOR_1Y,5,LORO_GFC,GFC,loro,opec_prod,total_gain,0.0,macro
NOR_1Y,5,LORO_GFC,GFC,loro,natgas_mom_1m,total_gain,0.21512529253959656,macro
NOR_1Y,5,LORO_GFC,GFC,loro,be5y_level,total_gain,0.034878578037023544,macro
NOR_1Y,5,LORO_GFC,GFC,loro,be10y_level,total_gain,0.0,macro
NOR_1Y,5,LORO_GFC,GFC,loro,be_slope,total_gain,0.0,macro
NOR_1Y,5,LORO_GFC,GFC,loro,be5y_chg_1m,total_gain,0.0,macro
NOR_1Y,5,LORO_GFC,GFC,loro,ig_spread,total_gain,0.0,credit
NOR_1Y,5,LORO_GFC,GFC,loro,hy_spread,total_gain,0.21597757935523987,credit
NOR_1Y,5,LORO_GFC,GFC,loro,ig_chg_1m,total_gain,0.0,credit
NOR_1Y,5,LORO_GFC,GFC,loro,hy_chg_1m,total_gain,0.0,credit
NOR_1Y,5,LORO_GFC,GFC,loro,cpi_yoy,total_gain,0.16083581745624542,macro
NOR_1Y,5,LORO_GFC,GFC,loro,pce_core_chg,total_gain,0.0,macro
NOR_1Y,5,LORO_GFC,GFC,loro,nfp_change,total_gain,0.0,macro
NOR_1Y,5,LORO_GFC,GFC,loro,pmi_us,total_gain,0.0,macro
NOR_1Y,5,LORO_GFC,GFC,loro,pmi_eur,total_gain,0.08219507336616516,macro
NOR_1Y,5,LORO_GFC,GFC,loro,unemp_eur,total_gain,0.0,macro
NOR_1Y,5,LORO_GFC,GFC,loro,cpi_nsa_level,total_gain,0.0,macro
NOR_1Y,5,LORO_GFC,GFC,loro,pce_core_level,total_gain,0.0,macro
NOR_1Y,5,LORO_GFC,GFC,loro,eur_3m,total_gain,0.0,macro
NOR_1Y,5,LORO_GFC,GFC,loro,eur_1w,total_gain,0.0,macro
NOR_1Y,5,LORO_GFC,GFC,loro,nor_ibor_1m,total_gain,0.0,norway
NOR_1Y,5,LORO_GFC,GFC,loro,nor_ibor_6m,total_gain,0.0,norway
NOR_1Y,5,LORO_GFC,GFC,loro,nor_ecb_dfr_chg,total_gain,0.0,norway
NOR_1Y,5,LORO_GFC,GFC,loro,nor_ecb_dfr_level,total_gain,0.0,norway
NOR_1Y,5,LORO_GFC,GFC,loro,nor_eurnok_chg_1d,total_gain,0.0,norway
NOR_1Y,5,LORO_GFC,GFC,loro,nor_eurnok_level,total_gain,0.01601133495569229,norway
NOR_1Y,5,LORO_GFC,GFC,loro,nor_eurnok_mom_1m,total_gain,0.0,norway
NOR_1Y,5,LORO_GFC,GFC,loro,nor_eurnok_mom_3m,total_gain,0.0,norway
NOR_1Y,5,LORO_GFC,GFC,loro,nor_eurnok_rvol_20d,total_gain,0.0,norway
NOR_1Y,5,LORO_GFC,GFC,loro,nor_govt_10y,total_gain,0.0,norway
NOR_1Y,5,LORO_GFC,GFC,loro,nor_govt_3y,total_gain,0.15036648511886597,norway
NOR_1Y,5,LORO_GFC,GFC,loro,nor_govt_5y,total_gain,0.0,norway
NOR_1Y,5,LORO_GFC,GFC,loro,nor_i44_chg_1d,total_gain,0.0,norway
NOR_1Y,5,LORO_GFC,GFC,loro,nor_i44_level,total_gain,0.0,norway
NOR_1Y,5,LORO_GFC,GFC,loro,nor_i44_mom_1m,total_gain,0.1161218136548996,norway
NOR_1Y,5,LORO_GFC,GFC,loro,nor_i44_mom_3m,total_gain,0.0,norway
NOR_1Y,5,LORO_GFC,GFC,loro,nor_i44_rvol_20d,total_gain,0.0,norway
NOR_1Y,5,LORO_GFC,GFC,loro,nor_kpi_yoy,total_gain,0.06252428144216537,norway
NOR_1Y,5,LORO_GFC,GFC,loro,nor_kpijae_yoy,total_gain,0.0,norway
NOR_1Y,5,LORO_GFC,GFC,loro,nor_nibor_nowa_spread,total_gain,0.04029535874724388,norway
NOR_1Y,5,LORO_GFC,GFC,loro,nor_nowa_level,total_gain,0.0,norway
NOR_1Y,5,LORO_GFC,GFC,loro,nor_polrate_chg_1d,total_gain,0.0,norway
NOR_1Y,5,LORO_GFC,GFC,loro,nor_polrate_days_since_chg,total_gain,0.07947778701782227,norway
NOR_1Y,5,LORO_GFC,GFC,loro,nor_polrate_level,total_gain,0.0,norway
NOR_1Y,5,LORO_GFC,GFC,loro,nor_rb_rate_chg,total_gain,0.0,norway
NOR_1Y,5,LORO_GFC,GFC,loro,nor_rb_rate_level,total_gain,0.0,norway
NOR_1Y,5,LORO_GFC,GFC,loro,nor_unemp,total_gain,0.0,norway
NOR_1Y,5,LORO_GFC,GFC,loro,nor_usdnok_chg_1d,total_gain,0.0,norway
NOR_1Y,5,LORO_GFC,GFC,loro,nor_usdnok_level,total_gain,0.0694536566734314,norway
NOR_1Y,5,LORO_GFC,GFC,loro,nor_usdnok_mom_1m,total_gain,0.0,norway
NOR_1Y,5,LORO_GFC,GFC,loro,nor_usdnok_mom_3m,total_gain,0.0,norway
NOR_1Y,5,LORO_GFC,GFC,loro,nor_usdnok_rvol_20d,total_gain,0.05394291877746582,norway
NOR_1Y,5,LORO_GFC,GFC,loro,swap_govt_spread,total_gain,0.0,norway
NOR_1Y,5,LORO_GFC,GFC,loro,xmpca_01,total_gain,0.0,cross_market
NOR_1Y,5,LORO_GFC,GFC,loro,xmpca_02,total_gain,0.075466088950634,cross_market
NOR_1Y,5,LORO_GFC,GFC,loro,xmpca_03,total_gain,0.0,cross_market
NOR_1Y,5,LORO_GFC,GFC,loro,xmpca_04,total_gain,0.0,cross_market
NOR_1Y,5,LORO_GFC,GFC,loro,xmpca_05,total_gain,0.0,cross_market
NOR_1Y,5,LORO_GFC,GFC,loro,xmpca_06,total_gain,0.0,cross_market
NOR_1Y,5,LORO_GFC,GFC,loro,xmpca_07,total_gain,0.0,cross_market
NOR_1Y,5,LORO_GFC,GFC,loro,xmpca_08,total_gain,0.0,cross_market
NOR_1Y,5,LORO_GFC,GFC,loro,xmpca_09,total_gain,0.0,cross_market
NOR_1Y,5,LORO_GFC,GFC,loro,xmpca_10,total_gain,0.0,cross_market
NOR_1Y,5,LORO_GFC,GFC,loro,xmpca_11,total_gain,0.0,cross_market
NOR_1Y,5,LORO_GFC,GFC,loro,xmpca_12,total_gain,0.0,cross_market
NOR_1Y,5,LORO_GFC,GFC,loro,chg_lag1,total_cover,0.0,momentum
NOR_1Y,5,LORO_GFC,GFC,loro,chg_lag2,total_cover,0.0,momentum
NOR_1Y,5,LORO_GFC,GFC,loro,chg_lag3,total_cover,0.0,momentum
NOR_1Y,5,LORO_GFC,GFC,loro,chg_lag4,total_cover,0.0,momentum
NOR_1Y,5,LORO_GFC,GFC,loro,chg_lag5,total_cover,0.0,momentum
NOR_1Y,5,LORO_GFC,GFC,loro,carry_roll,total_cover,0.0,carry_roll
NOR_1Y,5,LORO_GFC,GFC,loro,mom_63d,total_cover,1806.0,momentum
NOR_1Y,5,LORO_GFC,GFC,loro,mom_1m,total_cover,0.0,momentum
NOR_1Y,5,LORO_GFC,GFC,loro,mom_3m,total_cover,7155.0,momentum
NOR_1Y,5,LORO_GFC,GFC,loro,mom_6m,total_cover,0.0,momentum
NOR_1Y,5,LORO_GFC,GFC,loro,mom_12m,total_cover,0.0,momentum
NOR_1Y,5,LORO_GFC,GFC,loro,dev_ma_3m,total_cover,6148.0,curve
NOR_1Y,5,LORO_GFC,GFC,loro,dev_ma_12m,total_cover,0.0,curve
NOR_1Y,5,LORO_GFC,GFC,loro,vol_20d,total_cover,1657.0,vol
NOR_1Y,5,LORO_GFC,GFC,loro,vol_regime,total_cover,0.0,vol
NOR_1Y,5,LORO_GFC,GFC,loro,vol_zscore,total_cover,0.0,vol
NOR_1Y,5,LORO_GFC,GFC,loro,level_zscore,total_cover,0.0,curve
NOR_1Y,5,LORO_GFC,GFC,loro,slope_10_1,total_cover,0.0,curve
NOR_1Y,5,LORO_GFC,GFC,loro,slope_10_5,total_cover,0.0,curve
NOR_1Y,5,LORO_GFC,GFC,loro,slope_5_1,total_cover,0.0,curve
NOR_1Y,5,LORO_GFC,GFC,loro,sofr_mom_1m,total_cover,0.0,macro
NOR_1Y,5,LORO_GFC,GFC,loro,ibor_level,total_cover,4097.0,macro
NOR_1Y,5,LORO_GFC,GFC,loro,ibor_chg_1d,total_cover,0.0,macro
NOR_1Y,5,LORO_GFC,GFC,loro,ibor_mom_1m,total_cover,34.0,macro
NOR_1Y,5,LORO_GFC,GFC,loro,ibor_term_slope,total_cover,1492.0,macro
NOR_1Y,5,LORO_GFC,GFC,loro,swap_ibor_basis,total_cover,0.0,curve
NOR_1Y,5,LORO_GFC,GFC,loro,move_level,total_cover,0.0,vol
NOR_1Y,5,LORO_GFC,GFC,loro,move_zscore,total_cover,0.0,vol
NOR_1Y,5,LORO_GFC,GFC,loro,vix_level,total_cover,0.0,vol
NOR_1Y,5,LORO_GFC,GFC,loro,vix_zscore,total_cover,0.0,vol
NOR_1Y,5,LORO_GFC,GFC,loro,v2x_level,total_cover,0.0,vol
NOR_1Y,5,LORO_GFC,GFC,loro,vxn_level,total_cover,0.0,vol
NOR_1Y,5,LORO_GFC,GFC,loro,ovx_level,total_cover,0.0,vol
NOR_1Y,5,LORO_GFC,GFC,loro,gvz_level,total_cover,0.0,vol
NOR_1Y,5,LORO_GFC,GFC,loro,spx_mom_1m,total_cover,1656.0,macro
NOR_1Y,5,LORO_GFC,GFC,loro,spx_mom_3m,total_cover,200.0,macro
NOR_1Y,5,LORO_GFC,GFC,loro,sx5e_mom_1m,total_cover,0.0,macro
NOR_1Y,5,LORO_GFC,GFC,loro,sx5e_mom_3m,total_cover,0.0,macro
NOR_1Y,5,LORO_GFC,GFC,loro,mxwo_mom_1m,total_cover,144.0,macro
NOR_1Y,5,LORO_GFC,GFC,loro,ndx_mom_1m,total_cover,0.0,macro
NOR_1Y,5,LORO_GFC,GFC,loro,oil_mom_1m,total_cover,0.0,macro
NOR_1Y,5,LORO_GFC,GFC,loro,oil_mom_3m,total_cover,0.0,macro
NOR_1Y,5,LORO_GFC,GFC,loro,copper_mom_1m,total_cover,0.0,macro
NOR_1Y,5,LORO_GFC,GFC,loro,opec_prod,total_cover,0.0,macro
NOR_1Y,5,LORO_GFC,GFC,loro,natgas_mom_1m,total_cover,891.0,macro
NOR_1Y,5,LORO_GFC,GFC,loro,be5y_level,total_cover,1487.0,macro
NOR_1Y,5,LORO_GFC,GFC,loro,be10y_level,total_cover,0.0,macro
NOR_1Y,5,LORO_GFC,GFC,loro,be_slope,total_cover,0.0,macro
NOR_1Y,5,LORO_GFC,GFC,loro,be5y_chg_1m,total_cover,0.0,macro
NOR_1Y,5,LORO_GFC,GFC,loro,ig_spread,total_cover,0.0,credit
NOR_1Y,5,LORO_GFC,GFC,loro,hy_spread,total_cover,711.0,credit
NOR_1Y,5,LORO_GFC,GFC,loro,ig_chg_1m,total_cover,0.0,credit
NOR_1Y,5,LORO_GFC,GFC,loro,hy_chg_1m,total_cover,0.0,credit
NOR_1Y,5,LORO_GFC,GFC,loro,cpi_yoy,total_cover,1831.0,macro
NOR_1Y,5,LORO_GFC,GFC,loro,pce_core_chg,total_cover,0.0,macro
NOR_1Y,5,LORO_GFC,GFC,loro,nfp_change,total_cover,0.0,macro
NOR_1Y,5,LORO_GFC,GFC,loro,pmi_us,total_cover,0.0,macro
NOR_1Y,5,LORO_GFC,GFC,loro,pmi_eur,total_cover,311.0,macro
NOR_1Y,5,LORO_GFC,GFC,loro,unemp_eur,total_cover,0.0,macro
NOR_1Y,5,LORO_GFC,GFC,loro,cpi_nsa_level,total_cover,0.0,macro
NOR_1Y,5,LORO_GFC,GFC,loro,pce_core_level,total_cover,0.0,macro
NOR_1Y,5,LORO_GFC,GFC,loro,eur_3m,total_cover,0.0,macro
NOR_1Y,5,LORO_GFC,GFC,loro,eur_1w,total_cover,0.0,macro
NOR_1Y,5,LORO_GFC,GFC,loro,nor_ibor_1m,total_cover,0.0,norway
NOR_1Y,5,LORO_GFC,GFC,loro,nor_ibor_6m,total_cover,0.0,norway
NOR_1Y,5,LORO_GFC,GFC,loro,nor_ecb_dfr_chg,total_cover,0.0,norway
NOR_1Y,5,LORO_GFC,GFC,loro,nor_ecb_dfr_level,total_cover,0.0,norway
NOR_1Y,5,LORO_GFC,GFC,loro,nor_eurnok_chg_1d,total_cover,0.0,norway
NOR_1Y,5,LORO_GFC,GFC,loro,nor_eurnok_level,total_cover,73.0,norway
NOR_1Y,5,LORO_GFC,GFC,loro,nor_eurnok_mom_1m,total_cover,0.0,norway
NOR_1Y,5,LORO_GFC,GFC,loro,nor_eurnok_mom_3m,total_cover,0.0,norway
NOR_1Y,5,LORO_GFC,GFC,loro,nor_eurnok_rvol_20d,total_cover,0.0,norway
NOR_1Y,5,LORO_GFC,GFC,loro,nor_govt_10y,total_cover,0.0,norway
NOR_1Y,5,LORO_GFC,GFC,loro,nor_govt_3y,total_cover,235.0,norway
NOR_1Y,5,LORO_GFC,GFC,loro,nor_govt_5y,total_cover,0.0,norway
NOR_1Y,5,LORO_GFC,GFC,loro,nor_i44_chg_1d,total_cover,0.0,norway
NOR_1Y,5,LORO_GFC,GFC,loro,nor_i44_level,total_cover,0.0,norway
NOR_1Y,5,LORO_GFC,GFC,loro,nor_i44_mom_1m,total_cover,382.0,norway
NOR_1Y,5,LORO_GFC,GFC,loro,nor_i44_mom_3m,total_cover,0.0,norway
NOR_1Y,5,LORO_GFC,GFC,loro,nor_i44_rvol_20d,total_cover,0.0,norway
NOR_1Y,5,LORO_GFC,GFC,loro,nor_kpi_yoy,total_cover,314.0,norway
NOR_1Y,5,LORO_GFC,GFC,loro,nor_kpijae_yoy,total_cover,0.0,norway
NOR_1Y,5,LORO_GFC,GFC,loro,nor_nibor_nowa_spread,total_cover,1514.0,norway
NOR_1Y,5,LORO_GFC,GFC,loro,nor_nowa_level,total_cover,0.0,norway
NOR_1Y,5,LORO_GFC,GFC,loro,nor_polrate_chg_1d,total_cover,0.0,norway
NOR_1Y,5,LORO_GFC,GFC,loro,nor_polrate_days_since_chg,total_cover,153.0,norway
NOR_1Y,5,LORO_GFC,GFC,loro,nor_polrate_level,total_cover,0.0,norway
NOR_1Y,5,LORO_GFC,GFC,loro,nor_rb_rate_chg,total_cover,0.0,norway
NOR_1Y,5,LORO_GFC,GFC,loro,nor_rb_rate_level,total_cover,0.0,norway
NOR_1Y,5,LORO_GFC,GFC,loro,nor_unemp,total_cover,0.0,norway
NOR_1Y,5,LORO_GFC,GFC,loro,nor_usdnok_chg_1d,total_cover,0.0,norway
NOR_1Y,5,LORO_GFC,GFC,loro,nor_usdnok_level,total_cover,147.0,norway
NOR_1Y,5,LORO_GFC,GFC,loro,nor_usdnok_mom_1m,total_cover,0.0,norway
NOR_1Y,5,LORO_GFC,GFC,loro,nor_usdnok_mom_3m,total_cover,0.0,norway
NOR_1Y,5,LORO_GFC,GFC,loro,nor_usdnok_rvol_20d,total_cover,114.0,norway
NOR_1Y,5,LORO_GFC,GFC,loro,swap_govt_spread,total_cover,0.0,norway
NOR_1Y,5,LORO_GFC,GFC,loro,xmpca_01,total_cover,0.0,cross_market
NOR_1Y,5,LORO_GFC,GFC,loro,xmpca_02,total_cover,21.0,cross_market
NOR_1Y,5,LORO_GFC,GFC,loro,xmpca_03,total_cover,0.0,cross_market
NOR_1Y,5,LORO_GFC,GFC,loro,xmpca_04,total_cover,0.0,cross_market
NOR_1Y,5,LORO_GFC,GFC,loro,xmpca_05,total_cover,0.0,cross_market
NOR_1Y,5,LORO_GFC,GFC,loro,xmpca_06,total_cover,0.0,cross_market
NOR_1Y,5,LORO_GFC,GFC,loro,xmpca_07,total_cover,0.0,cross_market
NOR_1Y,5,LORO_GFC,GFC,loro,xmpca_08,total_cover,0.0,cross_market
NOR_1Y,5,LORO_GFC,GFC,loro,xmpca_09,total_cover,0.0,cross_market
NOR_1Y,5,LORO_GFC,GFC,loro,xmpca_10,total_cover,0.0,cross_market
NOR_1Y,5,LORO_GFC,GFC,loro,xmpca_11,total_cover,0.0,cross_market
NOR_1Y,5,LORO_GFC,GFC,loro,xmpca_12,total_cover,0.0,cross_market
NOR_1Y,5,LORO_GFC,GFC,loro,chg_lag1,shap_mean_abs,0.0,momentum
NOR_1Y,5,LORO_GFC,GFC,loro,chg_lag2,shap_mean_abs,0.0,momentum
NOR_1Y,5,LORO_GFC,GFC,loro,chg_lag3,shap_mean_abs,0.0,momentum
NOR_1Y,5,LORO_GFC,GFC,loro,chg_lag4,shap_mean_abs,0.0,momentum
NOR_1Y,5,LORO_GFC,GFC,loro,chg_lag5,shap_mean_abs,0.0,momentum
NOR_1Y,5,LORO_GFC,GFC,loro,carry_roll,shap_mean_abs,0.0,carry_roll
NOR_1Y,5,LORO_GFC,GFC,loro,mom_63d,shap_mean_abs,0.0004677311808336526,momentum
NOR_1Y,5,LORO_GFC,GFC,loro,mom_1m,shap_mean_abs,0.0,momentum
NOR_1Y,5,LORO_GFC,GFC,loro,mom_3m,shap_mean_abs,0.0012654666788876057,momentum
NOR_1Y,5,LORO_GFC,GFC,loro,mom_6m,shap_mean_abs,0.0,momentum
NOR_1Y,5,LORO_GFC,GFC,loro,mom_12m,shap_mean_abs,0.0,momentum
NOR_1Y,5,LORO_GFC,GFC,loro,dev_ma_3m,shap_mean_abs,0.0007738244603388011,curve
NOR_1Y,5,LORO_GFC,GFC,loro,dev_ma_12m,shap_mean_abs,0.0,curve
NOR_1Y,5,LORO_GFC,GFC,loro,vol_20d,shap_mean_abs,0.00036759546492248774,vol
NOR_1Y,5,LORO_GFC,GFC,loro,vol_regime,shap_mean_abs,0.0,vol
NOR_1Y,5,LORO_GFC,GFC,loro,vol_zscore,shap_mean_abs,0.0,vol
NOR_1Y,5,LORO_GFC,GFC,loro,level_zscore,shap_mean_abs,0.0,curve
NOR_1Y,5,LORO_GFC,GFC,loro,slope_10_1,shap_mean_abs,0.0,curve
NOR_1Y,5,LORO_GFC,GFC,loro,slope_10_5,shap_mean_abs,0.0,curve
NOR_1Y,5,LORO_GFC,GFC,loro,slope_5_1,shap_mean_abs,0.0,curve
NOR_1Y,5,LORO_GFC,GFC,loro,sofr_mom_1m,shap_mean_abs,0.0,macro
NOR_1Y,5,LORO_GFC,GFC,loro,ibor_level,shap_mean_abs,0.0009320221724919975,macro
NOR_1Y,5,LORO_GFC,GFC,loro,ibor_chg_1d,shap_mean_abs,0.0,macro
NOR_1Y,5,LORO_GFC,GFC,loro,ibor_mom_1m,shap_mean_abs,0.00017280613246839494,macro
NOR_1Y,5,LORO_GFC,GFC,loro,ibor_term_slope,shap_mean_abs,2.9248472856124863e-05,macro
NOR_1Y,5,LORO_GFC,GFC,loro,swap_ibor_basis,shap_mean_abs,0.0,curve
NOR_1Y,5,LORO_GFC,GFC,loro,move_level,shap_mean_abs,0.0,vol
NOR_1Y,5,LORO_GFC,GFC,loro,move_zscore,shap_mean_abs,0.0,vol
NOR_1Y,5,LORO_GFC,GFC,loro,vix_level,shap_mean_abs,0.0,vol
NOR_1Y,5,LORO_GFC,GFC,loro,vix_zscore,shap_mean_abs,0.0,vol
NOR_1Y,5,LORO_GFC,GFC,loro,v2x_level,shap_mean_abs,0.0,vol
NOR_1Y,5,LORO_GFC,GFC,loro,vxn_level,shap_mean_abs,0.0,vol
NOR_1Y,5,LORO_GFC,GFC,loro,ovx_level,shap_mean_abs,0.0,vol
NOR_1Y,5,LORO_GFC,GFC,loro,gvz_level,shap_mean_abs,0.0,vol
NOR_1Y,5,LORO_GFC,GFC,loro,spx_mom_1m,shap_mean_abs,0.00016690439952071756,macro
NOR_1Y,5,LORO_GFC,GFC,loro,spx_mom_3m,shap_mean_abs,0.00011089724284829572,macro
NOR_1Y,5,LORO_GFC,GFC,loro,sx5e_mom_1m,shap_mean_abs,0.0,macro
NOR_1Y,5,LORO_GFC,GFC,loro,sx5e_mom_3m,shap_mean_abs,0.0,macro
NOR_1Y,5,LORO_GFC,GFC,loro,mxwo_mom_1m,shap_mean_abs,6.581385241588578e-05,macro
NOR_1Y,5,LORO_GFC,GFC,loro,ndx_mom_1m,shap_mean_abs,0.0,macro
NOR_1Y,5,LORO_GFC,GFC,loro,oil_mom_1m,shap_mean_abs,0.0,macro
NOR_1Y,5,LORO_GFC,GFC,loro,oil_mom_3m,shap_mean_abs,0.0,macro
NOR_1Y,5,LORO_GFC,GFC,loro,copper_mom_1m,shap_mean_abs,0.0,macro
NOR_1Y,5,LORO_GFC,GFC,loro,opec_prod,shap_mean_abs,0.0,macro
NOR_1Y,5,LORO_GFC,GFC,loro,natgas_mom_1m,shap_mean_abs,0.0005200974992476404,macro
NOR_1Y,5,LORO_GFC,GFC,loro,be5y_level,shap_mean_abs,5.595102265942842e-05,macro
NOR_1Y,5,LORO_GFC,GFC,loro,be10y_level,shap_mean_abs,0.0,macro
NOR_1Y,5,LORO_GFC,GFC,loro,be_slope,shap_mean_abs,0.0,macro
NOR_1Y,5,LORO_GFC,GFC,loro,be5y_chg_1m,shap_mean_abs,0.0,macro
NOR_1Y,5,LORO_GFC,GFC,loro,ig_spread,shap_mean_abs,0.0,credit
NOR_1Y,5,LORO_GFC,GFC,loro,hy_spread,shap_mean_abs,3.145442678942345e-05,credit
NOR_1Y,5,LORO_GFC,GFC,loro,ig_chg_1m,shap_mean_abs,0.0,credit
NOR_1Y,5,LORO_GFC,GFC,loro,hy_chg_1m,shap_mean_abs,0.0,credit
NOR_1Y,5,LORO_GFC,GFC,loro,cpi_yoy,shap_mean_abs,0.0004446494858711958,macro
NOR_1Y,5,LORO_GFC,GFC,loro,pce_core_chg,shap_mean_abs,0.0,macro
NOR_1Y,5,LORO_GFC,GFC,loro,nfp_change,shap_mean_abs,0.0,macro
NOR_1Y,5,LORO_GFC,GFC,loro,pmi_us,shap_mean_abs,0.0,macro
NOR_1Y,5,LORO_GFC,GFC,loro,pmi_eur,shap_mean_abs,0.00016050795966293663,macro
NOR_1Y,5,LORO_GFC,GFC,loro,unemp_eur,shap_mean_abs,0.0,macro
NOR_1Y,5,LORO_GFC,GFC,loro,cpi_nsa_level,shap_mean_abs,0.0,macro
NOR_1Y,5,LORO_GFC,GFC,loro,pce_core_level,shap_mean_abs,0.0,macro
NOR_1Y,5,LORO_GFC,GFC,loro,eur_3m,shap_mean_abs,0.0,macro
NOR_1Y,5,LORO_GFC,GFC,loro,eur_1w,shap_mean_abs,0.0,macro
NOR_1Y,5,LORO_GFC,GFC,loro,nor_ibor_1m,shap_mean_abs,0.0,norway
NOR_1Y,5,LORO_GFC,GFC,loro,nor_ibor_6m,shap_mean_abs,0.0,norway
NOR_1Y,5,LORO_GFC,GFC,loro,nor_ecb_dfr_chg,shap_mean_abs,0.0,norway
NOR_1Y,5,LORO_GFC,GFC,loro,nor_ecb_dfr_level,shap_mean_abs,0.0,norway
NOR_1Y,5,LORO_GFC,GFC,loro,nor_eurnok_chg_1d,shap_mean_abs,0.0,norway
NOR_1Y,5,LORO_GFC,GFC,loro,nor_eurnok_level,shap_mean_abs,2.1992642359691672e-05,norway
NOR_1Y,5,LORO_GFC,GFC,loro,nor_eurnok_mom_1m,shap_mean_abs,0.0,norway
NOR_1Y,5,LORO_GFC,GFC,loro,nor_eurnok_mom_3m,shap_mean_abs,0.0,norway
NOR_1Y,5,LORO_GFC,GFC,loro,nor_eurnok_rvol_20d,shap_mean_abs,0.0,norway
NOR_1Y,5,LORO_GFC,GFC,loro,nor_govt_10y,shap_mean_abs,0.0,norway
NOR_1Y,5,LORO_GFC,GFC,loro,nor_govt_3y,shap_mean_abs,5.077790410723537e-05,norway
NOR_1Y,5,LORO_GFC,GFC,loro,nor_govt_5y,shap_mean_abs,0.0,norway
NOR_1Y,5,LORO_GFC,GFC,loro,nor_i44_chg_1d,shap_mean_abs,0.0,norway
NOR_1Y,5,LORO_GFC,GFC,loro,nor_i44_level,shap_mean_abs,0.0,norway
NOR_1Y,5,LORO_GFC,GFC,loro,nor_i44_mom_1m,shap_mean_abs,7.319942233152688e-05,norway
NOR_1Y,5,LORO_GFC,GFC,loro,nor_i44_mom_3m,shap_mean_abs,0.0,norway
NOR_1Y,5,LORO_GFC,GFC,loro,nor_i44_rvol_20d,shap_mean_abs,0.0,norway
NOR_1Y,5,LORO_GFC,GFC,loro,nor_kpi_yoy,shap_mean_abs,0.00014895308413542807,norway
NOR_1Y,5,LORO_GFC,GFC,loro,nor_kpijae_yoy,shap_mean_abs,0.0,norway
NOR_1Y,5,LORO_GFC,GFC,loro,nor_nibor_nowa_spread,shap_mean_abs,0.00022297432587947696,norway
NOR_1Y,5,LORO_GFC,GFC,loro,nor_nowa_level,shap_mean_abs,0.0,norway
NOR_1Y,5,LORO_GFC,GFC,loro,nor_polrate_chg_1d,shap_mean_abs,0.0,norway
NOR_1Y,5,LORO_GFC,GFC,loro,nor_polrate_days_since_chg,shap_mean_abs,0.00016426955698989332,norway
NOR_1Y,5,LORO_GFC,GFC,loro,nor_polrate_level,shap_mean_abs,0.0,norway
NOR_1Y,5,LORO_GFC,GFC,loro,nor_rb_rate_chg,shap_mean_abs,0.0,norway
NOR_1Y,5,LORO_GFC,GFC,loro,nor_rb_rate_level,shap_mean_abs,0.0,norway
NOR_1Y,5,LORO_GFC,GFC,loro,nor_unemp,shap_mean_abs,0.0,norway
NOR_1Y,5,LORO_GFC,GFC,loro,nor_usdnok_chg_1d,shap_mean_abs,0.0,norway
NOR_1Y,5,LORO_GFC,GFC,loro,nor_usdnok_level,shap_mean_abs,6.70747976982966e-05,norway
NOR_1Y,5,LORO_GFC,GFC,loro,nor_usdnok_mom_1m,shap_mean_abs,0.0,norway
NOR_1Y,5,LORO_GFC,GFC,loro,nor_usdnok_mom_3m,shap_mean_abs,0.0,norway
NOR_1Y,5,LORO_GFC,GFC,loro,nor_usdnok_rvol_20d,shap_mean_abs,4.6963654313003644e-05,norway
NOR_1Y,5,LORO_GFC,GFC,loro,swap_govt_spread,shap_mean_abs,0.0,norway
NOR_1Y,5,LORO_GFC,GFC,loro,xmpca_01,shap_mean_abs,0.0,cross_market
NOR_1Y,5,LORO_GFC,GFC,loro,xmpca_02,shap_mean_abs,1.4234212358132936e-05,cross_market
NOR_1Y,5,LORO_GFC,GFC,loro,xmpca_03,shap_mean_abs,0.0,cross_market
NOR_1Y,5,LORO_GFC,GFC,loro,xmpca_04,shap_mean_abs,0.0,cross_market
NOR_1Y,5,LORO_GFC,GFC,loro,xmpca_05,shap_mean_abs,0.0,cross_market
NOR_1Y,5,LORO_GFC,GFC,loro,xmpca_06,shap_mean_abs,0.0,cross_market
NOR_1Y,5,LORO_GFC,GFC,loro,xmpca_07,shap_mean_abs,0.0,cross_market
NOR_1Y,5,LORO_GFC,GFC,loro,xmpca_08,shap_mean_abs,0.0,cross_market
NOR_1Y,5,LORO_GFC,GFC,loro,xmpca_09,shap_mean_abs,0.0,cross_market
NOR_1Y,5,LORO_GFC,GFC,loro,xmpca_10,shap_mean_abs,0.0,cross_market
NOR_1Y,5,LORO_GFC,GFC,loro,xmpca_11,shap_mean_abs,0.0,cross_market
NOR_1Y,5,LORO_GFC,GFC,loro,xmpca_12,shap_mean_abs,0.0,cross_market
NOR_1Y,5,LORO_ZIRP,ZIRP,loro,chg_lag1,gain,8.004368282854557e-05,momentum
NOR_1Y,5,LORO_ZIRP,ZIRP,loro,chg_lag2,gain,0.00041049494757317007,momentum
NOR_1Y,5,LORO_ZIRP,ZIRP,loro,chg_lag3,gain,0.023899376392364502,momentum
NOR_1Y,5,LORO_ZIRP,ZIRP,loro,chg_lag4,gain,0.0,momentum
NOR_1Y,5,LORO_ZIRP,ZIRP,loro,chg_lag5,gain,0.030520915985107422,momentum
NOR_1Y,5,LORO_ZIRP,ZIRP,loro,carry_roll,gain,0.0002908871974796057,carry_roll
NOR_1Y,5,LORO_ZIRP,ZIRP,loro,mom_63d,gain,0.0017540296539664268,momentum
NOR_1Y,5,LORO_ZIRP,ZIRP,loro,mom_1m,gain,0.1006753072142601,momentum
NOR_1Y,5,LORO_ZIRP,ZIRP,loro,mom_3m,gain,0.21568995714187622,momentum
NOR_1Y,5,LORO_ZIRP,ZIRP,loro,mom_6m,gain,0.0,momentum
NOR_1Y,5,LORO_ZIRP,ZIRP,loro,mom_12m,gain,0.0,momentum
NOR_1Y,5,LORO_ZIRP,ZIRP,loro,dev_ma_3m,gain,0.0,curve
NOR_1Y,5,LORO_ZIRP,ZIRP,loro,dev_ma_12m,gain,0.0,curve
NOR_1Y,5,LORO_ZIRP,ZIRP,loro,vol_20d,gain,0.0,vol
NOR_1Y,5,LORO_ZIRP,ZIRP,loro,vol_regime,gain,0.0,vol
NOR_1Y,5,LORO_ZIRP,ZIRP,loro,vol_zscore,gain,0.036380473524332047,vol
NOR_1Y,5,LORO_ZIRP,ZIRP,loro,level_zscore,gain,0.2248987853527069,curve
NOR_1Y,5,LORO_ZIRP,ZIRP,loro,slope_10_1,gain,0.0,curve
NOR_1Y,5,LORO_ZIRP,ZIRP,loro,slope_10_5,gain,0.0,curve
NOR_1Y,5,LORO_ZIRP,ZIRP,loro,slope_5_1,gain,0.0,curve
NOR_1Y,5,LORO_ZIRP,ZIRP,loro,sofr_mom_1m,gain,0.09206156432628632,macro
NOR_1Y,5,LORO_ZIRP,ZIRP,loro,ibor_level,gain,0.0,macro
NOR_1Y,5,LORO_ZIRP,ZIRP,loro,ibor_chg_1d,gain,0.07780063152313232,macro
NOR_1Y,5,LORO_ZIRP,ZIRP,loro,ibor_mom_1m,gain,0.0,macro
NOR_1Y,5,LORO_ZIRP,ZIRP,loro,ibor_term_slope,gain,0.0,macro
NOR_1Y,5,LORO_ZIRP,ZIRP,loro,swap_ibor_basis,gain,0.0,curve
NOR_1Y,5,LORO_ZIRP,ZIRP,loro,move_level,gain,0.21348746120929718,vol
NOR_1Y,5,LORO_ZIRP,ZIRP,loro,move_zscore,gain,0.0,vol
NOR_1Y,5,LORO_ZIRP,ZIRP,loro,vix_level,gain,0.0,vol
NOR_1Y,5,LORO_ZIRP,ZIRP,loro,vix_zscore,gain,0.0,vol
NOR_1Y,5,LORO_ZIRP,ZIRP,loro,v2x_level,gain,0.0,vol
NOR_1Y,5,LORO_ZIRP,ZIRP,loro,vxn_level,gain,0.0,vol
NOR_1Y,5,LORO_ZIRP,ZIRP,loro,ovx_level,gain,0.0,vol
NOR_1Y,5,LORO_ZIRP,ZIRP,loro,gvz_level,gain,0.803737998008728,vol
NOR_1Y,5,LORO_ZIRP,ZIRP,loro,spx_mom_1m,gain,0.027124814689159393,macro
NOR_1Y,5,LORO_ZIRP,ZIRP,loro,spx_mom_3m,gain,0.0,macro
NOR_1Y,5,LORO_ZIRP,ZIRP,loro,sx5e_mom_1m,gain,0.06768716871738434,macro
NOR_1Y,5,LORO_ZIRP,ZIRP,loro,sx5e_mom_3m,gain,0.0,macro
NOR_1Y,5,LORO_ZIRP,ZIRP,loro,mxwo_mom_1m,gain,0.03396470099687576,macro
NOR_1Y,5,LORO_ZIRP,ZIRP,loro,ndx_mom_1m,gain,0.0,macro
NOR_1Y,5,LORO_ZIRP,ZIRP,loro,oil_mom_1m,gain,0.0,macro
NOR_1Y,5,LORO_ZIRP,ZIRP,loro,oil_mom_3m,gain,0.0,macro
NOR_1Y,5,LORO_ZIRP,ZIRP,loro,copper_mom_1m,gain,0.03675774484872818,macro
NOR_1Y,5,LORO_ZIRP,ZIRP,loro,opec_prod,gain,0.0664525032043457,macro
NOR_1Y,5,LORO_ZIRP,ZIRP,loro,natgas_mom_1m,gain,0.0896655023097992,macro
NOR_1Y,5,LORO_ZIRP,ZIRP,loro,be5y_level,gain,0.0,macro
NOR_1Y,5,LORO_ZIRP,ZIRP,loro,be10y_level,gain,0.0,macro
NOR_1Y,5,LORO_ZIRP,ZIRP,loro,be_slope,gain,0.0,macro
NOR_1Y,5,LORO_ZIRP,ZIRP,loro,be5y_chg_1m,gain,0.0,macro
NOR_1Y,5,LORO_ZIRP,ZIRP,loro,ig_spread,gain,0.0,credit
NOR_1Y,5,LORO_ZIRP,ZIRP,loro,hy_spread,gain,0.0,credit
NOR_1Y,5,LORO_ZIRP,ZIRP,loro,ig_chg_1m,gain,0.0,credit
NOR_1Y,5,LORO_ZIRP,ZIRP,loro,hy_chg_1m,gain,0.0,credit
NOR_1Y,5,LORO_ZIRP,ZIRP,loro,cpi_yoy,gain,0.07309648394584656,macro
NOR_1Y,5,LORO_ZIRP,ZIRP,loro,pce_core_chg,gain,0.0,macro
NOR_1Y,5,LORO_ZIRP,ZIRP,loro,nfp_change,gain,0.0,macro
NOR_1Y,5,LORO_ZIRP,ZIRP,loro,pmi_us,gain,0.0,macro
NOR_1Y,5,LORO_ZIRP,ZIRP,loro,pmi_eur,gain,0.07513564825057983,macro
NOR_1Y,5,LORO_ZIRP,ZIRP,loro,unemp_eur,gain,0.0,macro
NOR_1Y,5,LORO_ZIRP,ZIRP,loro,cpi_nsa_level,gain,0.0,macro
NOR_1Y,5,LORO_ZIRP,ZIRP,loro,pce_core_level,gain,0.0,macro
NOR_1Y,5,LORO_ZIRP,ZIRP,loro,eur_3m,gain,0.0,macro
NOR_1Y,5,LORO_ZIRP,ZIRP,loro,eur_1w,gain,0.0,macro
NOR_1Y,5,LORO_ZIRP,ZIRP,loro,nor_ibor_1m,gain,0.0,norway
NOR_1Y,5,LORO_ZIRP,ZIRP,loro,nor_ibor_6m,gain,0.0,norway
NOR_1Y,5,LORO_ZIRP,ZIRP,loro,nor_ecb_dfr_chg,gain,0.0,norway
NOR_1Y,5,LORO_ZIRP,ZIRP,loro,nor_ecb_dfr_level,gain,0.0,norway
NOR_1Y,5,LORO_ZIRP,ZIRP,loro,nor_eurnok_chg_1d,gain,0.11458852887153625,norway
NOR_1Y,5,LORO_ZIRP,ZIRP,loro,nor_eurnok_level,gain,0.0,norway
NOR_1Y,5,LORO_ZIRP,ZIRP,loro,nor_eurnok_mom_1m,gain,0.0,norway
NOR_1Y,5,LORO_ZIRP,ZIRP,loro,nor_eurnok_mom_3m,gain,0.0,norway
NOR_1Y,5,LORO_ZIRP,ZIRP,loro,nor_eurnok_rvol_20d,gain,0.05818186700344086,norway
NOR_1Y,5,LORO_ZIRP,ZIRP,loro,nor_govt_10y,gain,0.0,norway
NOR_1Y,5,LORO_ZIRP,ZIRP,loro,nor_govt_3y,gain,0.0,norway
NOR_1Y,5,LORO_ZIRP,ZIRP,loro,nor_govt_5y,gain,0.0,norway
NOR_1Y,5,LORO_ZIRP,ZIRP,loro,nor_i44_chg_1d,gain,0.0,norway
NOR_1Y,5,LORO_ZIRP,ZIRP,loro,nor_i44_level,gain,0.0,norway
NOR_1Y,5,LORO_ZIRP,ZIRP,loro,nor_i44_mom_1m,gain,0.0,norway
NOR_1Y,5,LORO_ZIRP,ZIRP,loro,nor_i44_mom_3m,gain,0.0,norway
NOR_1Y,5,LORO_ZIRP,ZIRP,loro,nor_i44_rvol_20d,gain,0.07456228137016296,norway
NOR_1Y,5,LORO_ZIRP,ZIRP,loro,nor_kpi_yoy,gain,0.0,norway
NOR_1Y,5,LORO_ZIRP,ZIRP,loro,nor_kpijae_yoy,gain,0.0,norway
NOR_1Y,5,LORO_ZIRP,ZIRP,loro,nor_nibor_nowa_spread,gain,0.03390207141637802,norway
NOR_1Y,5,LORO_ZIRP,ZIRP,loro,nor_nowa_level,gain,0.0,norway
NOR_1Y,5,LORO_ZIRP,ZIRP,loro,nor_polrate_chg_1d,gain,0.0,norway
NOR_1Y,5,LORO_ZIRP,ZIRP,loro,nor_polrate_days_since_chg,gain,0.0,norway
NOR_1Y,5,LORO_ZIRP,ZIRP,loro,nor_polrate_level,gain,0.0,norway
NOR_1Y,5,LORO_ZIRP,ZIRP,loro,nor_rb_rate_chg,gain,0.0,norway
NOR_1Y,5,LORO_ZIRP,ZIRP,loro,nor_rb_rate_level,gain,0.0,norway
NOR_1Y,5,LORO_ZIRP,ZIRP,loro,nor_unemp,gain,0.0,norway
NOR_1Y,5,LORO_ZIRP,ZIRP,loro,nor_usdnok_chg_1d,gain,0.05246543884277344,norway
NOR_1Y,5,LORO_ZIRP,ZIRP,loro,nor_usdnok_level,gain,0.0,norway
NOR_1Y,5,LORO_ZIRP,ZIRP,loro,nor_usdnok_mom_1m,gain,0.0604744553565979,norway
NOR_1Y,5,LORO_ZIRP,ZIRP,loro,nor_usdnok_mom_3m,gain,0.02194461226463318,norway
NOR_1Y,5,LORO_ZIRP,ZIRP,loro,nor_usdnok_rvol_20d,gain,0.0,norway
NOR_1Y,5,LORO_ZIRP,ZIRP,loro,swap_govt_spread,gain,0.0,norway
NOR_1Y,5,LORO_ZIRP,ZIRP,loro,xmpca_01,gain,0.0,cross_market
NOR_1Y,5,LORO_ZIRP,ZIRP,loro,xmpca_02,gain,0.0,cross_market
NOR_1Y,5,LORO_ZIRP,ZIRP,loro,xmpca_03,gain,0.0,cross_market
NOR_1Y,5,LORO_ZIRP,ZIRP,loro,xmpca_04,gain,0.0,cross_market
NOR_1Y,5,LORO_ZIRP,ZIRP,loro,xmpca_05,gain,0.007843825034797192,cross_market
NOR_1Y,5,LORO_ZIRP,ZIRP,loro,xmpca_06,gain,0.014380394481122494,cross_market
NOR_1Y,5,LORO_ZIRP,ZIRP,loro,xmpca_07,gain,0.0,cross_market
NOR_1Y,5,LORO_ZIRP,ZIRP,loro,xmpca_08,gain,0.0,cross_market
NOR_1Y,5,LORO_ZIRP,ZIRP,loro,xmpca_09,gain,0.0,cross_market
NOR_1Y,5,LORO_ZIRP,ZIRP,loro,xmpca_10,gain,0.11093279719352722,cross_market
NOR_1Y,5,LORO_ZIRP,ZIRP,loro,xmpca_11,gain,0.0,cross_market
NOR_1Y,5,LORO_ZIRP,ZIRP,loro,xmpca_12,gain,0.0,cross_market
NOR_1Y,5,LORO_ZIRP,ZIRP,loro,chg_lag1,weight,2.0,momentum
NOR_1Y,5,LORO_ZIRP,ZIRP,loro,chg_lag2,weight,2.0,momentum
NOR_1Y,5,LORO_ZIRP,ZIRP,loro,chg_lag3,weight,1.0,momentum
NOR_1Y,5,LORO_ZIRP,ZIRP,loro,chg_lag4,weight,0.0,momentum
NOR_1Y,5,LORO_ZIRP,ZIRP,loro,chg_lag5,weight,1.0,momentum
NOR_1Y,5,LORO_ZIRP,ZIRP,loro,carry_roll,weight,1.0,carry_roll
NOR_1Y,5,LORO_ZIRP,ZIRP,loro,mom_63d,weight,1.0,momentum
NOR_1Y,5,LORO_ZIRP,ZIRP,loro,mom_1m,weight,1.0,momentum
NOR_1Y,5,LORO_ZIRP,ZIRP,loro,mom_3m,weight,1.0,momentum
NOR_1Y,5,LORO_ZIRP,ZIRP,loro,mom_6m,weight,0.0,momentum
NOR_1Y,5,LORO_ZIRP,ZIRP,loro,mom_12m,weight,0.0,momentum
NOR_1Y,5,LORO_ZIRP,ZIRP,loro,dev_ma_3m,weight,0.0,curve
NOR_1Y,5,LORO_ZIRP,ZIRP,loro,dev_ma_12m,weight,0.0,curve
NOR_1Y,5,LORO_ZIRP,ZIRP,loro,vol_20d,weight,0.0,vol
NOR_1Y,5,LORO_ZIRP,ZIRP,loro,vol_regime,weight,0.0,vol
NOR_1Y,5,LORO_ZIRP,ZIRP,loro,vol_zscore,weight,1.0,vol
NOR_1Y,5,LORO_ZIRP,ZIRP,loro,level_zscore,weight,1.0,curve
NOR_1Y,5,LORO_ZIRP,ZIRP,loro,slope_10_1,weight,0.0,curve
NOR_1Y,5,LORO_ZIRP,ZIRP,loro,slope_10_5,weight,0.0,curve
NOR_1Y,5,LORO_ZIRP,ZIRP,loro,slope_5_1,weight,0.0,curve
NOR_1Y,5,LORO_ZIRP,ZIRP,loro,sofr_mom_1m,weight,2.0,macro
NOR_1Y,5,LORO_ZIRP,ZIRP,loro,ibor_level,weight,0.0,macro
NOR_1Y,5,LORO_ZIRP,ZIRP,loro,ibor_chg_1d,weight,1.0,macro
NOR_1Y,5,LORO_ZIRP,ZIRP,loro,ibor_mom_1m,weight,0.0,macro
NOR_1Y,5,LORO_ZIRP,ZIRP,loro,ibor_term_slope,weight,0.0,macro
NOR_1Y,5,LORO_ZIRP,ZIRP,loro,swap_ibor_basis,weight,0.0,curve
NOR_1Y,5,LORO_ZIRP,ZIRP,loro,move_level,weight,3.0,vol
NOR_1Y,5,LORO_ZIRP,ZIRP,loro,move_zscore,weight,0.0,vol
NOR_1Y,5,LORO_ZIRP,ZIRP,loro,vix_level,weight,0.0,vol
NOR_1Y,5,LORO_ZIRP,ZIRP,loro,vix_zscore,weight,0.0,vol
NOR_1Y,5,LORO_ZIRP,ZIRP,loro,v2x_level,weight,0.0,vol
NOR_1Y,5,LORO_ZIRP,ZIRP,loro,vxn_level,weight,0.0,vol
NOR_1Y,5,LORO_ZIRP,ZIRP,loro,ovx_level,weight,0.0,vol
NOR_1Y,5,LORO_ZIRP,ZIRP,loro,gvz_level,weight,1.0,vol
NOR_1Y,5,LORO_ZIRP,ZIRP,loro,spx_mom_1m,weight,1.0,macro
NOR_1Y,5,LORO_ZIRP,ZIRP,loro,spx_mom_3m,weight,0.0,macro
NOR_1Y,5,LORO_ZIRP,ZIRP,loro,sx5e_mom_1m,weight,2.0,macro
NOR_1Y,5,LORO_ZIRP,ZIRP,loro,sx5e_mom_3m,weight,0.0,macro
NOR_1Y,5,LORO_ZIRP,ZIRP,loro,mxwo_mom_1m,weight,1.0,macro
NOR_1Y,5,LORO_ZIRP,ZIRP,loro,ndx_mom_1m,weight,0.0,macro
NOR_1Y,5,LORO_ZIRP,ZIRP,loro,oil_mom_1m,weight,0.0,macro
NOR_1Y,5,LORO_ZIRP,ZIRP,loro,oil_mom_3m,weight,0.0,macro
NOR_1Y,5,LORO_ZIRP,ZIRP,loro,copper_mom_1m,weight,1.0,macro
NOR_1Y,5,LORO_ZIRP,ZIRP,loro,opec_prod,weight,1.0,macro
NOR_1Y,5,LORO_ZIRP,ZIRP,loro,natgas_mom_1m,weight,2.0,macro
NOR_1Y,5,LORO_ZIRP,ZIRP,loro,be5y_level,weight,0.0,macro
NOR_1Y,5,LORO_ZIRP,ZIRP,loro,be10y_level,weight,0.0,macro
NOR_1Y,5,LORO_ZIRP,ZIRP,loro,be_slope,weight,0.0,macro
NOR_1Y,5,LORO_ZIRP,ZIRP,loro,be5y_chg_1m,weight,0.0,macro
NOR_1Y,5,LORO_ZIRP,ZIRP,loro,ig_spread,weight,0.0,credit
NOR_1Y,5,LORO_ZIRP,ZIRP,loro,hy_spread,weight,0.0,credit
NOR_1Y,5,LORO_ZIRP,ZIRP,loro,ig_chg_1m,weight,0.0,credit
NOR_1Y,5,LORO_ZIRP,ZIRP,loro,hy_chg_1m,weight,0.0,credit
NOR_1Y,5,LORO_ZIRP,ZIRP,loro,cpi_yoy,weight,1.0,macro
NOR_1Y,5,LORO_ZIRP,ZIRP,loro,pce_core_chg,weight,0.0,macro
NOR_1Y,5,LORO_ZIRP,ZIRP,loro,nfp_change,weight,0.0,macro
NOR_1Y,5,LORO_ZIRP,ZIRP,loro,pmi_us,weight,0.0,macro
NOR_1Y,5,LORO_ZIRP,ZIRP,loro,pmi_eur,weight,1.0,macro
NOR_1Y,5,LORO_ZIRP,ZIRP,loro,unemp_eur,weight,0.0,macro
NOR_1Y,5,LORO_ZIRP,ZIRP,loro,cpi_nsa_level,weight,0.0,macro
NOR_1Y,5,LORO_ZIRP,ZIRP,loro,pce_core_level,weight,0.0,macro
NOR_1Y,5,LORO_ZIRP,ZIRP,loro,eur_3m,weight,0.0,macro
NOR_1Y,5,LORO_ZIRP,ZIRP,loro,eur_1w,weight,0.0,macro
NOR_1Y,5,LORO_ZIRP,ZIRP,loro,nor_ibor_1m,weight,0.0,norway
NOR_1Y,5,LORO_ZIRP,ZIRP,loro,nor_ibor_6m,weight,0.0,norway
NOR_1Y,5,LORO_ZIRP,ZIRP,loro,nor_ecb_dfr_chg,weight,0.0,norway
NOR_1Y,5,LORO_ZIRP,ZIRP,loro,nor_ecb_dfr_level,weight,0.0,norway
NOR_1Y,5,LORO_ZIRP,ZIRP,loro,nor_eurnok_chg_1d,weight,2.0,norway
NOR_1Y,5,LORO_ZIRP,ZIRP,loro,nor_eurnok_level,weight,0.0,norway
NOR_1Y,5,LORO_ZIRP,ZIRP,loro,nor_eurnok_mom_1m,weight,0.0,norway
NOR_1Y,5,LORO_ZIRP,ZIRP,loro,nor_eurnok_mom_3m,weight,0.0,norway
NOR_1Y,5,LORO_ZIRP,ZIRP,loro,nor_eurnok_rvol_20d,weight,3.0,norway
NOR_1Y,5,LORO_ZIRP,ZIRP,loro,nor_govt_10y,weight,0.0,norway
NOR_1Y,5,LORO_ZIRP,ZIRP,loro,nor_govt_3y,weight,0.0,norway
NOR_1Y,5,LORO_ZIRP,ZIRP,loro,nor_govt_5y,weight,0.0,norway
NOR_1Y,5,LORO_ZIRP,ZIRP,loro,nor_i44_chg_1d,weight,0.0,norway
NOR_1Y,5,LORO_ZIRP,ZIRP,loro,nor_i44_level,weight,0.0,norway
NOR_1Y,5,LORO_ZIRP,ZIRP,loro,nor_i44_mom_1m,weight,0.0,norway
NOR_1Y,5,LORO_ZIRP,ZIRP,loro,nor_i44_mom_3m,weight,0.0,norway
NOR_1Y,5,LORO_ZIRP,ZIRP,loro,nor_i44_rvol_20d,weight,4.0,norway
NOR_1Y,5,LORO_ZIRP,ZIRP,loro,nor_kpi_yoy,weight,0.0,norway
NOR_1Y,5,LORO_ZIRP,ZIRP,loro,nor_kpijae_yoy,weight,0.0,norway
NOR_1Y,5,LORO_ZIRP,ZIRP,loro,nor_nibor_nowa_spread,weight,1.0,norway
NOR_1Y,5,LORO_ZIRP,ZIRP,loro,nor_nowa_level,weight,0.0,norway
NOR_1Y,5,LORO_ZIRP,ZIRP,loro,nor_polrate_chg_1d,weight,0.0,norway
NOR_1Y,5,LORO_ZIRP,ZIRP,loro,nor_polrate_days_since_chg,weight,0.0,norway
NOR_1Y,5,LORO_ZIRP,ZIRP,loro,nor_polrate_level,weight,0.0,norway
NOR_1Y,5,LORO_ZIRP,ZIRP,loro,nor_rb_rate_chg,weight,0.0,norway
NOR_1Y,5,LORO_ZIRP,ZIRP,loro,nor_rb_rate_level,weight,0.0,norway
NOR_1Y,5,LORO_ZIRP,ZIRP,loro,nor_unemp,weight,0.0,norway
NOR_1Y,5,LORO_ZIRP,ZIRP,loro,nor_usdnok_chg_1d,weight,1.0,norway
NOR_1Y,5,LORO_ZIRP,ZIRP,loro,nor_usdnok_level,weight,0.0,norway
NOR_1Y,5,LORO_ZIRP,ZIRP,loro,nor_usdnok_mom_1m,weight,1.0,norway
NOR_1Y,5,LORO_ZIRP,ZIRP,loro,nor_usdnok_mom_3m,weight,1.0,norway
NOR_1Y,5,LORO_ZIRP,ZIRP,loro,nor_usdnok_rvol_20d,weight,0.0,norway
NOR_1Y,5,LORO_ZIRP,ZIRP,loro,swap_govt_spread,weight,0.0,norway
NOR_1Y,5,LORO_ZIRP,ZIRP,loro,xmpca_01,weight,0.0,cross_market
NOR_1Y,5,LORO_ZIRP,ZIRP,loro,xmpca_02,weight,0.0,cross_market
NOR_1Y,5,LORO_ZIRP,ZIRP,loro,xmpca_03,weight,0.0,cross_market
NOR_1Y,5,LORO_ZIRP,ZIRP,loro,xmpca_04,weight,0.0,cross_market
NOR_1Y,5,LORO_ZIRP,ZIRP,loro,xmpca_05,weight,1.0,cross_market
NOR_1Y,5,LORO_ZIRP,ZIRP,loro,xmpca_06,weight,1.0,cross_market
NOR_1Y,5,LORO_ZIRP,ZIRP,loro,xmpca_07,weight,0.0,cross_market
NOR_1Y,5,LORO_ZIRP,ZIRP,loro,xmpca_08,weight,0.0,cross_market
NOR_1Y,5,LORO_ZIRP,ZIRP,loro,xmpca_09,weight,0.0,cross_market
NOR_1Y,5,LORO_ZIRP,ZIRP,loro,xmpca_10,weight,1.0,cross_market
NOR_1Y,5,LORO_ZIRP,ZIRP,loro,xmpca_11,weight,0.0,cross_market
NOR_1Y,5,LORO_ZIRP,ZIRP,loro,xmpca_12,weight,0.0,cross_market
NOR_1Y,5,LORO_ZIRP,ZIRP,loro,chg_lag1,cover,4.5,momentum
NOR_1Y,5,LORO_ZIRP,ZIRP,loro,chg_lag2,cover,3.0,momentum
NOR_1Y,5,LORO_ZIRP,ZIRP,loro,chg_lag3,cover,7.0,momentum
NOR_1Y,5,LORO_ZIRP,ZIRP,loro,chg_lag4,cover,0.0,momentum
NOR_1Y,5,LORO_ZIRP,ZIRP,loro,chg_lag5,cover,16.0,momentum
NOR_1Y,5,LORO_ZIRP,ZIRP,loro,carry_roll,cover,4.0,carry_roll
NOR_1Y,5,LORO_ZIRP,ZIRP,loro,mom_63d,cover,8.0,momentum
NOR_1Y,5,LORO_ZIRP,ZIRP,loro,mom_1m,cover,351.0,momentum
NOR_1Y,5,LORO_ZIRP,ZIRP,loro,mom_3m,cover,1575.0,momentum
NOR_1Y,5,LORO_ZIRP,ZIRP,loro,mom_6m,cover,0.0,momentum
NOR_1Y,5,LORO_ZIRP,ZIRP,loro,mom_12m,cover,0.0,momentum
NOR_1Y,5,LORO_ZIRP,ZIRP,loro,dev_ma_3m,cover,0.0,curve
NOR_1Y,5,LORO_ZIRP,ZIRP,loro,dev_ma_12m,cover,0.0,curve
NOR_1Y,5,LORO_ZIRP,ZIRP,loro,vol_20d,cover,0.0,vol
NOR_1Y,5,LORO_ZIRP,ZIRP,loro,vol_regime,cover,0.0,vol
NOR_1Y,5,LORO_ZIRP,ZIRP,loro,vol_zscore,cover,112.0,vol
NOR_1Y,5,LORO_ZIRP,ZIRP,loro,level_zscore,cover,1534.0,curve
NOR_1Y,5,LORO_ZIRP,ZIRP,loro,slope_10_1,cover,0.0,curve
NOR_1Y,5,LORO_ZIRP,ZIRP,loro,slope_10_5,cover,0.0,curve
NOR_1Y,5,LORO_ZIRP,ZIRP,loro,slope_5_1,cover,0.0,curve
NOR_1Y,5,LORO_ZIRP,ZIRP,loro,sofr_mom_1m,cover,904.5,macro
NOR_1Y,5,LORO_ZIRP,ZIRP,loro,ibor_level,cover,0.0,macro
NOR_1Y,5,LORO_ZIRP,ZIRP,loro,ibor_chg_1d,cover,17.0,macro
NOR_1Y,5,LORO_ZIRP,ZIRP,loro,ibor_mom_1m,cover,0.0,macro
NOR_1Y,5,LORO_ZIRP,ZIRP,loro,ibor_term_slope,cover,0.0,macro
NOR_1Y,5,LORO_ZIRP,ZIRP,loro,swap_ibor_basis,cover,0.0,curve
NOR_1Y,5,LORO_ZIRP,ZIRP,loro,move_level,cover,807.6666870117188,vol
NOR_1Y,5,LORO_ZIRP,ZIRP,loro,move_zscore,cover,0.0,vol
NOR_1Y,5,LORO_ZIRP,ZIRP,loro,vix_level,cover,0.0,vol
NOR_1Y,5,LORO_ZIRP,ZIRP,loro,vix_zscore,cover,0.0,vol
NOR_1Y,5,LORO_ZIRP,ZIRP,loro,v2x_level,cover,0.0,vol
NOR_1Y,5,LORO_ZIRP,ZIRP,loro,vxn_level,cover,0.0,vol
NOR_1Y,5,LORO_ZIRP,ZIRP,loro,ovx_level,cover,0.0,vol
NOR_1Y,5,LORO_ZIRP,ZIRP,loro,gvz_level,cover,1603.0,vol
NOR_1Y,5,LORO_ZIRP,ZIRP,loro,spx_mom_1m,cover,649.0,macro
NOR_1Y,5,LORO_ZIRP,ZIRP,loro,spx_mom_3m,cover,0.0,macro
NOR_1Y,5,LORO_ZIRP,ZIRP,loro,sx5e_mom_1m,cover,404.0,macro
NOR_1Y,5,LORO_ZIRP,ZIRP,loro,sx5e_mom_3m,cover,0.0,macro
NOR_1Y,5,LORO_ZIRP,ZIRP,loro,mxwo_mom_1m,cover,269.0,macro
NOR_1Y,5,LORO_ZIRP,ZIRP,loro,ndx_mom_1m,cover,0.0,macro
NOR_1Y,5,LORO_ZIRP,ZIRP,loro,oil_mom_1m,cover,0.0,macro
NOR_1Y,5,LORO_ZIRP,ZIRP,loro,oil_mom_3m,cover,0.0,macro
NOR_1Y,5,LORO_ZIRP,ZIRP,loro,copper_mom_1m,cover,59.0,macro
NOR_1Y,5,LORO_ZIRP,ZIRP,loro,opec_prod,cover,16.0,macro
NOR_1Y,5,LORO_ZIRP,ZIRP,loro,natgas_mom_1m,cover,646.5,macro
NOR_1Y,5,LORO_ZIRP,ZIRP,loro,be5y_level,cover,0.0,macro
NOR_1Y,5,LORO_ZIRP,ZIRP,loro,be10y_level,cover,0.0,macro
NOR_1Y,5,LORO_ZIRP,ZIRP,loro,be_slope,cover,0.0,macro
NOR_1Y,5,LORO_ZIRP,ZIRP,loro,be5y_chg_1m,cover,0.0,macro
NOR_1Y,5,LORO_ZIRP,ZIRP,loro,ig_spread,cover,0.0,credit
NOR_1Y,5,LORO_ZIRP,ZIRP,loro,hy_spread,cover,0.0,credit
NOR_1Y,5,LORO_ZIRP,ZIRP,loro,ig_chg_1m,cover,0.0,credit
NOR_1Y,5,LORO_ZIRP,ZIRP,loro,hy_chg_1m,cover,0.0,credit
NOR_1Y,5,LORO_ZIRP,ZIRP,loro,cpi_yoy,cover,957.0,macro
NOR_1Y,5,LORO_ZIRP,ZIRP,loro,pce_core_chg,cover,0.0,macro
NOR_1Y,5,LORO_ZIRP,ZIRP,loro,nfp_change,cover,0.0,macro
NOR_1Y,5,LORO_ZIRP,ZIRP,loro,pmi_us,cover,0.0,macro
NOR_1Y,5,LORO_ZIRP,ZIRP,loro,pmi_eur,cover,210.0,macro
NOR_1Y,5,LORO_ZIRP,ZIRP,loro,unemp_eur,cover,0.0,macro
NOR_1Y,5,LORO_ZIRP,ZIRP,loro,cpi_nsa_level,cover,0.0,macro
NOR_1Y,5,LORO_ZIRP,ZIRP,loro,pce_core_level,cover,0.0,macro
NOR_1Y,5,LORO_ZIRP,ZIRP,loro,eur_3m,cover,0.0,macro
NOR_1Y,5,LORO_ZIRP,ZIRP,loro,eur_1w,cover,0.0,macro
NOR_1Y,5,LORO_ZIRP,ZIRP,loro,nor_ibor_1m,cover,0.0,norway
NOR_1Y,5,LORO_ZIRP,ZIRP,loro,nor_ibor_6m,cover,0.0,norway
NOR_1Y,5,LORO_ZIRP,ZIRP,loro,nor_ecb_dfr_chg,cover,0.0,norway
NOR_1Y,5,LORO_ZIRP,ZIRP,loro,nor_ecb_dfr_level,cover,0.0,norway
NOR_1Y,5,LORO_ZIRP,ZIRP,loro,nor_eurnok_chg_1d,cover,23.0,norway
NOR_1Y,5,LORO_ZIRP,ZIRP,loro,nor_eurnok_level,cover,0.0,norway
NOR_1Y,5,LORO_ZIRP,ZIRP,loro,nor_eurnok_mom_1m,cover,0.0,norway
NOR_1Y,5,LORO_ZIRP,ZIRP,loro,nor_eurnok_mom_3m,cover,0.0,norway
NOR_1Y,5,LORO_ZIRP,ZIRP,loro,nor_eurnok_rvol_20d,cover,113.66666412353516,norway
NOR_1Y,5,LORO_ZIRP,ZIRP,loro,nor_govt_10y,cover,0.0,norway
NOR_1Y,5,LORO_ZIRP,ZIRP,loro,nor_govt_3y,cover,0.0,norway
NOR_1Y,5,LORO_ZIRP,ZIRP,loro,nor_govt_5y,cover,0.0,norway
NOR_1Y,5,LORO_ZIRP,ZIRP,loro,nor_i44_chg_1d,cover,0.0,norway
NOR_1Y,5,LORO_ZIRP,ZIRP,loro,nor_i44_level,cover,0.0,norway
NOR_1Y,5,LORO_ZIRP,ZIRP,loro,nor_i44_mom_1m,cover,0.0,norway
NOR_1Y,5,LORO_ZIRP,ZIRP,loro,nor_i44_mom_3m,cover,0.0,norway
NOR_1Y,5,LORO_ZIRP,ZIRP,loro,nor_i44_rvol_20d,cover,248.5,norway
NOR_1Y,5,LORO_ZIRP,ZIRP,loro,nor_kpi_yoy,cover,0.0,norway
NOR_1Y,5,LORO_ZIRP,ZIRP,loro,nor_kpijae_yoy,cover,0.0,norway
NOR_1Y,5,LORO_ZIRP,ZIRP,loro,nor_nibor_nowa_spread,cover,190.0,norway
NOR_1Y,5,LORO_ZIRP,ZIRP,loro,nor_nowa_level,cover,0.0,norway
NOR_1Y,5,LORO_ZIRP,ZIRP,loro,nor_polrate_chg_1d,cover,0.0,norway
NOR_1Y,5,LORO_ZIRP,ZIRP,loro,nor_polrate_days_since_chg,cover,0.0,norway
NOR_1Y,5,LORO_ZIRP,ZIRP,loro,nor_polrate_level,cover,0.0,norway
NOR_1Y,5,LORO_ZIRP,ZIRP,loro,nor_rb_rate_chg,cover,0.0,norway
NOR_1Y,5,LORO_ZIRP,ZIRP,loro,nor_rb_rate_level,cover,0.0,norway
NOR_1Y,5,LORO_ZIRP,ZIRP,loro,nor_unemp,cover,0.0,norway
NOR_1Y,5,LORO_ZIRP,ZIRP,loro,nor_usdnok_chg_1d,cover,82.0,norway
NOR_1Y,5,LORO_ZIRP,ZIRP,loro,nor_usdnok_level,cover,0.0,norway
NOR_1Y,5,LORO_ZIRP,ZIRP,loro,nor_usdnok_mom_1m,cover,273.0,norway
NOR_1Y,5,LORO_ZIRP,ZIRP,loro,nor_usdnok_mom_3m,cover,83.0,norway
NOR_1Y,5,LORO_ZIRP,ZIRP,loro,nor_usdnok_rvol_20d,cover,0.0,norway
NOR_1Y,5,LORO_ZIRP,ZIRP,loro,swap_govt_spread,cover,0.0,norway
NOR_1Y,5,LORO_ZIRP,ZIRP,loro,xmpca_01,cover,0.0,cross_market
NOR_1Y,5,LORO_ZIRP,ZIRP,loro,xmpca_02,cover,0.0,cross_market
NOR_1Y,5,LORO_ZIRP,ZIRP,loro,xmpca_03,cover,0.0,cross_market
NOR_1Y,5,LORO_ZIRP,ZIRP,loro,xmpca_04,cover,0.0,cross_market
NOR_1Y,5,LORO_ZIRP,ZIRP,loro,xmpca_05,cover,7.0,cross_market
NOR_1Y,5,LORO_ZIRP,ZIRP,loro,xmpca_06,cover,8.0,cross_market
NOR_1Y,5,LORO_ZIRP,ZIRP,loro,xmpca_07,cover,0.0,cross_market
NOR_1Y,5,LORO_ZIRP,ZIRP,loro,xmpca_08,cover,0.0,cross_market
NOR_1Y,5,LORO_ZIRP,ZIRP,loro,xmpca_09,cover,0.0,cross_market
NOR_1Y,5,LORO_ZIRP,ZIRP,loro,xmpca_10,cover,30.0,cross_market
NOR_1Y,5,LORO_ZIRP,ZIRP,loro,xmpca_11,cover,0.0,cross_market
NOR_1Y,5,LORO_ZIRP,ZIRP,loro,xmpca_12,cover,0.0,cross_market
NOR_1Y,5,LORO_ZIRP,ZIRP,loro,chg_lag1,total_gain,0.00016008736565709114,momentum
NOR_1Y,5,LORO_ZIRP,ZIRP,loro,chg_lag2,total_gain,0.0008209898951463401,momentum
NOR_1Y,5,LORO_ZIRP,ZIRP,loro,chg_lag3,total_gain,0.023899376392364502,momentum
NOR_1Y,5,LORO_ZIRP,ZIRP,loro,chg_lag4,total_gain,0.0,momentum
NOR_1Y,5,LORO_ZIRP,ZIRP,loro,chg_lag5,total_gain,0.030520915985107422,momentum
NOR_1Y,5,LORO_ZIRP,ZIRP,loro,carry_roll,total_gain,0.0002908871974796057,carry_roll
NOR_1Y,5,LORO_ZIRP,ZIRP,loro,mom_63d,total_gain,0.0017540296539664268,momentum
NOR_1Y,5,LORO_ZIRP,ZIRP,loro,mom_1m,total_gain,0.1006753072142601,momentum
NOR_1Y,5,LORO_ZIRP,ZIRP,loro,mom_3m,total_gain,0.21568995714187622,momentum
NOR_1Y,5,LORO_ZIRP,ZIRP,loro,mom_6m,total_gain,0.0,momentum
NOR_1Y,5,LORO_ZIRP,ZIRP,loro,mom_12m,total_gain,0.0,momentum
NOR_1Y,5,LORO_ZIRP,ZIRP,loro,dev_ma_3m,total_gain,0.0,curve
NOR_1Y,5,LORO_ZIRP,ZIRP,loro,dev_ma_12m,total_gain,0.0,curve
NOR_1Y,5,LORO_ZIRP,ZIRP,loro,vol_20d,total_gain,0.0,vol
NOR_1Y,5,LORO_ZIRP,ZIRP,loro,vol_regime,total_gain,0.0,vol
NOR_1Y,5,LORO_ZIRP,ZIRP,loro,vol_zscore,total_gain,0.036380473524332047,vol
NOR_1Y,5,LORO_ZIRP,ZIRP,loro,level_zscore,total_gain,0.2248987853527069,curve
NOR_1Y,5,LORO_ZIRP,ZIRP,loro,slope_10_1,total_gain,0.0,curve
NOR_1Y,5,LORO_ZIRP,ZIRP,loro,slope_10_5,total_gain,0.0,curve
NOR_1Y,5,LORO_ZIRP,ZIRP,loro,slope_5_1,total_gain,0.0,curve
NOR_1Y,5,LORO_ZIRP,ZIRP,loro,sofr_mom_1m,total_gain,0.18412312865257263,macro
NOR_1Y,5,LORO_ZIRP,ZIRP,loro,ibor_level,total_gain,0.0,macro
NOR_1Y,5,LORO_ZIRP,ZIRP,loro,ibor_chg_1d,total_gain,0.07780063152313232,macro
NOR_1Y,5,LORO_ZIRP,ZIRP,loro,ibor_mom_1m,total_gain,0.0,macro
NOR_1Y,5,LORO_ZIRP,ZIRP,loro,ibor_term_slope,total_gain,0.0,macro
NOR_1Y,5,LORO_ZIRP,ZIRP,loro,swap_ibor_basis,total_gain,0.0,curve
NOR_1Y,5,LORO_ZIRP,ZIRP,loro,move_level,total_gain,0.6404623985290527,vol
NOR_1Y,5,LORO_ZIRP,ZIRP,loro,move_zscore,total_gain,0.0,vol
NOR_1Y,5,LORO_ZIRP,ZIRP,loro,vix_level,total_gain,0.0,vol
NOR_1Y,5,LORO_ZIRP,ZIRP,loro,vix_zscore,total_gain,0.0,vol
NOR_1Y,5,LORO_ZIRP,ZIRP,loro,v2x_level,total_gain,0.0,vol
NOR_1Y,5,LORO_ZIRP,ZIRP,loro,vxn_level,total_gain,0.0,vol
NOR_1Y,5,LORO_ZIRP,ZIRP,loro,ovx_level,total_gain,0.0,vol
NOR_1Y,5,LORO_ZIRP,ZIRP,loro,gvz_level,total_gain,0.803737998008728,vol
NOR_1Y,5,LORO_ZIRP,ZIRP,loro,spx_mom_1m,total_gain,0.027124814689159393,macro
NOR_1Y,5,LORO_ZIRP,ZIRP,loro,spx_mom_3m,total_gain,0.0,macro
NOR_1Y,5,LORO_ZIRP,ZIRP,loro,sx5e_mom_1m,total_gain,0.13537433743476868,macro
NOR_1Y,5,LORO_ZIRP,ZIRP,loro,sx5e_mom_3m,total_gain,0.0,macro
NOR_1Y,5,LORO_ZIRP,ZIRP,loro,mxwo_mom_1m,total_gain,0.03396470099687576,macro
NOR_1Y,5,LORO_ZIRP,ZIRP,loro,ndx_mom_1m,total_gain,0.0,macro
NOR_1Y,5,LORO_ZIRP,ZIRP,loro,oil_mom_1m,total_gain,0.0,macro
NOR_1Y,5,LORO_ZIRP,ZIRP,loro,oil_mom_3m,total_gain,0.0,macro
NOR_1Y,5,LORO_ZIRP,ZIRP,loro,copper_mom_1m,total_gain,0.03675774484872818,macro
NOR_1Y,5,LORO_ZIRP,ZIRP,loro,opec_prod,total_gain,0.0664525032043457,macro
NOR_1Y,5,LORO_ZIRP,ZIRP,loro,natgas_mom_1m,total_gain,0.1793310046195984,macro
NOR_1Y,5,LORO_ZIRP,ZIRP,loro,be5y_level,total_gain,0.0,macro
NOR_1Y,5,LORO_ZIRP,ZIRP,loro,be10y_level,total_gain,0.0,macro
NOR_1Y,5,LORO_ZIRP,ZIRP,loro,be_slope,total_gain,0.0,macro
NOR_1Y,5,LORO_ZIRP,ZIRP,loro,be5y_chg_1m,total_gain,0.0,macro
NOR_1Y,5,LORO_ZIRP,ZIRP,loro,ig_spread,total_gain,0.0,credit
NOR_1Y,5,LORO_ZIRP,ZIRP,loro,hy_spread,total_gain,0.0,credit
NOR_1Y,5,LORO_ZIRP,ZIRP,loro,ig_chg_1m,total_gain,0.0,credit
NOR_1Y,5,LORO_ZIRP,ZIRP,loro,hy_chg_1m,total_gain,0.0,credit
NOR_1Y,5,LORO_ZIRP,ZIRP,loro,cpi_yoy,total_gain,0.07309648394584656,macro
NOR_1Y,5,LORO_ZIRP,ZIRP,loro,pce_core_chg,total_gain,0.0,macro
NOR_1Y,5,LORO_ZIRP,ZIRP,loro,nfp_change,total_gain,0.0,macro
NOR_1Y,5,LORO_ZIRP,ZIRP,loro,pmi_us,total_gain,0.0,macro
NOR_1Y,5,LORO_ZIRP,ZIRP,loro,pmi_eur,total_gain,0.07513564825057983,macro
NOR_1Y,5,LORO_ZIRP,ZIRP,loro,unemp_eur,total_gain,0.0,macro
NOR_1Y,5,LORO_ZIRP,ZIRP,loro,cpi_nsa_level,total_gain,0.0,macro
NOR_1Y,5,LORO_ZIRP,ZIRP,loro,pce_core_level,total_gain,0.0,macro
NOR_1Y,5,LORO_ZIRP,ZIRP,loro,eur_3m,total_gain,0.0,macro
NOR_1Y,5,LORO_ZIRP,ZIRP,loro,eur_1w,total_gain,0.0,macro
NOR_1Y,5,LORO_ZIRP,ZIRP,loro,nor_ibor_1m,total_gain,0.0,norway
NOR_1Y,5,LORO_ZIRP,ZIRP,loro,nor_ibor_6m,total_gain,0.0,norway
NOR_1Y,5,LORO_ZIRP,ZIRP,loro,nor_ecb_dfr_chg,total_gain,0.0,norway
NOR_1Y,5,LORO_ZIRP,ZIRP,loro,nor_ecb_dfr_level,total_gain,0.0,norway
NOR_1Y,5,LORO_ZIRP,ZIRP,loro,nor_eurnok_chg_1d,total_gain,0.2291770577430725,norway
NOR_1Y,5,LORO_ZIRP,ZIRP,loro,nor_eurnok_level,total_gain,0.0,norway
NOR_1Y,5,LORO_ZIRP,ZIRP,loro,nor_eurnok_mom_1m,total_gain,0.0,norway
NOR_1Y,5,LORO_ZIRP,ZIRP,loro,nor_eurnok_mom_3m,total_gain,0.0,norway
NOR_1Y,5,LORO_ZIRP,ZIRP,loro,nor_eurnok_rvol_20d,total_gain,0.17454560101032257,norway
NOR_1Y,5,LORO_ZIRP,ZIRP,loro,nor_govt_10y,total_gain,0.0,norway
NOR_1Y,5,LORO_ZIRP,ZIRP,loro,nor_govt_3y,total_gain,0.0,norway
NOR_1Y,5,LORO_ZIRP,ZIRP,loro,nor_govt_5y,total_gain,0.0,norway
NOR_1Y,5,LORO_ZIRP,ZIRP,loro,nor_i44_chg_1d,total_gain,0.0,norway
NOR_1Y,5,LORO_ZIRP,ZIRP,loro,nor_i44_level,total_gain,0.0,norway
NOR_1Y,5,LORO_ZIRP,ZIRP,loro,nor_i44_mom_1m,total_gain,0.0,norway
NOR_1Y,5,LORO_ZIRP,ZIRP,loro,nor_i44_mom_3m,total_gain,0.0,norway
NOR_1Y,5,LORO_ZIRP,ZIRP,loro,nor_i44_rvol_20d,total_gain,0.29824912548065186,norway
NOR_1Y,5,LORO_ZIRP,ZIRP,loro,nor_kpi_yoy,total_gain,0.0,norway
NOR_1Y,5,LORO_ZIRP,ZIRP,loro,nor_kpijae_yoy,total_gain,0.0,norway
NOR_1Y,5,LORO_ZIRP,ZIRP,loro,nor_nibor_nowa_spread,total_gain,0.03390207141637802,norway
NOR_1Y,5,LORO_ZIRP,ZIRP,loro,nor_nowa_level,total_gain,0.0,norway
NOR_1Y,5,LORO_ZIRP,ZIRP,loro,nor_polrate_chg_1d,total_gain,0.0,norway
NOR_1Y,5,LORO_ZIRP,ZIRP,loro,nor_polrate_days_since_chg,total_gain,0.0,norway
NOR_1Y,5,LORO_ZIRP,ZIRP,loro,nor_polrate_level,total_gain,0.0,norway
NOR_1Y,5,LORO_ZIRP,ZIRP,loro,nor_rb_rate_chg,total_gain,0.0,norway
NOR_1Y,5,LORO_ZIRP,ZIRP,loro,nor_rb_rate_level,total_gain,0.0,norway
NOR_1Y,5,LORO_ZIRP,ZIRP,loro,nor_unemp,total_gain,0.0,norway
NOR_1Y,5,LORO_ZIRP,ZIRP,loro,nor_usdnok_chg_1d,total_gain,0.05246543884277344,norway
NOR_1Y,5,LORO_ZIRP,ZIRP,loro,nor_usdnok_level,total_gain,0.0,norway
NOR_1Y,5,LORO_ZIRP,ZIRP,loro,nor_usdnok_mom_1m,total_gain,0.0604744553565979,norway
NOR_1Y,5,LORO_ZIRP,ZIRP,loro,nor_usdnok_mom_3m,total_gain,0.02194461226463318,norway
NOR_1Y,5,LORO_ZIRP,ZIRP,loro,nor_usdnok_rvol_20d,total_gain,0.0,norway
NOR_1Y,5,LORO_ZIRP,ZIRP,loro,swap_govt_spread,total_gain,0.0,norway
NOR_1Y,5,LORO_ZIRP,ZIRP,loro,xmpca_01,total_gain,0.0,cross_market
NOR_1Y,5,LORO_ZIRP,ZIRP,loro,xmpca_02,total_gain,0.0,cross_market
NOR_1Y,5,LORO_ZIRP,ZIRP,loro,xmpca_03,total_gain,0.0,cross_market
NOR_1Y,5,LORO_ZIRP,ZIRP,loro,xmpca_04,total_gain,0.0,cross_market
NOR_1Y,5,LORO_ZIRP,ZIRP,loro,xmpca_05,total_gain,0.007843825034797192,cross_market
NOR_1Y,5,LORO_ZIRP,ZIRP,loro,xmpca_06,total_gain,0.014380394481122494,cross_market
NOR_1Y,5,LORO_ZIRP,ZIRP,loro,xmpca_07,total_gain,0.0,cross_market
NOR_1Y,5,LORO_ZIRP,ZIRP,loro,xmpca_08,total_gain,0.0,cross_market
NOR_1Y,5,LORO_ZIRP,ZIRP,loro,xmpca_09,total_gain,0.0,cross_market
NOR_1Y,5,LORO_ZIRP,ZIRP,loro,xmpca_10,total_gain,0.11093279719352722,cross_market
NOR_1Y,5,LORO_ZIRP,ZIRP,loro,xmpca_11,total_gain,0.0,cross_market
NOR_1Y,5,LORO_ZIRP,ZIRP,loro,xmpca_12,total_gain,0.0,cross_market
NOR_1Y,5,LORO_ZIRP,ZIRP,loro,chg_lag1,total_cover,9.0,momentum
NOR_1Y,5,LORO_ZIRP,ZIRP,loro,chg_lag2,total_cover,6.0,momentum
NOR_1Y,5,LORO_ZIRP,ZIRP,loro,chg_lag3,total_cover,7.0,momentum
NOR_1Y,5,LORO_ZIRP,ZIRP,loro,chg_lag4,total_cover,0.0,momentum
NOR_1Y,5,LORO_ZIRP,ZIRP,loro,chg_lag5,total_cover,16.0,momentum
NOR_1Y,5,LORO_ZIRP,ZIRP,loro,carry_roll,total_cover,4.0,carry_roll
NOR_1Y,5,LORO_ZIRP,ZIRP,loro,mom_63d,total_cover,8.0,momentum
NOR_1Y,5,LORO_ZIRP,ZIRP,loro,mom_1m,total_cover,351.0,momentum
NOR_1Y,5,LORO_ZIRP,ZIRP,loro,mom_3m,total_cover,1575.0,momentum
NOR_1Y,5,LORO_ZIRP,ZIRP,loro,mom_6m,total_cover,0.0,momentum
NOR_1Y,5,LORO_ZIRP,ZIRP,loro,mom_12m,total_cover,0.0,momentum
NOR_1Y,5,LORO_ZIRP,ZIRP,loro,dev_ma_3m,total_cover,0.0,curve
NOR_1Y,5,LORO_ZIRP,ZIRP,loro,dev_ma_12m,total_cover,0.0,curve
NOR_1Y,5,LORO_ZIRP,ZIRP,loro,vol_20d,total_cover,0.0,vol
NOR_1Y,5,LORO_ZIRP,ZIRP,loro,vol_regime,total_cover,0.0,vol
NOR_1Y,5,LORO_ZIRP,ZIRP,loro,vol_zscore,total_cover,112.0,vol
NOR_1Y,5,LORO_ZIRP,ZIRP,loro,level_zscore,total_cover,1534.0,curve
NOR_1Y,5,LORO_ZIRP,ZIRP,loro,slope_10_1,total_cover,0.0,curve
NOR_1Y,5,LORO_ZIRP,ZIRP,loro,slope_10_5,total_cover,0.0,curve
NOR_1Y,5,LORO_ZIRP,ZIRP,loro,slope_5_1,total_cover,0.0,curve
NOR_1Y,5,LORO_ZIRP,ZIRP,loro,sofr_mom_1m,total_cover,1809.0,macro
NOR_1Y,5,LORO_ZIRP,ZIRP,loro,ibor_level,total_cover,0.0,macro
NOR_1Y,5,LORO_ZIRP,ZIRP,loro,ibor_chg_1d,total_cover,17.0,macro
NOR_1Y,5,LORO_ZIRP,ZIRP,loro,ibor_mom_1m,total_cover,0.0,macro
NOR_1Y,5,LORO_ZIRP,ZIRP,loro,ibor_term_slope,total_cover,0.0,macro
NOR_1Y,5,LORO_ZIRP,ZIRP,loro,swap_ibor_basis,total_cover,0.0,curve
NOR_1Y,5,LORO_ZIRP,ZIRP,loro,move_level,total_cover,2423.0,vol
NOR_1Y,5,LORO_ZIRP,ZIRP,loro,move_zscore,total_cover,0.0,vol
NOR_1Y,5,LORO_ZIRP,ZIRP,loro,vix_level,total_cover,0.0,vol
NOR_1Y,5,LORO_ZIRP,ZIRP,loro,vix_zscore,total_cover,0.0,vol
NOR_1Y,5,LORO_ZIRP,ZIRP,loro,v2x_level,total_cover,0.0,vol
NOR_1Y,5,LORO_ZIRP,ZIRP,loro,vxn_level,total_cover,0.0,vol
NOR_1Y,5,LORO_ZIRP,ZIRP,loro,ovx_level,total_cover,0.0,vol
NOR_1Y,5,LORO_ZIRP,ZIRP,loro,gvz_level,total_cover,1603.0,vol
NOR_1Y,5,LORO_ZIRP,ZIRP,loro,spx_mom_1m,total_cover,649.0,macro
NOR_1Y,5,LORO_ZIRP,ZIRP,loro,spx_mom_3m,total_cover,0.0,macro
NOR_1Y,5,LORO_ZIRP,ZIRP,loro,sx5e_mom_1m,total_cover,808.0,macro
NOR_1Y,5,LORO_ZIRP,ZIRP,loro,sx5e_mom_3m,total_cover,0.0,macro
NOR_1Y,5,LORO_ZIRP,ZIRP,loro,mxwo_mom_1m,total_cover,269.0,macro
NOR_1Y,5,LORO_ZIRP,ZIRP,loro,ndx_mom_1m,total_cover,0.0,macro
NOR_1Y,5,LORO_ZIRP,ZIRP,loro,oil_mom_1m,total_cover,0.0,macro
NOR_1Y,5,LORO_ZIRP,ZIRP,loro,oil_mom_3m,total_cover,0.0,macro
NOR_1Y,5,LORO_ZIRP,ZIRP,loro,copper_mom_1m,total_cover,59.0,macro
NOR_1Y,5,LORO_ZIRP,ZIRP,loro,opec_prod,total_cover,16.0,macro
NOR_1Y,5,LORO_ZIRP,ZIRP,loro,natgas_mom_1m,total_cover,1293.0,macro
NOR_1Y,5,LORO_ZIRP,ZIRP,loro,be5y_level,total_cover,0.0,macro
NOR_1Y,5,LORO_ZIRP,ZIRP,loro,be10y_level,total_cover,0.0,macro
NOR_1Y,5,LORO_ZIRP,ZIRP,loro,be_slope,total_cover,0.0,macro
NOR_1Y,5,LORO_ZIRP,ZIRP,loro,be5y_chg_1m,total_cover,0.0,macro
NOR_1Y,5,LORO_ZIRP,ZIRP,loro,ig_spread,total_cover,0.0,credit
NOR_1Y,5,LORO_ZIRP,ZIRP,loro,hy_spread,total_cover,0.0,credit
NOR_1Y,5,LORO_ZIRP,ZIRP,loro,ig_chg_1m,total_cover,0.0,credit
NOR_1Y,5,LORO_ZIRP,ZIRP,loro,hy_chg_1m,total_cover,0.0,credit
NOR_1Y,5,LORO_ZIRP,ZIRP,loro,cpi_yoy,total_cover,957.0,macro
NOR_1Y,5,LORO_ZIRP,ZIRP,loro,pce_core_chg,total_cover,0.0,macro
NOR_1Y,5,LORO_ZIRP,ZIRP,loro,nfp_change,total_cover,0.0,macro
NOR_1Y,5,LORO_ZIRP,ZIRP,loro,pmi_us,total_cover,0.0,macro
NOR_1Y,5,LORO_ZIRP,ZIRP,loro,pmi_eur,total_cover,210.0,macro
NOR_1Y,5,LORO_ZIRP,ZIRP,loro,unemp_eur,total_cover,0.0,macro
NOR_1Y,5,LORO_ZIRP,ZIRP,loro,cpi_nsa_level,total_cover,0.0,macro
NOR_1Y,5,LORO_ZIRP,ZIRP,loro,pce_core_level,total_cover,0.0,macro
NOR_1Y,5,LORO_ZIRP,ZIRP,loro,eur_3m,total_cover,0.0,macro
NOR_1Y,5,LORO_ZIRP,ZIRP,loro,eur_1w,total_cover,0.0,macro
NOR_1Y,5,LORO_ZIRP,ZIRP,loro,nor_ibor_1m,total_cover,0.0,norway
NOR_1Y,5,LORO_ZIRP,ZIRP,loro,nor_ibor_6m,total_cover,0.0,norway
NOR_1Y,5,LORO_ZIRP,ZIRP,loro,nor_ecb_dfr_chg,total_cover,0.0,norway
NOR_1Y,5,LORO_ZIRP,ZIRP,loro,nor_ecb_dfr_level,total_cover,0.0,norway
NOR_1Y,5,LORO_ZIRP,ZIRP,loro,nor_eurnok_chg_1d,total_cover,46.0,norway
NOR_1Y,5,LORO_ZIRP,ZIRP,loro,nor_eurnok_level,total_cover,0.0,norway
NOR_1Y,5,LORO_ZIRP,ZIRP,loro,nor_eurnok_mom_1m,total_cover,0.0,norway
NOR_1Y,5,LORO_ZIRP,ZIRP,loro,nor_eurnok_mom_3m,total_cover,0.0,norway
NOR_1Y,5,LORO_ZIRP,ZIRP,loro,nor_eurnok_rvol_20d,total_cover,341.0,norway
NOR_1Y,5,LORO_ZIRP,ZIRP,loro,nor_govt_10y,total_cover,0.0,norway
NOR_1Y,5,LORO_ZIRP,ZIRP,loro,nor_govt_3y,total_cover,0.0,norway
NOR_1Y,5,LORO_ZIRP,ZIRP,loro,nor_govt_5y,total_cover,0.0,norway
NOR_1Y,5,LORO_ZIRP,ZIRP,loro,nor_i44_chg_1d,total_cover,0.0,norway
NOR_1Y,5,LORO_ZIRP,ZIRP,loro,nor_i44_level,total_cover,0.0,norway
NOR_1Y,5,LORO_ZIRP,ZIRP,loro,nor_i44_mom_1m,total_cover,0.0,norway
NOR_1Y,5,LORO_ZIRP,ZIRP,loro,nor_i44_mom_3m,total_cover,0.0,norway
NOR_1Y,5,LORO_ZIRP,ZIRP,loro,nor_i44_rvol_20d,total_cover,994.0,norway
NOR_1Y,5,LORO_ZIRP,ZIRP,loro,nor_kpi_yoy,total_cover,0.0,norway
NOR_1Y,5,LORO_ZIRP,ZIRP,loro,nor_kpijae_yoy,total_cover,0.0,norway
NOR_1Y,5,LORO_ZIRP,ZIRP,loro,nor_nibor_nowa_spread,total_cover,190.0,norway
NOR_1Y,5,LORO_ZIRP,ZIRP,loro,nor_nowa_level,total_cover,0.0,norway
NOR_1Y,5,LORO_ZIRP,ZIRP,loro,nor_polrate_chg_1d,total_cover,0.0,norway
NOR_1Y,5,LORO_ZIRP,ZIRP,loro,nor_polrate_days_since_chg,total_cover,0.0,norway
NOR_1Y,5,LORO_ZIRP,ZIRP,loro,nor_polrate_level,total_cover,0.0,norway
NOR_1Y,5,LORO_ZIRP,ZIRP,loro,nor_rb_rate_chg,total_cover,0.0,norway
NOR_1Y,5,LORO_ZIRP,ZIRP,loro,nor_rb_rate_level,total_cover,0.0,norway
NOR_1Y,5,LORO_ZIRP,ZIRP,loro,nor_unemp,total_cover,0.0,norway
NOR_1Y,5,LORO_ZIRP,ZIRP,loro,nor_usdnok_chg_1d,total_cover,82.0,norway
NOR_1Y,5,LORO_ZIRP,ZIRP,loro,nor_usdnok_level,total_cover,0.0,norway
NOR_1Y,5,LORO_ZIRP,ZIRP,loro,nor_usdnok_mom_1m,total_cover,273.0,norway
NOR_1Y,5,LORO_ZIRP,ZIRP,loro,nor_usdnok_mom_3m,total_cover,83.0,norway
NOR_1Y,5,LORO_ZIRP,ZIRP,loro,nor_usdnok_rvol_20d,total_cover,0.0,norway
NOR_1Y,5,LORO_ZIRP,ZIRP,loro,swap_govt_spread,total_cover,0.0,norway
NOR_1Y,5,LORO_ZIRP,ZIRP,loro,xmpca_01,total_cover,0.0,cross_market
NOR_1Y,5,LORO_ZIRP,ZIRP,loro,xmpca_02,total_cover,0.0,cross_market
NOR_1Y,5,LORO_ZIRP,ZIRP,loro,xmpca_03,total_cover,0.0,cross_market
NOR_1Y,5,LORO_ZIRP,ZIRP,loro,xmpca_04,total_cover,0.0,cross_market
NOR_1Y,5,LORO_ZIRP,ZIRP,loro,xmpca_05,total_cover,7.0,cross_market
NOR_1Y,5,LORO_ZIRP,ZIRP,loro,xmpca_06,total_cover,8.0,cross_market
NOR_1Y,5,LORO_ZIRP,ZIRP,loro,xmpca_07,total_cover,0.0,cross_market
NOR_1Y,5,LORO_ZIRP,ZIRP,loro,xmpca_08,total_cover,0.0,cross_market
NOR_1Y,5,LORO_ZIRP,ZIRP,loro,xmpca_09,total_cover,0.0,cross_market
NOR_1Y,5,LORO_ZIRP,ZIRP,loro,xmpca_10,total_cover,30.0,cross_market
NOR_1Y,5,LORO_ZIRP,ZIRP,loro,xmpca_11,total_cover,0.0,cross_market
NOR_1Y,5,LORO_ZIRP,ZIRP,loro,xmpca_12,total_cover,0.0,cross_market
NOR_1Y,5,LORO_ZIRP,ZIRP,loro,chg_lag1,shap_mean_abs,1.497509742875991e-06,momentum
NOR_1Y,5,LORO_ZIRP,ZIRP,loro,chg_lag2,shap_mean_abs,1.0176340765610803e-06,momentum
NOR_1Y,5,LORO_ZIRP,ZIRP,loro,chg_lag3,shap_mean_abs,4.044158686156152e-06,momentum
NOR_1Y,5,LORO_ZIRP,ZIRP,loro,chg_lag4,shap_mean_abs,0.0,momentum
NOR_1Y,5,LORO_ZIRP,ZIRP,loro,chg_lag5,shap_mean_abs,6.852617843833286e-06,momentum
NOR_1Y,5,LORO_ZIRP,ZIRP,loro,carry_roll,shap_mean_abs,6.89646753926354e-07,carry_roll
NOR_1Y,5,LORO_ZIRP,ZIRP,loro,mom_63d,shap_mean_abs,5.685566065949388e-06,momentum
NOR_1Y,5,LORO_ZIRP,ZIRP,loro,mom_1m,shap_mean_abs,0.00016395188868045807,momentum
NOR_1Y,5,LORO_ZIRP,ZIRP,loro,mom_3m,shap_mean_abs,0.0008192443056032062,momentum
NOR_1Y,5,LORO_ZIRP,ZIRP,loro,mom_6m,shap_mean_abs,0.0,momentum
NOR_1Y,5,LORO_ZIRP,ZIRP,loro,mom_12m,shap_mean_abs,0.0,momentum
NOR_1Y,5,LORO_ZIRP,ZIRP,loro,dev_ma_3m,shap_mean_abs,0.0,curve
NOR_1Y,5,LORO_ZIRP,ZIRP,loro,dev_ma_12m,shap_mean_abs,0.0,curve
NOR_1Y,5,LORO_ZIRP,ZIRP,loro,vol_20d,shap_mean_abs,0.0,vol
NOR_1Y,5,LORO_ZIRP,ZIRP,loro,vol_regime,shap_mean_abs,0.0,vol
NOR_1Y,5,LORO_ZIRP,ZIRP,loro,vol_zscore,shap_mean_abs,3.078283407376148e-05,vol
NOR_1Y,5,LORO_ZIRP,ZIRP,loro,level_zscore,shap_mean_abs,0.0008114620577543974,curve
NOR_1Y,5,LORO_ZIRP,ZIRP,loro,slope_10_1,shap_mean_abs,0.0,curve
NOR_1Y,5,LORO_ZIRP,ZIRP,loro,slope_10_5,shap_mean_abs,0.0,curve
NOR_1Y,5,LORO_ZIRP,ZIRP,loro,slope_5_1,shap_mean_abs,0.0,curve
NOR_1Y,5,LORO_ZIRP,ZIRP,loro,sofr_mom_1m,shap_mean_abs,0.00047905053361319005,macro
NOR_1Y,5,LORO_ZIRP,ZIRP,loro,ibor_level,shap_mean_abs,0.0,macro
NOR_1Y,5,LORO_ZIRP,ZIRP,loro,ibor_chg_1d,shap_mean_abs,6.781755928386701e-06,macro
NOR_1Y,5,LORO_ZIRP,ZIRP,loro,ibor_mom_1m,shap_mean_abs,0.0,macro
NOR_1Y,5,LORO_ZIRP,ZIRP,loro,ibor_term_slope,shap_mean_abs,0.0,macro
NOR_1Y,5,LORO_ZIRP,ZIRP,loro,swap_ibor_basis,shap_mean_abs,0.0,curve
NOR_1Y,5,LORO_ZIRP,ZIRP,loro,move_level,shap_mean_abs,0.0003601847274694592,vol
NOR_1Y,5,LORO_ZIRP,ZIRP,loro,move_zscore,shap_mean_abs,0.0,vol
NOR_1Y,5,LORO_ZIRP,ZIRP,loro,vix_level,shap_mean_abs,0.0,vol
NOR_1Y,5,LORO_ZIRP,ZIRP,loro,vix_zscore,shap_mean_abs,0.0,vol
NOR_1Y,5,LORO_ZIRP,ZIRP,loro,v2x_level,shap_mean_abs,0.0,vol
NOR_1Y,5,LORO_ZIRP,ZIRP,loro,vxn_level,shap_mean_abs,0.0,vol
NOR_1Y,5,LORO_ZIRP,ZIRP,loro,ovx_level,shap_mean_abs,0.0,vol
NOR_1Y,5,LORO_ZIRP,ZIRP,loro,gvz_level,shap_mean_abs,0.00021362036932259798,vol
NOR_1Y,5,LORO_ZIRP,ZIRP,loro,spx_mom_1m,shap_mean_abs,0.00021596842270810157,macro
NOR_1Y,5,LORO_ZIRP,ZIRP,loro,spx_mom_3m,shap_mean_abs,0.0,macro
NOR_1Y,5,LORO_ZIRP,ZIRP,loro,sx5e_mom_1m,shap_mean_abs,4.68921716674231e-05,macro
NOR_1Y,5,LORO_ZIRP,ZIRP,loro,sx5e_mom_3m,shap_mean_abs,0.0,macro
NOR_1Y,5,LORO_ZIRP,ZIRP,loro,mxwo_mom_1m,shap_mean_abs,4.27359773311764e-05,macro
NOR_1Y,5,LORO_ZIRP,ZIRP,loro,ndx_mom_1m,shap_mean_abs,0.0,macro
NOR_1Y,5,LORO_ZIRP,ZIRP,loro,oil_mom_1m,shap_mean_abs,0.0,macro
NOR_1Y,5,LORO_ZIRP,ZIRP,loro,oil_mom_3m,shap_mean_abs,0.0,macro
NOR_1Y,5,LORO_ZIRP,ZIRP,loro,copper_mom_1m,shap_mean_abs,5.160750151844695e-05,macro
NOR_1Y,5,LORO_ZIRP,ZIRP,loro,opec_prod,shap_mean_abs,2.428042353130877e-05,macro
NOR_1Y,5,LORO_ZIRP,ZIRP,loro,natgas_mom_1m,shap_mean_abs,0.00041276763658970594,macro
NOR_1Y,5,LORO_ZIRP,ZIRP,loro,be5y_level,shap_mean_abs,0.0,macro
NOR_1Y,5,LORO_ZIRP,ZIRP,loro,be10y_level,shap_mean_abs,0.0,macro
NOR_1Y,5,LORO_ZIRP,ZIRP,loro,be_slope,shap_mean_abs,0.0,macro
NOR_1Y,5,LORO_ZIRP,ZIRP,loro,be5y_chg_1m,shap_mean_abs,0.0,macro
NOR_1Y,5,LORO_ZIRP,ZIRP,loro,ig_spread,shap_mean_abs,0.0,credit
NOR_1Y,5,LORO_ZIRP,ZIRP,loro,hy_spread,shap_mean_abs,0.0,credit
NOR_1Y,5,LORO_ZIRP,ZIRP,loro,ig_chg_1m,shap_mean_abs,0.0,credit
NOR_1Y,5,LORO_ZIRP,ZIRP,loro,hy_chg_1m,shap_mean_abs,0.0,credit
NOR_1Y,5,LORO_ZIRP,ZIRP,loro,cpi_yoy,shap_mean_abs,0.0002651533577591181,macro
NOR_1Y,5,LORO_ZIRP,ZIRP,loro,pce_core_chg,shap_mean_abs,0.0,macro
NOR_1Y,5,LORO_ZIRP,ZIRP,loro,nfp_change,shap_mean_abs,0.0,macro
NOR_1Y,5,LORO_ZIRP,ZIRP,loro,pmi_us,shap_mean_abs,0.0,macro
NOR_1Y,5,LORO_ZIRP,ZIRP,loro,pmi_eur,shap_mean_abs,8.41523869894445e-05,macro
NOR_1Y,5,LORO_ZIRP,ZIRP,loro,unemp_eur,shap_mean_abs,0.0,macro
NOR_1Y,5,LORO_ZIRP,ZIRP,loro,cpi_nsa_level,shap_mean_abs,0.0,macro
NOR_1Y,5,LORO_ZIRP,ZIRP,loro,pce_core_level,shap_mean_abs,0.0,macro
NOR_1Y,5,LORO_ZIRP,ZIRP,loro,eur_3m,shap_mean_abs,0.0,macro
NOR_1Y,5,LORO_ZIRP,ZIRP,loro,eur_1w,shap_mean_abs,0.0,macro
NOR_1Y,5,LORO_ZIRP,ZIRP,loro,nor_ibor_1m,shap_mean_abs,0.0,norway
NOR_1Y,5,LORO_ZIRP,ZIRP,loro,nor_ibor_6m,shap_mean_abs,0.0,norway
NOR_1Y,5,LORO_ZIRP,ZIRP,loro,nor_ecb_dfr_chg,shap_mean_abs,0.0,norway
NOR_1Y,5,LORO_ZIRP,ZIRP,loro,nor_ecb_dfr_level,shap_mean_abs,0.0,norway
NOR_1Y,5,LORO_ZIRP,ZIRP,loro,nor_eurnok_chg_1d,shap_mean_abs,6.989005487412214e-05,norway
NOR_1Y,5,LORO_ZIRP,ZIRP,loro,nor_eurnok_level,shap_mean_abs,0.0,norway
NOR_1Y,5,LORO_ZIRP,ZIRP,loro,nor_eurnok_mom_1m,shap_mean_abs,0.0,norway
NOR_1Y,5,LORO_ZIRP,ZIRP,loro,nor_eurnok_mom_3m,shap_mean_abs,0.0,norway
NOR_1Y,5,LORO_ZIRP,ZIRP,loro,nor_eurnok_rvol_20d,shap_mean_abs,8.343875379068777e-05,norway
NOR_1Y,5,LORO_ZIRP,ZIRP,loro,nor_govt_10y,shap_mean_abs,0.0,norway
NOR_1Y,5,LORO_ZIRP,ZIRP,loro,nor_govt_3y,shap_mean_abs,0.0,norway
NOR_1Y,5,LORO_ZIRP,ZIRP,loro,nor_govt_5y,shap_mean_abs,0.0,norway
NOR_1Y,5,LORO_ZIRP,ZIRP,loro,nor_i44_chg_1d,shap_mean_abs,0.0,norway
NOR_1Y,5,LORO_ZIRP,ZIRP,loro,nor_i44_level,shap_mean_abs,0.0,norway
NOR_1Y,5,LORO_ZIRP,ZIRP,loro,nor_i44_mom_1m,shap_mean_abs,0.0,norway
NOR_1Y,5,LORO_ZIRP,ZIRP,loro,nor_i44_mom_3m,shap_mean_abs,0.0,norway
NOR_1Y,5,LORO_ZIRP,ZIRP,loro,nor_i44_rvol_20d,shap_mean_abs,0.0005656399880535901,norway
NOR_1Y,5,LORO_ZIRP,ZIRP,loro,nor_kpi_yoy,shap_mean_abs,0.0,norway
NOR_1Y,5,LORO_ZIRP,ZIRP,loro,nor_kpijae_yoy,shap_mean_abs,0.0,norway
NOR_1Y,5,LORO_ZIRP,ZIRP,loro,nor_nibor_nowa_spread,shap_mean_abs,1.4191672562446911e-05,norway
NOR_1Y,5,LORO_ZIRP,ZIRP,loro,nor_nowa_level,shap_mean_abs,0.0,norway
NOR_1Y,5,LORO_ZIRP,ZIRP,loro,nor_polrate_chg_1d,shap_mean_abs,0.0,norway
NOR_1Y,5,LORO_ZIRP,ZIRP,loro,nor_polrate_days_since_chg,shap_mean_abs,0.0,norway
NOR_1Y,5,LORO_ZIRP,ZIRP,loro,nor_polrate_level,shap_mean_abs,0.0,norway
NOR_1Y,5,LORO_ZIRP,ZIRP,loro,nor_rb_rate_chg,shap_mean_abs,0.0,norway
NOR_1Y,5,LORO_ZIRP,ZIRP,loro,nor_rb_rate_level,shap_mean_abs,0.0,norway
NOR_1Y,5,LORO_ZIRP,ZIRP,loro,nor_unemp,shap_mean_abs,0.0,norway
NOR_1Y,5,LORO_ZIRP,ZIRP,loro,nor_usdnok_chg_1d,shap_mean_abs,4.548244396573864e-05,norway
NOR_1Y,5,LORO_ZIRP,ZIRP,loro,nor_usdnok_level,shap_mean_abs,0.0,norway
NOR_1Y,5,LORO_ZIRP,ZIRP,loro,nor_usdnok_mom_1m,shap_mean_abs,9.512383985565975e-05,norway
NOR_1Y,5,LORO_ZIRP,ZIRP,loro,nor_usdnok_mom_3m,shap_mean_abs,2.0938945453963242e-05,norway
NOR_1Y,5,LORO_ZIRP,ZIRP,loro,nor_usdnok_rvol_20d,shap_mean_abs,0.0,norway
NOR_1Y,5,LORO_ZIRP,ZIRP,loro,swap_govt_spread,shap_mean_abs,0.0,norway
NOR_1Y,5,LORO_ZIRP,ZIRP,loro,xmpca_01,shap_mean_abs,0.0,cross_market
NOR_1Y,5,LORO_ZIRP,ZIRP,loro,xmpca_02,shap_mean_abs,0.0,cross_market
NOR_1Y,5,LORO_ZIRP,ZIRP,loro,xmpca_03,shap_mean_abs,0.0,cross_market
NOR_1Y,5,LORO_ZIRP,ZIRP,loro,xmpca_04,shap_mean_abs,0.0,cross_market
NOR_1Y,5,LORO_ZIRP,ZIRP,loro,xmpca_05,shap_mean_abs,2.576673068688251e-06,cross_market
NOR_1Y,5,LORO_ZIRP,ZIRP,loro,xmpca_06,shap_mean_abs,2.4572980237280717e-06,cross_market
NOR_1Y,5,LORO_ZIRP,ZIRP,loro,xmpca_07,shap_mean_abs,0.0,cross_market
NOR_1Y,5,LORO_ZIRP,ZIRP,loro,xmpca_08,shap_mean_abs,0.0,cross_market
NOR_1Y,5,LORO_ZIRP,ZIRP,loro,xmpca_09,shap_mean_abs,0.0,cross_market
NOR_1Y,5,LORO_ZIRP,ZIRP,loro,xmpca_10,shap_mean_abs,3.283010664745234e-05,cross_market
NOR_1Y,5,LORO_ZIRP,ZIRP,loro,xmpca_11,shap_mean_abs,0.0,cross_market
NOR_1Y,5,LORO_ZIRP,ZIRP,loro,xmpca_12,shap_mean_abs,0.0,cross_market
NOR_1Y,5,LORO_COVID,COVID,loro,chg_lag1,gain,0.05956244468688965,momentum
NOR_1Y,5,LORO_COVID,COVID,loro,chg_lag2,gain,0.0,momentum
NOR_1Y,5,LORO_COVID,COVID,loro,chg_lag3,gain,0.007240667473524809,momentum
NOR_1Y,5,LORO_COVID,COVID,loro,chg_lag4,gain,0.0,momentum
NOR_1Y,5,LORO_COVID,COVID,loro,chg_lag5,gain,0.07253950089216232,momentum
NOR_1Y,5,LORO_COVID,COVID,loro,carry_roll,gain,0.0,carry_roll
NOR_1Y,5,LORO_COVID,COVID,loro,mom_63d,gain,0.13374987244606018,momentum
NOR_1Y,5,LORO_COVID,COVID,loro,mom_1m,gain,0.08790302276611328,momentum
NOR_1Y,5,LORO_COVID,COVID,loro,mom_3m,gain,0.07941044867038727,momentum
NOR_1Y,5,LORO_COVID,COVID,loro,mom_6m,gain,0.07177898287773132,momentum
NOR_1Y,5,LORO_COVID,COVID,loro,mom_12m,gain,0.0,momentum
NOR_1Y,5,LORO_COVID,COVID,loro,dev_ma_3m,gain,0.0,curve
NOR_1Y,5,LORO_COVID,COVID,loro,dev_ma_12m,gain,0.058392420411109924,curve
NOR_1Y,5,LORO_COVID,COVID,loro,vol_20d,gain,0.2592740058898926,vol
NOR_1Y,5,LORO_COVID,COVID,loro,vol_regime,gain,0.012038663029670715,vol
NOR_1Y,5,LORO_COVID,COVID,loro,vol_zscore,gain,0.0,vol
NOR_1Y,5,LORO_COVID,COVID,loro,level_zscore,gain,0.0,curve
NOR_1Y,5,LORO_COVID,COVID,loro,slope_10_1,gain,0.05879780650138855,curve
NOR_1Y,5,LORO_COVID,COVID,loro,slope_10_5,gain,0.03309614956378937,curve
NOR_1Y,5,LORO_COVID,COVID,loro,slope_5_1,gain,0.0,curve
NOR_1Y,5,LORO_COVID,COVID,loro,sofr_mom_1m,gain,0.08097746223211288,macro
NOR_1Y,5,LORO_COVID,COVID,loro,ibor_level,gain,0.04398518055677414,macro
NOR_1Y,5,LORO_COVID,COVID,loro,ibor_chg_1d,gain,0.08806123584508896,macro
NOR_1Y,5,LORO_COVID,COVID,loro,ibor_mom_1m,gain,0.04926009476184845,macro
NOR_1Y,5,LORO_COVID,COVID,loro,ibor_term_slope,gain,0.0627298578619957,macro
NOR_1Y,5,LORO_COVID,COVID,loro,swap_ibor_basis,gain,0.24420493841171265,curve
NOR_1Y,5,LORO_COVID,COVID,loro,move_level,gain,0.46015307307243347,vol
NOR_1Y,5,LORO_COVID,COVID,loro,move_zscore,gain,0.0,vol
NOR_1Y,5,LORO_COVID,COVID,loro,vix_level,gain,0.0,vol
NOR_1Y,5,LORO_COVID,COVID,loro,vix_zscore,gain,0.0,vol
NOR_1Y,5,LORO_COVID,COVID,loro,v2x_level,gain,0.027538610622286797,vol
NOR_1Y,5,LORO_COVID,COVID,loro,vxn_level,gain,0.0,vol
NOR_1Y,5,LORO_COVID,COVID,loro,ovx_level,gain,0.07304760813713074,vol
NOR_1Y,5,LORO_COVID,COVID,loro,gvz_level,gain,0.322940856218338,vol
NOR_1Y,5,LORO_COVID,COVID,loro,spx_mom_1m,gain,0.0,macro
NOR_1Y,5,LORO_COVID,COVID,loro,spx_mom_3m,gain,0.0,macro
NOR_1Y,5,LORO_COVID,COVID,loro,sx5e_mom_1m,gain,0.0,macro
NOR_1Y,5,LORO_COVID,COVID,loro,sx5e_mom_3m,gain,0.014979725703597069,macro
NOR_1Y,5,LORO_COVID,COVID,loro,mxwo_mom_1m,gain,0.025574209168553352,macro
NOR_1Y,5,LORO_COVID,COVID,loro,ndx_mom_1m,gain,0.0,macro
NOR_1Y,5,LORO_COVID,COVID,loro,oil_mom_1m,gain,0.08897854387760162,macro
NOR_1Y,5,LORO_COVID,COVID,loro,oil_mom_3m,gain,0.0,macro
NOR_1Y,5,LORO_COVID,COVID,loro,copper_mom_1m,gain,0.0,macro
NOR_1Y,5,LORO_COVID,COVID,loro,opec_prod,gain,0.019129544496536255,macro
NOR_1Y,5,LORO_COVID,COVID,loro,natgas_mom_1m,gain,0.09839114546775818,macro
NOR_1Y,5,LORO_COVID,COVID,loro,be5y_level,gain,0.0,macro
NOR_1Y,5,LORO_COVID,COVID,loro,be10y_level,gain,0.0,macro
NOR_1Y,5,LORO_COVID,COVID,loro,be_slope,gain,0.047730304300785065,macro
NOR_1Y,5,LORO_COVID,COVID,loro,be5y_chg_1m,gain,0.0,macro
NOR_1Y,5,LORO_COVID,COVID,loro,ig_spread,gain,0.0,credit
NOR_1Y,5,LORO_COVID,COVID,loro,hy_spread,gain,0.10861280560493469,credit
NOR_1Y,5,LORO_COVID,COVID,loro,ig_chg_1m,gain,0.0,credit
NOR_1Y,5,LORO_COVID,COVID,loro,hy_chg_1m,gain,0.0,credit
NOR_1Y,5,LORO_COVID,COVID,loro,cpi_yoy,gain,0.057747192680835724,macro
NOR_1Y,5,LORO_COVID,COVID,loro,pce_core_chg,gain,0.0,macro
NOR_1Y,5,LORO_COVID,COVID,loro,nfp_change,gain,0.10521204769611359,macro
NOR_1Y,5,LORO_COVID,COVID,loro,pmi_us,gain,0.04293851554393768,macro
NOR_1Y,5,LORO_COVID,COVID,loro,pmi_eur,gain,0.0,macro
NOR_1Y,5,LORO_COVID,COVID,loro,unemp_eur,gain,0.0,macro
NOR_1Y,5,LORO_COVID,COVID,loro,cpi_nsa_level,gain,0.0,macro
NOR_1Y,5,LORO_COVID,COVID,loro,pce_core_level,gain,0.0,macro
NOR_1Y,5,LORO_COVID,COVID,loro,eur_3m,gain,0.06465977430343628,macro
NOR_1Y,5,LORO_COVID,COVID,loro,eur_1w,gain,0.05187733471393585,macro
NOR_1Y,5,LORO_COVID,COVID,loro,nor_ibor_1m,gain,0.6684189438819885,norway
NOR_1Y,5,LORO_COVID,COVID,loro,nor_ibor_6m,gain,0.18607407808303833,norway
NOR_1Y,5,LORO_COVID,COVID,loro,nor_ecb_dfr_chg,gain,0.0,norway
NOR_1Y,5,LORO_COVID,COVID,loro,nor_ecb_dfr_level,gain,0.0,norway
NOR_1Y,5,LORO_COVID,COVID,loro,nor_eurnok_chg_1d,gain,0.04871457815170288,norway
NOR_1Y,5,LORO_COVID,COVID,loro,nor_eurnok_level,gain,0.043928198516368866,norway
NOR_1Y,5,LORO_COVID,COVID,loro,nor_eurnok_mom_1m,gain,0.0,norway
NOR_1Y,5,LORO_COVID,COVID,loro,nor_eurnok_mom_3m,gain,0.06250538676977158,norway
NOR_1Y,5,LORO_COVID,COVID,loro,nor_eurnok_rvol_20d,gain,0.020672500133514404,norway
NOR_1Y,5,LORO_COVID,COVID,loro,nor_govt_10y,gain,0.10858499258756638,norway
NOR_1Y,5,LORO_COVID,COVID,loro,nor_govt_3y,gain,0.05416615307331085,norway
NOR_1Y,5,LORO_COVID,COVID,loro,nor_govt_5y,gain,0.08742842823266983,norway
NOR_1Y,5,LORO_COVID,COVID,loro,nor_i44_chg_1d,gain,0.06151246279478073,norway
NOR_1Y,5,LORO_COVID,COVID,loro,nor_i44_level,gain,0.0,norway
NOR_1Y,5,LORO_COVID,COVID,loro,nor_i44_mom_1m,gain,0.061579473316669464,norway
NOR_1Y,5,LORO_COVID,COVID,loro,nor_i44_mom_3m,gain,0.0,norway
NOR_1Y,5,LORO_COVID,COVID,loro,nor_i44_rvol_20d,gain,0.050530340522527695,norway
NOR_1Y,5,LORO_COVID,COVID,loro,nor_kpi_yoy,gain,0.0,norway
NOR_1Y,5,LORO_COVID,COVID,loro,nor_kpijae_yoy,gain,0.0,norway
NOR_1Y,5,LORO_COVID,COVID,loro,nor_nibor_nowa_spread,gain,0.0,norway
NOR_1Y,5,LORO_COVID,COVID,loro,nor_nowa_level,gain,0.0,norway
NOR_1Y,5,LORO_COVID,COVID,loro,nor_polrate_chg_1d,gain,0.0,norway
NOR_1Y,5,LORO_COVID,COVID,loro,nor_polrate_days_since_chg,gain,0.05031139776110649,norway
NOR_1Y,5,LORO_COVID,COVID,loro,nor_polrate_level,gain,0.0,norway
NOR_1Y,5,LORO_COVID,COVID,loro,nor_rb_rate_chg,gain,0.0,norway
NOR_1Y,5,LORO_COVID,COVID,loro,nor_rb_rate_level,gain,0.0,norway
NOR_1Y,5,LORO_COVID,COVID,loro,nor_unemp,gain,0.08098435401916504,norway
NOR_1Y,5,LORO_COVID,COVID,loro,nor_usdnok_chg_1d,gain,0.0,norway
NOR_1Y,5,LORO_COVID,COVID,loro,nor_usdnok_level,gain,0.0,norway
NOR_1Y,5,LORO_COVID,COVID,loro,nor_usdnok_mom_1m,gain,0.0,norway
NOR_1Y,5,LORO_COVID,COVID,loro,nor_usdnok_mom_3m,gain,0.03517274558544159,norway
NOR_1Y,5,LORO_COVID,COVID,loro,nor_usdnok_rvol_20d,gain,0.0,norway
NOR_1Y,5,LORO_COVID,COVID,loro,swap_govt_spread,gain,0.0,norway
NOR_1Y,5,LORO_COVID,COVID,loro,xmpca_01,gain,0.0,cross_market
NOR_1Y,5,LORO_COVID,COVID,loro,xmpca_02,gain,0.0,cross_market
NOR_1Y,5,LORO_COVID,COVID,loro,xmpca_03,gain,0.17663723230361938,cross_market
NOR_1Y,5,LORO_COVID,COVID,loro,xmpca_04,gain,0.1372355818748474,cross_market
NOR_1Y,5,LORO_COVID,COVID,loro,xmpca_05,gain,0.05916030704975128,cross_market
NOR_1Y,5,LORO_COVID,COVID,loro,xmpca_06,gain,0.06307558715343475,cross_market
NOR_1Y,5,LORO_COVID,COVID,loro,xmpca_07,gain,0.0,cross_market
NOR_1Y,5,LORO_COVID,COVID,loro,xmpca_08,gain,0.04663141816854477,cross_market
NOR_1Y,5,LORO_COVID,COVID,loro,xmpca_09,gain,0.0,cross_market
NOR_1Y,5,LORO_COVID,COVID,loro,xmpca_10,gain,0.0,cross_market
NOR_1Y,5,LORO_COVID,COVID,loro,xmpca_11,gain,0.0,cross_market
NOR_1Y,5,LORO_COVID,COVID,loro,xmpca_12,gain,0.0208345465362072,cross_market
NOR_1Y,5,LORO_COVID,COVID,loro,chg_lag1,weight,3.0,momentum
NOR_1Y,5,LORO_COVID,COVID,loro,chg_lag2,weight,0.0,momentum
NOR_1Y,5,LORO_COVID,COVID,loro,chg_lag3,weight,1.0,momentum
NOR_1Y,5,LORO_COVID,COVID,loro,chg_lag4,weight,0.0,momentum
NOR_1Y,5,LORO_COVID,COVID,loro,chg_lag5,weight,1.0,momentum
NOR_1Y,5,LORO_COVID,COVID,loro,carry_roll,weight,0.0,carry_roll
NOR_1Y,5,LORO_COVID,COVID,loro,mom_63d,weight,1.0,momentum
NOR_1Y,5,LORO_COVID,COVID,loro,mom_1m,weight,1.0,momentum
NOR_1Y,5,LORO_COVID,COVID,loro,mom_3m,weight,2.0,momentum
NOR_1Y,5,LORO_COVID,COVID,loro,mom_6m,weight,1.0,momentum
NOR_1Y,5,LORO_COVID,COVID,loro,mom_12m,weight,0.0,momentum
NOR_1Y,5,LORO_COVID,COVID,loro,dev_ma_3m,weight,0.0,curve
NOR_1Y,5,LORO_COVID,COVID,loro,dev_ma_12m,weight,2.0,curve
NOR_1Y,5,LORO_COVID,COVID,loro,vol_20d,weight,4.0,vol
NOR_1Y,5,LORO_COVID,COVID,loro,vol_regime,weight,1.0,vol
NOR_1Y,5,LORO_COVID,COVID,loro,vol_zscore,weight,0.0,vol
NOR_1Y,5,LORO_COVID,COVID,loro,level_zscore,weight,0.0,curve
NOR_1Y,5,LORO_COVID,COVID,loro,slope_10_1,weight,1.0,curve
NOR_1Y,5,LORO_COVID,COVID,loro,slope_10_5,weight,1.0,curve
NOR_1Y,5,LORO_COVID,COVID,loro,slope_5_1,weight,0.0,curve
NOR_1Y,5,LORO_COVID,COVID,loro,sofr_mom_1m,weight,2.0,macro
NOR_1Y,5,LORO_COVID,COVID,loro,ibor_level,weight,1.0,macro
NOR_1Y,5,LORO_COVID,COVID,loro,ibor_chg_1d,weight,2.0,macro
NOR_1Y,5,LORO_COVID,COVID,loro,ibor_mom_1m,weight,1.0,macro
NOR_1Y,5,LORO_COVID,COVID,loro,ibor_term_slope,weight,3.0,macro
NOR_1Y,5,LORO_COVID,COVID,loro,swap_ibor_basis,weight,2.0,curve
NOR_1Y,5,LORO_COVID,COVID,loro,move_level,weight,1.0,vol
NOR_1Y,5,LORO_COVID,COVID,loro,move_zscore,weight,0.0,vol
NOR_1Y,5,LORO_COVID,COVID,loro,vix_level,weight,0.0,vol
NOR_1Y,5,LORO_COVID,COVID,loro,vix_zscore,weight,0.0,vol
NOR_1Y,5,LORO_COVID,COVID,loro,v2x_level,weight,1.0,vol
NOR_1Y,5,LORO_COVID,COVID,loro,vxn_level,weight,0.0,vol
NOR_1Y,5,LORO_COVID,COVID,loro,ovx_level,weight,1.0,vol
NOR_1Y,5,LORO_COVID,COVID,loro,gvz_level,weight,2.0,vol
NOR_1Y,5,LORO_COVID,COVID,loro,spx_mom_1m,weight,0.0,macro
NOR_1Y,5,LORO_COVID,COVID,loro,spx_mom_3m,weight,0.0,macro
NOR_1Y,5,LORO_COVID,COVID,loro,sx5e_mom_1m,weight,0.0,macro
NOR_1Y,5,LORO_COVID,COVID,loro,sx5e_mom_3m,weight,1.0,macro
NOR_1Y,5,LORO_COVID,COVID,loro,mxwo_mom_1m,weight,1.0,macro
NOR_1Y,5,LORO_COVID,COVID,loro,ndx_mom_1m,weight,0.0,macro
NOR_1Y,5,LORO_COVID,COVID,loro,oil_mom_1m,weight,1.0,macro
NOR_1Y,5,LORO_COVID,COVID,loro,oil_mom_3m,weight,0.0,macro
NOR_1Y,5,LORO_COVID,COVID,loro,copper_mom_1m,weight,0.0,macro
NOR_1Y,5,LORO_COVID,COVID,loro,opec_prod,weight,1.0,macro
NOR_1Y,5,LORO_COVID,COVID,loro,natgas_mom_1m,weight,2.0,macro
NOR_1Y,5,LORO_COVID,COVID,loro,be5y_level,weight,0.0,macro
NOR_1Y,5,LORO_COVID,COVID,loro,be10y_level,weight,0.0,macro
NOR_1Y,5,LORO_COVID,COVID,loro,be_slope,weight,1.0,macro
NOR_1Y,5,LORO_COVID,COVID,loro,be5y_chg_1m,weight,0.0,macro
NOR_1Y,5,LORO_COVID,COVID,loro,ig_spread,weight,0.0,credit
NOR_1Y,5,LORO_COVID,COVID,loro,hy_spread,weight,1.0,credit
NOR_1Y,5,LORO_COVID,COVID,loro,ig_chg_1m,weight,0.0,credit
NOR_1Y,5,LORO_COVID,COVID,loro,hy_chg_1m,weight,0.0,credit
NOR_1Y,5,LORO_COVID,COVID,loro,cpi_yoy,weight,2.0,macro
NOR_1Y,5,LORO_COVID,COVID,loro,pce_core_chg,weight,0.0,macro
NOR_1Y,5,LORO_COVID,COVID,loro,nfp_change,weight,2.0,macro
NOR_1Y,5,LORO_COVID,COVID,loro,pmi_us,weight,2.0,macro
NOR_1Y,5,LORO_COVID,COVID,loro,pmi_eur,weight,0.0,macro
NOR_1Y,5,LORO_COVID,COVID,loro,unemp_eur,weight,0.0,macro
NOR_1Y,5,LORO_COVID,COVID,loro,cpi_nsa_level,weight,0.0,macro
NOR_1Y,5,LORO_COVID,COVID,loro,pce_core_level,weight,0.0,macro
NOR_1Y,5,LORO_COVID,COVID,loro,eur_3m,weight,1.0,macro
NOR_1Y,5,LORO_COVID,COVID,loro,eur_1w,weight,1.0,macro
NOR_1Y,5,LORO_COVID,COVID,loro,nor_ibor_1m,weight,1.0,norway
NOR_1Y,5,LORO_COVID,COVID,loro,nor_ibor_6m,weight,2.0,norway
NOR_1Y,5,LORO_COVID,COVID,loro,nor_ecb_dfr_chg,weight,0.0,norway
NOR_1Y,5,LORO_COVID,COVID,loro,nor_ecb_dfr_level,weight,0.0,norway
NOR_1Y,5,LORO_COVID,COVID,loro,nor_eurnok_chg_1d,weight,1.0,norway
NOR_1Y,5,LORO_COVID,COVID,loro,nor_eurnok_level,weight,1.0,norway
NOR_1Y,5,LORO_COVID,COVID,loro,nor_eurnok_mom_1m,weight,0.0,norway
NOR_1Y,5,LORO_COVID,COVID,loro,nor_eurnok_mom_3m,weight,1.0,norway
NOR_1Y,5,LORO_COVID,COVID,loro,nor_eurnok_rvol_20d,weight,2.0,norway
NOR_1Y,5,LORO_COVID,COVID,loro,nor_govt_10y,weight,1.0,norway
NOR_1Y,5,LORO_COVID,COVID,loro,nor_govt_3y,weight,4.0,norway
NOR_1Y,5,LORO_COVID,COVID,loro,nor_govt_5y,weight,1.0,norway
NOR_1Y,5,LORO_COVID,COVID,loro,nor_i44_chg_1d,weight,2.0,norway
NOR_1Y,5,LORO_COVID,COVID,loro,nor_i44_level,weight,0.0,norway
NOR_1Y,5,LORO_COVID,COVID,loro,nor_i44_mom_1m,weight,2.0,norway
NOR_1Y,5,LORO_COVID,COVID,loro,nor_i44_mom_3m,weight,0.0,norway
NOR_1Y,5,LORO_COVID,COVID,loro,nor_i44_rvol_20d,weight,3.0,norway
NOR_1Y,5,LORO_COVID,COVID,loro,nor_kpi_yoy,weight,0.0,norway
NOR_1Y,5,LORO_COVID,COVID,loro,nor_kpijae_yoy,weight,0.0,norway
NOR_1Y,5,LORO_COVID,COVID,loro,nor_nibor_nowa_spread,weight,0.0,norway
NOR_1Y,5,LORO_COVID,COVID,loro,nor_nowa_level,weight,0.0,norway
NOR_1Y,5,LORO_COVID,COVID,loro,nor_polrate_chg_1d,weight,0.0,norway
NOR_1Y,5,LORO_COVID,COVID,loro,nor_polrate_days_since_chg,weight,2.0,norway
NOR_1Y,5,LORO_COVID,COVID,loro,nor_polrate_level,weight,0.0,norway
NOR_1Y,5,LORO_COVID,COVID,loro,nor_rb_rate_chg,weight,0.0,norway
NOR_1Y,5,LORO_COVID,COVID,loro,nor_rb_rate_level,weight,0.0,norway
NOR_1Y,5,LORO_COVID,COVID,loro,nor_unemp,weight,1.0,norway
NOR_1Y,5,LORO_COVID,COVID,loro,nor_usdnok_chg_1d,weight,0.0,norway
NOR_1Y,5,LORO_COVID,COVID,loro,nor_usdnok_level,weight,0.0,norway
NOR_1Y,5,LORO_COVID,COVID,loro,nor_usdnok_mom_1m,weight,0.0,norway
NOR_1Y,5,LORO_COVID,COVID,loro,nor_usdnok_mom_3m,weight,1.0,norway
NOR_1Y,5,LORO_COVID,COVID,loro,nor_usdnok_rvol_20d,weight,0.0,norway
NOR_1Y,5,LORO_COVID,COVID,loro,swap_govt_spread,weight,0.0,norway
NOR_1Y,5,LORO_COVID,COVID,loro,xmpca_01,weight,0.0,cross_market
NOR_1Y,5,LORO_COVID,COVID,loro,xmpca_02,weight,0.0,cross_market
NOR_1Y,5,LORO_COVID,COVID,loro,xmpca_03,weight,1.0,cross_market
NOR_1Y,5,LORO_COVID,COVID,loro,xmpca_04,weight,2.0,cross_market
NOR_1Y,5,LORO_COVID,COVID,loro,xmpca_05,weight,1.0,cross_market
NOR_1Y,5,LORO_COVID,COVID,loro,xmpca_06,weight,2.0,cross_market
NOR_1Y,5,LORO_COVID,COVID,loro,xmpca_07,weight,0.0,cross_market
NOR_1Y,5,LORO_COVID,COVID,loro,xmpca_08,weight,2.0,cross_market
NOR_1Y,5,LORO_COVID,COVID,loro,xmpca_09,weight,0.0,cross_market
NOR_1Y,5,LORO_COVID,COVID,loro,xmpca_10,weight,0.0,cross_market
NOR_1Y,5,LORO_COVID,COVID,loro,xmpca_11,weight,0.0,cross_market
NOR_1Y,5,LORO_COVID,COVID,loro,xmpca_12,weight,1.0,cross_market
NOR_1Y,5,LORO_COVID,COVID,loro,chg_lag1,cover,111.0,momentum
NOR_1Y,5,LORO_COVID,COVID,loro,chg_lag2,cover,0.0,momentum
NOR_1Y,5,LORO_COVID,COVID,loro,chg_lag3,cover,15.0,momentum
NOR_1Y,5,LORO_COVID,COVID,loro,chg_lag4,cover,0.0,momentum
NOR_1Y,5,LORO_COVID,COVID,loro,chg_lag5,cover,18.0,momentum
NOR_1Y,5,LORO_COVID,COVID,loro,carry_roll,cover,0.0,carry_roll
NOR_1Y,5,LORO_COVID,COVID,loro,mom_63d,cover,2115.0,momentum
NOR_1Y,5,LORO_COVID,COVID,loro,mom_1m,cover,287.0,momentum
NOR_1Y,5,LORO_COVID,COVID,loro,mom_3m,cover,2094.5,momentum
NOR_1Y,5,LORO_COVID,COVID,loro,mom_6m,cover,2059.0,momentum
NOR_1Y,5,LORO_COVID,COVID,loro,mom_12m,cover,0.0,momentum
NOR_1Y,5,LORO_COVID,COVID,loro,dev_ma_3m,cover,0.0,curve
NOR_1Y,5,LORO_COVID,COVID,loro,dev_ma_12m,cover,1138.0,curve
NOR_1Y,5,LORO_COVID,COVID,loro,vol_20d,cover,1010.0,vol
NOR_1Y,5,LORO_COVID,COVID,loro,vol_regime,cover,22.0,vol
NOR_1Y,5,LORO_COVID,COVID,loro,vol_zscore,cover,0.0,vol
NOR_1Y,5,LORO_COVID,COVID,loro,level_zscore,cover,0.0,curve
NOR_1Y,5,LORO_COVID,COVID,loro,slope_10_1,cover,69.0,curve
NOR_1Y,5,LORO_COVID,COVID,loro,slope_10_5,cover,220.0,curve
NOR_1Y,5,LORO_COVID,COVID,loro,slope_5_1,cover,0.0,curve
NOR_1Y,5,LORO_COVID,COVID,loro,sofr_mom_1m,cover,864.0,macro
NOR_1Y,5,LORO_COVID,COVID,loro,ibor_level,cover,11.0,macro
NOR_1Y,5,LORO_COVID,COVID,loro,ibor_chg_1d,cover,22.0,macro
NOR_1Y,5,LORO_COVID,COVID,loro,ibor_mom_1m,cover,51.0,macro
NOR_1Y,5,LORO_COVID,COVID,loro,ibor_term_slope,cover,149.0,macro
NOR_1Y,5,LORO_COVID,COVID,loro,swap_ibor_basis,cover,2161.5,curve
NOR_1Y,5,LORO_COVID,COVID,loro,move_level,cover,2149.0,vol
NOR_1Y,5,LORO_COVID,COVID,loro,move_zscore,cover,0.0,vol
NOR_1Y,5,LORO_COVID,COVID,loro,vix_level,cover,0.0,vol
NOR_1Y,5,LORO_COVID,COVID,loro,vix_zscore,cover,0.0,vol
NOR_1Y,5,LORO_COVID,COVID,loro,v2x_level,cover,1505.0,vol
NOR_1Y,5,LORO_COVID,COVID,loro,vxn_level,cover,0.0,vol
NOR_1Y,5,LORO_COVID,COVID,loro,ovx_level,cover,42.0,vol
NOR_1Y,5,LORO_COVID,COVID,loro,gvz_level,cover,1821.5,vol
NOR_1Y,5,LORO_COVID,COVID,loro,spx_mom_1m,cover,0.0,macro
NOR_1Y,5,LORO_COVID,COVID,loro,spx_mom_3m,cover,0.0,macro
NOR_1Y,5,LORO_COVID,COVID,loro,sx5e_mom_1m,cover,0.0,macro
NOR_1Y,5,LORO_COVID,COVID,loro,sx5e_mom_3m,cover,59.0,macro
NOR_1Y,5,LORO_COVID,COVID,loro,mxwo_mom_1m,cover,147.0,macro
NOR_1Y,5,LORO_COVID,COVID,loro,ndx_mom_1m,cover,0.0,macro
NOR_1Y,5,LORO_COVID,COVID,loro,oil_mom_1m,cover,16.0,macro
NOR_1Y,5,LORO_COVID,COVID,loro,oil_mom_3m,cover,0.0,macro
NOR_1Y,5,LORO_COVID,COVID,loro,copper_mom_1m,cover,0.0,macro
NOR_1Y,5,LORO_COVID,COVID,loro,opec_prod,cover,55.0,macro
NOR_1Y,5,LORO_COVID,COVID,loro,natgas_mom_1m,cover,416.0,macro
NOR_1Y,5,LORO_COVID,COVID,loro,be5y_level,cover,0.0,macro
NOR_1Y,5,LORO_COVID,COVID,loro,be10y_level,cover,0.0,macro
NOR_1Y,5,LORO_COVID,COVID,loro,be_slope,cover,1366.0,macro
NOR_1Y,5,LORO_COVID,COVID,loro,be5y_chg_1m,cover,0.0,macro
NOR_1Y,5,LORO_COVID,COVID,loro,ig_spread,cover,0.0,credit
NOR_1Y,5,LORO_COVID,COVID,loro,hy_spread,cover,428.0,credit
NOR_1Y,5,LORO_COVID,COVID,loro,ig_chg_1m,cover,0.0,credit
NOR_1Y,5,LORO_COVID,COVID,loro,hy_chg_1m,cover,0.0,credit
NOR_1Y,5,LORO_COVID,COVID,loro,cpi_yoy,cover,850.5,macro
NOR_1Y,5,LORO_COVID,COVID,loro,pce_core_chg,cover,0.0,macro
NOR_1Y,5,LORO_COVID,COVID,loro,nfp_change,cover,2122.5,macro
NOR_1Y,5,LORO_COVID,COVID,loro,pmi_us,cover,235.5,macro
NOR_1Y,5,LORO_COVID,COVID,loro,pmi_eur,cover,0.0,macro
NOR_1Y,5,LORO_COVID,COVID,loro,unemp_eur,cover,0.0,macro
NOR_1Y,5,LORO_COVID,COVID,loro,cpi_nsa_level,cover,0.0,macro
NOR_1Y,5,LORO_COVID,COVID,loro,pce_core_level,cover,0.0,macro
NOR_1Y,5,LORO_COVID,COVID,loro,eur_3m,cover,61.0,macro
NOR_1Y,5,LORO_COVID,COVID,loro,eur_1w,cover,118.0,macro
NOR_1Y,5,LORO_COVID,COVID,loro,nor_ibor_1m,cover,2155.0,norway
NOR_1Y,5,LORO_COVID,COVID,loro,nor_ibor_6m,cover,134.5,norway
NOR_1Y,5,LORO_COVID,COVID,loro,nor_ecb_dfr_chg,cover,0.0,norway
NOR_1Y,5,LORO_COVID,COVID,loro,nor_ecb_dfr_level,cover,0.0,norway
NOR_1Y,5,LORO_COVID,COVID,loro,nor_eurnok_chg_1d,cover,15.0,norway
NOR_1Y,5,LORO_COVID,COVID,loro,nor_eurnok_level,cover,66.0,norway
NOR_1Y,5,LORO_COVID,COVID,loro,nor_eurnok_mom_1m,cover,0.0,norway
NOR_1Y,5,LORO_COVID,COVID,loro,nor_eurnok_mom_3m,cover,383.0,norway
NOR_1Y,5,LORO_COVID,COVID,loro,nor_eurnok_rvol_20d,cover,32.0,norway
NOR_1Y,5,LORO_COVID,COVID,loro,nor_govt_10y,cover,1848.0,norway
NOR_1Y,5,LORO_COVID,COVID,loro,nor_govt_3y,cover,908.75,norway
NOR_1Y,5,LORO_COVID,COVID,loro,nor_govt_5y,cover,296.0,norway
NOR_1Y,5,LORO_COVID,COVID,loro,nor_i44_chg_1d,cover,44.5,norway
NOR_1Y,5,LORO_COVID,COVID,loro,nor_i44_level,cover,0.0,norway
NOR_1Y,5,LORO_COVID,COVID,loro,nor_i44_mom_1m,cover,22.5,norway
NOR_1Y,5,LORO_COVID,COVID,loro,nor_i44_mom_3m,cover,0.0,norway
NOR_1Y,5,LORO_COVID,COVID,loro,nor_i44_rvol_20d,cover,1159.0,norway
NOR_1Y,5,LORO_COVID,COVID,loro,nor_kpi_yoy,cover,0.0,norway
NOR_1Y,5,LORO_COVID,COVID,loro,nor_kpijae_yoy,cover,0.0,norway
NOR_1Y,5,LORO_COVID,COVID,loro,nor_nibor_nowa_spread,cover,0.0,norway
NOR_1Y,5,LORO_COVID,COVID,loro,nor_nowa_level,cover,0.0,norway
NOR_1Y,5,LORO_COVID,COVID,loro,nor_polrate_chg_1d,cover,0.0,norway
NOR_1Y,5,LORO_COVID,COVID,loro,nor_polrate_days_since_chg,cover,27.0,norway
NOR_1Y,5,LORO_COVID,COVID,loro,nor_polrate_level,cover,0.0,norway
NOR_1Y,5,LORO_COVID,COVID,loro,nor_rb_rate_chg,cover,0.0,norway
NOR_1Y,5,LORO_COVID,COVID,loro,nor_rb_rate_level,cover,0.0,norway
NOR_1Y,5,LORO_COVID,COVID,loro,nor_unemp,cover,20.0,norway
NOR_1Y,5,LORO_COVID,COVID,loro,nor_usdnok_chg_1d,cover,0.0,norway
NOR_1Y,5,LORO_COVID,COVID,loro,nor_usdnok_level,cover,0.0,norway
NOR_1Y,5,LORO_COVID,COVID,loro,nor_usdnok_mom_1m,cover,0.0,norway
NOR_1Y,5,LORO_COVID,COVID,loro,nor_usdnok_mom_3m,cover,291.0,norway
NOR_1Y,5,LORO_COVID,COVID,loro,nor_usdnok_rvol_20d,cover,0.0,norway
NOR_1Y,5,LORO_COVID,COVID,loro,swap_govt_spread,cover,0.0,norway
NOR_1Y,5,LORO_COVID,COVID,loro,xmpca_01,cover,0.0,cross_market
NOR_1Y,5,LORO_COVID,COVID,loro,xmpca_02,cover,0.0,cross_market
NOR_1Y,5,LORO_COVID,COVID,loro,xmpca_03,cover,39.0,cross_market
NOR_1Y,5,LORO_COVID,COVID,loro,xmpca_04,cover,855.0,cross_market
NOR_1Y,5,LORO_COVID,COVID,loro,xmpca_05,cover,18.0,cross_market
NOR_1Y,5,LORO_COVID,COVID,loro,xmpca_06,cover,70.0,cross_market
NOR_1Y,5,LORO_COVID,COVID,loro,xmpca_07,cover,0.0,cross_market
NOR_1Y,5,LORO_COVID,COVID,loro,xmpca_08,cover,22.5,cross_market
NOR_1Y,5,LORO_COVID,COVID,loro,xmpca_09,cover,0.0,cross_market
NOR_1Y,5,LORO_COVID,COVID,loro,xmpca_10,cover,0.0,cross_market
NOR_1Y,5,LORO_COVID,COVID,loro,xmpca_11,cover,0.0,cross_market
NOR_1Y,5,LORO_COVID,COVID,loro,xmpca_12,cover,10.0,cross_market
NOR_1Y,5,LORO_COVID,COVID,loro,chg_lag1,total_gain,0.17868733406066895,momentum
NOR_1Y,5,LORO_COVID,COVID,loro,chg_lag2,total_gain,0.0,momentum
NOR_1Y,5,LORO_COVID,COVID,loro,chg_lag3,total_gain,0.007240667473524809,momentum
NOR_1Y,5,LORO_COVID,COVID,loro,chg_lag4,total_gain,0.0,momentum
NOR_1Y,5,LORO_COVID,COVID,loro,chg_lag5,total_gain,0.07253950089216232,momentum
NOR_1Y,5,LORO_COVID,COVID,loro,carry_roll,total_gain,0.0,carry_roll
NOR_1Y,5,LORO_COVID,COVID,loro,mom_63d,total_gain,0.13374987244606018,momentum
NOR_1Y,5,LORO_COVID,COVID,loro,mom_1m,total_gain,0.08790302276611328,momentum
NOR_1Y,5,LORO_COVID,COVID,loro,mom_3m,total_gain,0.15882089734077454,momentum
NOR_1Y,5,LORO_COVID,COVID,loro,mom_6m,total_gain,0.07177898287773132,momentum
NOR_1Y,5,LORO_COVID,COVID,loro,mom_12m,total_gain,0.0,momentum
NOR_1Y,5,LORO_COVID,COVID,loro,dev_ma_3m,total_gain,0.0,curve
NOR_1Y,5,LORO_COVID,COVID,loro,dev_ma_12m,total_gain,0.11678484082221985,curve
NOR_1Y,5,LORO_COVID,COVID,loro,vol_20d,total_gain,1.0370960235595703,vol
NOR_1Y,5,LORO_COVID,COVID,loro,vol_regime,total_gain,0.012038663029670715,vol
NOR_1Y,5,LORO_COVID,COVID,loro,vol_zscore,total_gain,0.0,vol
NOR_1Y,5,LORO_COVID,COVID,loro,level_zscore,total_gain,0.0,curve
NOR_1Y,5,LORO_COVID,COVID,loro,slope_10_1,total_gain,0.05879780650138855,curve
NOR_1Y,5,LORO_COVID,COVID,loro,slope_10_5,total_gain,0.03309614956378937,curve
NOR_1Y,5,LORO_COVID,COVID,loro,slope_5_1,total_gain,0.0,curve
NOR_1Y,5,LORO_COVID,COVID,loro,sofr_mom_1m,total_gain,0.16195492446422577,macro
NOR_1Y,5,LORO_COVID,COVID,loro,ibor_level,total_gain,0.04398518055677414,macro
NOR_1Y,5,LORO_COVID,COVID,loro,ibor_chg_1d,total_gain,0.17612247169017792,macro
NOR_1Y,5,LORO_COVID,COVID,loro,ibor_mom_1m,total_gain,0.04926009476184845,macro
NOR_1Y,5,LORO_COVID,COVID,loro,ibor_term_slope,total_gain,0.1881895810365677,macro
NOR_1Y,5,LORO_COVID,COVID,loro,swap_ibor_basis,total_gain,0.4884098768234253,curve
NOR_1Y,5,LORO_COVID,COVID,loro,move_level,total_gain,0.46015307307243347,vol
NOR_1Y,5,LORO_COVID,COVID,loro,move_zscore,total_gain,0.0,vol
NOR_1Y,5,LORO_COVID,COVID,loro,vix_level,total_gain,0.0,vol
NOR_1Y,5,LORO_COVID,COVID,loro,vix_zscore,total_gain,0.0,vol
NOR_1Y,5,LORO_COVID,COVID,loro,v2x_level,total_gain,0.027538610622286797,vol
NOR_1Y,5,LORO_COVID,COVID,loro,vxn_level,total_gain,0.0,vol
NOR_1Y,5,LORO_COVID,COVID,loro,ovx_level,total_gain,0.07304760813713074,vol
NOR_1Y,5,LORO_COVID,COVID,loro,gvz_level,total_gain,0.645881712436676,vol
NOR_1Y,5,LORO_COVID,COVID,loro,spx_mom_1m,total_gain,0.0,macro
NOR_1Y,5,LORO_COVID,COVID,loro,spx_mom_3m,total_gain,0.0,macro
NOR_1Y,5,LORO_COVID,COVID,loro,sx5e_mom_1m,total_gain,0.0,macro
NOR_1Y,5,LORO_COVID,COVID,loro,sx5e_mom_3m,total_gain,0.014979725703597069,macro
NOR_1Y,5,LORO_COVID,COVID,loro,mxwo_mom_1m,total_gain,0.025574209168553352,macro
NOR_1Y,5,LORO_COVID,COVID,loro,ndx_mom_1m,total_gain,0.0,macro
NOR_1Y,5,LORO_COVID,COVID,loro,oil_mom_1m,total_gain,0.08897854387760162,macro
NOR_1Y,5,LORO_COVID,COVID,loro,oil_mom_3m,total_gain,0.0,macro
NOR_1Y,5,LORO_COVID,COVID,loro,copper_mom_1m,total_gain,0.0,macro
NOR_1Y,5,LORO_COVID,COVID,loro,opec_prod,total_gain,0.019129544496536255,macro
NOR_1Y,5,LORO_COVID,COVID,loro,natgas_mom_1m,total_gain,0.19678229093551636,macro
NOR_1Y,5,LORO_COVID,COVID,loro,be5y_level,total_gain,0.0,macro
NOR_1Y,5,LORO_COVID,COVID,loro,be10y_level,total_gain,0.0,macro
NOR_1Y,5,LORO_COVID,COVID,loro,be_slope,total_gain,0.047730304300785065,macro
NOR_1Y,5,LORO_COVID,COVID,loro,be5y_chg_1m,total_gain,0.0,macro
NOR_1Y,5,LORO_COVID,COVID,loro,ig_spread,total_gain,0.0,credit
NOR_1Y,5,LORO_COVID,COVID,loro,hy_spread,total_gain,0.10861280560493469,credit
NOR_1Y,5,LORO_COVID,COVID,loro,ig_chg_1m,total_gain,0.0,credit
NOR_1Y,5,LORO_COVID,COVID,loro,hy_chg_1m,total_gain,0.0,credit
NOR_1Y,5,LORO_COVID,COVID,loro,cpi_yoy,total_gain,0.11549438536167145,macro
NOR_1Y,5,LORO_COVID,COVID,loro,pce_core_chg,total_gain,0.0,macro
NOR_1Y,5,LORO_COVID,COVID,loro,nfp_change,total_gain,0.21042409539222717,macro
NOR_1Y,5,LORO_COVID,COVID,loro,pmi_us,total_gain,0.08587703108787537,macro
NOR_1Y,5,LORO_COVID,COVID,loro,pmi_eur,total_gain,0.0,macro
NOR_1Y,5,LORO_COVID,COVID,loro,unemp_eur,total_gain,0.0,macro
NOR_1Y,5,LORO_COVID,COVID,loro,cpi_nsa_level,total_gain,0.0,macro
NOR_1Y,5,LORO_COVID,COVID,loro,pce_core_level,total_gain,0.0,macro
NOR_1Y,5,LORO_COVID,COVID,loro,eur_3m,total_gain,0.06465977430343628,macro
NOR_1Y,5,LORO_COVID,COVID,loro,eur_1w,total_gain,0.05187733471393585,macro
NOR_1Y,5,LORO_COVID,COVID,loro,nor_ibor_1m,total_gain,0.6684189438819885,norway
NOR_1Y,5,LORO_COVID,COVID,loro,nor_ibor_6m,total_gain,0.37214815616607666,norway
NOR_1Y,5,LORO_COVID,COVID,loro,nor_ecb_dfr_chg,total_gain,0.0,norway
NOR_1Y,5,LORO_COVID,COVID,loro,nor_ecb_dfr_level,total_gain,0.0,norway
NOR_1Y,5,LORO_COVID,COVID,loro,nor_eurnok_chg_1d,total_gain,0.04871457815170288,norway
NOR_1Y,5,LORO_COVID,COVID,loro,nor_eurnok_level,total_gain,0.043928198516368866,norway
NOR_1Y,5,LORO_COVID,COVID,loro,nor_eurnok_mom_1m,total_gain,0.0,norway
NOR_1Y,5,LORO_COVID,COVID,loro,nor_eurnok_mom_3m,total_gain,0.06250538676977158,norway
NOR_1Y,5,LORO_COVID,COVID,loro,nor_eurnok_rvol_20d,total_gain,0.04134500026702881,norway
NOR_1Y,5,LORO_COVID,COVID,loro,nor_govt_10y,total_gain,0.10858499258756638,norway
NOR_1Y,5,LORO_COVID,COVID,loro,nor_govt_3y,total_gain,0.2166646122932434,norway
NOR_1Y,5,LORO_COVID,COVID,loro,nor_govt_5y,total_gain,0.08742842823266983,norway
NOR_1Y,5,LORO_COVID,COVID,loro,nor_i44_chg_1d,total_gain,0.12302492558956146,norway
NOR_1Y,5,LORO_COVID,COVID,loro,nor_i44_level,total_gain,0.0,norway
NOR_1Y,5,LORO_COVID,COVID,loro,nor_i44_mom_1m,total_gain,0.12315894663333893,norway
NOR_1Y,5,LORO_COVID,COVID,loro,nor_i44_mom_3m,total_gain,0.0,norway
NOR_1Y,5,LORO_COVID,COVID,loro,nor_i44_rvol_20d,total_gain,0.15159101784229279,norway
NOR_1Y,5,LORO_COVID,COVID,loro,nor_kpi_yoy,total_gain,0.0,norway
NOR_1Y,5,LORO_COVID,COVID,loro,nor_kpijae_yoy,total_gain,0.0,norway
NOR_1Y,5,LORO_COVID,COVID,loro,nor_nibor_nowa_spread,total_gain,0.0,norway
NOR_1Y,5,LORO_COVID,COVID,loro,nor_nowa_level,total_gain,0.0,norway
NOR_1Y,5,LORO_COVID,COVID,loro,nor_polrate_chg_1d,total_gain,0.0,norway
NOR_1Y,5,LORO_COVID,COVID,loro,nor_polrate_days_since_chg,total_gain,0.10062279552221298,norway
NOR_1Y,5,LORO_COVID,COVID,loro,nor_polrate_level,total_gain,0.0,norway
NOR_1Y,5,LORO_COVID,COVID,loro,nor_rb_rate_chg,total_gain,0.0,norway
NOR_1Y,5,LORO_COVID,COVID,loro,nor_rb_rate_level,total_gain,0.0,norway
NOR_1Y,5,LORO_COVID,COVID,loro,nor_unemp,total_gain,0.08098435401916504,norway
NOR_1Y,5,LORO_COVID,COVID,loro,nor_usdnok_chg_1d,total_gain,0.0,norway
NOR_1Y,5,LORO_COVID,COVID,loro,nor_usdnok_level,total_gain,0.0,norway
NOR_1Y,5,LORO_COVID,COVID,loro,nor_usdnok_mom_1m,total_gain,0.0,norway
NOR_1Y,5,LORO_COVID,COVID,loro,nor_usdnok_mom_3m,total_gain,0.03517274558544159,norway
NOR_1Y,5,LORO_COVID,COVID,loro,nor_usdnok_rvol_20d,total_gain,0.0,norway
NOR_1Y,5,LORO_COVID,COVID,loro,swap_govt_spread,total_gain,0.0,norway
NOR_1Y,5,LORO_COVID,COVID,loro,xmpca_01,total_gain,0.0,cross_market
NOR_1Y,5,LORO_COVID,COVID,loro,xmpca_02,total_gain,0.0,cross_market
NOR_1Y,5,LORO_COVID,COVID,loro,xmpca_03,total_gain,0.17663723230361938,cross_market
NOR_1Y,5,LORO_COVID,COVID,loro,xmpca_04,total_gain,0.2744711637496948,cross_market
NOR_1Y,5,LORO_COVID,COVID,loro,xmpca_05,total_gain,0.05916030704975128,cross_market
NOR_1Y,5,LORO_COVID,COVID,loro,xmpca_06,total_gain,0.1261511743068695,cross_market
NOR_1Y,5,LORO_COVID,COVID,loro,xmpca_07,total_gain,0.0,cross_market
NOR_1Y,5,LORO_COVID,COVID,loro,xmpca_08,total_gain,0.09326283633708954,cross_market
NOR_1Y,5,LORO_COVID,COVID,loro,xmpca_09,total_gain,0.0,cross_market
NOR_1Y,5,LORO_COVID,COVID,loro,xmpca_10,total_gain,0.0,cross_market
NOR_1Y,5,LORO_COVID,COVID,loro,xmpca_11,total_gain,0.0,cross_market
NOR_1Y,5,LORO_COVID,COVID,loro,xmpca_12,total_gain,0.0208345465362072,cross_market
NOR_1Y,5,LORO_COVID,COVID,loro,chg_lag1,total_cover,333.0,momentum
NOR_1Y,5,LORO_COVID,COVID,loro,chg_lag2,total_cover,0.0,momentum
NOR_1Y,5,LORO_COVID,COVID,loro,chg_lag3,total_cover,15.0,momentum
NOR_1Y,5,LORO_COVID,COVID,loro,chg_lag4,total_cover,0.0,momentum
NOR_1Y,5,LORO_COVID,COVID,loro,chg_lag5,total_cover,18.0,momentum
NOR_1Y,5,LORO_COVID,COVID,loro,carry_roll,total_cover,0.0,carry_roll
NOR_1Y,5,LORO_COVID,COVID,loro,mom_63d,total_cover,2115.0,momentum
NOR_1Y,5,LORO_COVID,COVID,loro,mom_1m,total_cover,287.0,momentum
NOR_1Y,5,LORO_COVID,COVID,loro,mom_3m,total_cover,4189.0,momentum
NOR_1Y,5,LORO_COVID,COVID,loro,mom_6m,total_cover,2059.0,momentum
NOR_1Y,5,LORO_COVID,COVID,loro,mom_12m,total_cover,0.0,momentum
NOR_1Y,5,LORO_COVID,COVID,loro,dev_ma_3m,total_cover,0.0,curve
NOR_1Y,5,LORO_COVID,COVID,loro,dev_ma_12m,total_cover,2276.0,curve
NOR_1Y,5,LORO_COVID,COVID,loro,vol_20d,total_cover,4040.0,vol
NOR_1Y,5,LORO_COVID,COVID,loro,vol_regime,total_cover,22.0,vol
NOR_1Y,5,LORO_COVID,COVID,loro,vol_zscore,total_cover,0.0,vol
NOR_1Y,5,LORO_COVID,COVID,loro,level_zscore,total_cover,0.0,curve
NOR_1Y,5,LORO_COVID,COVID,loro,slope_10_1,total_cover,69.0,curve
NOR_1Y,5,LORO_COVID,COVID,loro,slope_10_5,total_cover,220.0,curve
NOR_1Y,5,LORO_COVID,COVID,loro,slope_5_1,total_cover,0.0,curve
NOR_1Y,5,LORO_COVID,COVID,loro,sofr_mom_1m,total_cover,1728.0,macro
NOR_1Y,5,LORO_COVID,COVID,loro,ibor_level,total_cover,11.0,macro
NOR_1Y,5,LORO_COVID,COVID,loro,ibor_chg_1d,total_cover,44.0,macro
NOR_1Y,5,LORO_COVID,COVID,loro,ibor_mom_1m,total_cover,51.0,macro
NOR_1Y,5,LORO_COVID,COVID,loro,ibor_term_slope,total_cover,447.0,macro
NOR_1Y,5,LORO_COVID,COVID,loro,swap_ibor_basis,total_cover,4323.0,curve
NOR_1Y,5,LORO_COVID,COVID,loro,move_level,total_cover,2149.0,vol
NOR_1Y,5,LORO_COVID,COVID,loro,move_zscore,total_cover,0.0,vol
NOR_1Y,5,LORO_COVID,COVID,loro,vix_level,total_cover,0.0,vol
NOR_1Y,5,LORO_COVID,COVID,loro,vix_zscore,total_cover,0.0,vol
NOR_1Y,5,LORO_COVID,COVID,loro,v2x_level,total_cover,1505.0,vol
NOR_1Y,5,LORO_COVID,COVID,loro,vxn_level,total_cover,0.0,vol
NOR_1Y,5,LORO_COVID,COVID,loro,ovx_level,total_cover,42.0,vol
NOR_1Y,5,LORO_COVID,COVID,loro,gvz_level,total_cover,3643.0,vol
NOR_1Y,5,LORO_COVID,COVID,loro,spx_mom_1m,total_cover,0.0,macro
NOR_1Y,5,LORO_COVID,COVID,loro,spx_mom_3m,total_cover,0.0,macro
NOR_1Y,5,LORO_COVID,COVID,loro,sx5e_mom_1m,total_cover,0.0,macro
NOR_1Y,5,LORO_COVID,COVID,loro,sx5e_mom_3m,total_cover,59.0,macro
NOR_1Y,5,LORO_COVID,COVID,loro,mxwo_mom_1m,total_cover,147.0,macro
NOR_1Y,5,LORO_COVID,COVID,loro,ndx_mom_1m,total_cover,0.0,macro
NOR_1Y,5,LORO_COVID,COVID,loro,oil_mom_1m,total_cover,16.0,macro
NOR_1Y,5,LORO_COVID,COVID,loro,oil_mom_3m,total_cover,0.0,macro
NOR_1Y,5,LORO_COVID,COVID,loro,copper_mom_1m,total_cover,0.0,macro
NOR_1Y,5,LORO_COVID,COVID,loro,opec_prod,total_cover,55.0,macro
NOR_1Y,5,LORO_COVID,COVID,loro,natgas_mom_1m,total_cover,832.0,macro
NOR_1Y,5,LORO_COVID,COVID,loro,be5y_level,total_cover,0.0,macro
NOR_1Y,5,LORO_COVID,COVID,loro,be10y_level,total_cover,0.0,macro
NOR_1Y,5,LORO_COVID,COVID,loro,be_slope,total_cover,1366.0,macro
NOR_1Y,5,LORO_COVID,COVID,loro,be5y_chg_1m,total_cover,0.0,macro
NOR_1Y,5,LORO_COVID,COVID,loro,ig_spread,total_cover,0.0,credit
NOR_1Y,5,LORO_COVID,COVID,loro,hy_spread,total_cover,428.0,credit
NOR_1Y,5,LORO_COVID,COVID,loro,ig_chg_1m,total_cover,0.0,credit
NOR_1Y,5,LORO_COVID,COVID,loro,hy_chg_1m,total_cover,0.0,credit
NOR_1Y,5,LORO_COVID,COVID,loro,cpi_yoy,total_cover,1701.0,macro
NOR_1Y,5,LORO_COVID,COVID,loro,pce_core_chg,total_cover,0.0,macro
NOR_1Y,5,LORO_COVID,COVID,loro,nfp_change,total_cover,4245.0,macro
NOR_1Y,5,LORO_COVID,COVID,loro,pmi_us,total_cover,471.0,macro
NOR_1Y,5,LORO_COVID,COVID,loro,pmi_eur,total_cover,0.0,macro
NOR_1Y,5,LORO_COVID,COVID,loro,unemp_eur,total_cover,0.0,macro
NOR_1Y,5,LORO_COVID,COVID,loro,cpi_nsa_level,total_cover,0.0,macro
NOR_1Y,5,LORO_COVID,COVID,loro,pce_core_level,total_cover,0.0,macro
NOR_1Y,5,LORO_COVID,COVID,loro,eur_3m,total_cover,61.0,macro
NOR_1Y,5,LORO_COVID,COVID,loro,eur_1w,total_cover,118.0,macro
NOR_1Y,5,LORO_COVID,COVID,loro,nor_ibor_1m,total_cover,2155.0,norway
NOR_1Y,5,LORO_COVID,COVID,loro,nor_ibor_6m,total_cover,269.0,norway
NOR_1Y,5,LORO_COVID,COVID,loro,nor_ecb_dfr_chg,total_cover,0.0,norway
NOR_1Y,5,LORO_COVID,COVID,loro,nor_ecb_dfr_level,total_cover,0.0,norway
NOR_1Y,5,LORO_COVID,COVID,loro,nor_eurnok_chg_1d,total_cover,15.0,norway
NOR_1Y,5,LORO_COVID,COVID,loro,nor_eurnok_level,total_cover,66.0,norway
NOR_1Y,5,LORO_COVID,COVID,loro,nor_eurnok_mom_1m,total_cover,0.0,norway
NOR_1Y,5,LORO_COVID,COVID,loro,nor_eurnok_mom_3m,total_cover,383.0,norway
NOR_1Y,5,LORO_COVID,COVID,loro,nor_eurnok_rvol_20d,total_cover,64.0,norway
NOR_1Y,5,LORO_COVID,COVID,loro,nor_govt_10y,total_cover,1848.0,norway
NOR_1Y,5,LORO_COVID,COVID,loro,nor_govt_3y,total_cover,3635.0,norway
NOR_1Y,5,LORO_COVID,COVID,loro,nor_govt_5y,total_cover,296.0,norway
NOR_1Y,5,LORO_COVID,COVID,loro,nor_i44_chg_1d,total_cover,89.0,norway
NOR_1Y,5,LORO_COVID,COVID,loro,nor_i44_level,total_cover,0.0,norway
NOR_1Y,5,LORO_COVID,COVID,loro,nor_i44_mom_1m,total_cover,45.0,norway
NOR_1Y,5,LORO_COVID,COVID,loro,nor_i44_mom_3m,total_cover,0.0,norway
NOR_1Y,5,LORO_COVID,COVID,loro,nor_i44_rvol_20d,total_cover,3477.0,norway
NOR_1Y,5,LORO_COVID,COVID,loro,nor_kpi_yoy,total_cover,0.0,norway
NOR_1Y,5,LORO_COVID,COVID,loro,nor_kpijae_yoy,total_cover,0.0,norway
NOR_1Y,5,LORO_COVID,COVID,loro,nor_nibor_nowa_spread,total_cover,0.0,norway
NOR_1Y,5,LORO_COVID,COVID,loro,nor_nowa_level,total_cover,0.0,norway
NOR_1Y,5,LORO_COVID,COVID,loro,nor_polrate_chg_1d,total_cover,0.0,norway
NOR_1Y,5,LORO_COVID,COVID,loro,nor_polrate_days_since_chg,total_cover,54.0,norway
NOR_1Y,5,LORO_COVID,COVID,loro,nor_polrate_level,total_cover,0.0,norway
NOR_1Y,5,LORO_COVID,COVID,loro,nor_rb_rate_chg,total_cover,0.0,norway
NOR_1Y,5,LORO_COVID,COVID,loro,nor_rb_rate_level,total_cover,0.0,norway
NOR_1Y,5,LORO_COVID,COVID,loro,nor_unemp,total_cover,20.0,norway
NOR_1Y,5,LORO_COVID,COVID,loro,nor_usdnok_chg_1d,total_cover,0.0,norway
NOR_1Y,5,LORO_COVID,COVID,loro,nor_usdnok_level,total_cover,0.0,norway
NOR_1Y,5,LORO_COVID,COVID,loro,nor_usdnok_mom_1m,total_cover,0.0,norway
NOR_1Y,5,LORO_COVID,COVID,loro,nor_usdnok_mom_3m,total_cover,291.0,norway
NOR_1Y,5,LORO_COVID,COVID,loro,nor_usdnok_rvol_20d,total_cover,0.0,norway
NOR_1Y,5,LORO_COVID,COVID,loro,swap_govt_spread,total_cover,0.0,norway
NOR_1Y,5,LORO_COVID,COVID,loro,xmpca_01,total_cover,0.0,cross_market
NOR_1Y,5,LORO_COVID,COVID,loro,xmpca_02,total_cover,0.0,cross_market
NOR_1Y,5,LORO_COVID,COVID,loro,xmpca_03,total_cover,39.0,cross_market
NOR_1Y,5,LORO_COVID,COVID,loro,xmpca_04,total_cover,1710.0,cross_market
NOR_1Y,5,LORO_COVID,COVID,loro,xmpca_05,total_cover,18.0,cross_market
NOR_1Y,5,LORO_COVID,COVID,loro,xmpca_06,total_cover,140.0,cross_market
NOR_1Y,5,LORO_COVID,COVID,loro,xmpca_07,total_cover,0.0,cross_market
NOR_1Y,5,LORO_COVID,COVID,loro,xmpca_08,total_cover,45.0,cross_market
NOR_1Y,5,LORO_COVID,COVID,loro,xmpca_09,total_cover,0.0,cross_market
NOR_1Y,5,LORO_COVID,COVID,loro,xmpca_10,total_cover,0.0,cross_market
NOR_1Y,5,LORO_COVID,COVID,loro,xmpca_11,total_cover,0.0,cross_market
NOR_1Y,5,LORO_COVID,COVID,loro,xmpca_12,total_cover,10.0,cross_market
NOR_1Y,5,LORO_COVID,COVID,loro,chg_lag1,shap_mean_abs,0.0004057722690049559,momentum
NOR_1Y,5,LORO_COVID,COVID,loro,chg_lag2,shap_mean_abs,0.0,momentum
NOR_1Y,5,LORO_COVID,COVID,loro,chg_lag3,shap_mean_abs,2.973123628180474e-05,momentum
NOR_1Y,5,LORO_COVID,COVID,loro,chg_lag4,shap_mean_abs,0.0,momentum
NOR_1Y,5,LORO_COVID,COVID,loro,chg_lag5,shap_mean_abs,3.000220749527216e-05,momentum
NOR_1Y,5,LORO_COVID,COVID,loro,carry_roll,shap_mean_abs,0.0,carry_roll
NOR_1Y,5,LORO_COVID,COVID,loro,mom_63d,shap_mean_abs,0.00021324677800294012,momentum
NOR_1Y,5,LORO_COVID,COVID,loro,mom_1m,shap_mean_abs,9.057494025910273e-05,momentum
NOR_1Y,5,LORO_COVID,COVID,loro,mom_3m,shap_mean_abs,0.000611454073805362,momentum
NOR_1Y,5,LORO_COVID,COVID,loro,mom_6m,shap_mean_abs,0.00026397776673547924,momentum
NOR_1Y,5,LORO_COVID,COVID,loro,mom_12m,shap_mean_abs,0.0,momentum
NOR_1Y,5,LORO_COVID,COVID,loro,dev_ma_3m,shap_mean_abs,0.0,curve
NOR_1Y,5,LORO_COVID,COVID,loro,dev_ma_12m,shap_mean_abs,0.00019267281459178776,curve
NOR_1Y,5,LORO_COVID,COVID,loro,vol_20d,shap_mean_abs,0.00047275779070332646,vol
NOR_1Y,5,LORO_COVID,COVID,loro,vol_regime,shap_mean_abs,6.809600017732009e-05,vol
NOR_1Y,5,LORO_COVID,COVID,loro,vol_zscore,shap_mean_abs,0.0,vol
NOR_1Y,5,LORO_COVID,COVID,loro,level_zscore,shap_mean_abs,0.0,curve
NOR_1Y,5,LORO_COVID,COVID,loro,slope_10_1,shap_mean_abs,0.0009012161754071712,curve
NOR_1Y,5,LORO_COVID,COVID,loro,slope_10_5,shap_mean_abs,7.459140033461154e-05,curve
NOR_1Y,5,LORO_COVID,COVID,loro,slope_5_1,shap_mean_abs,0.0,curve
NOR_1Y,5,LORO_COVID,COVID,loro,sofr_mom_1m,shap_mean_abs,0.00025117589393630624,macro
NOR_1Y,5,LORO_COVID,COVID,loro,ibor_level,shap_mean_abs,7.932490916573443e-06,macro
NOR_1Y,5,LORO_COVID,COVID,loro,ibor_chg_1d,shap_mean_abs,2.524096635170281e-05,macro
NOR_1Y,5,LORO_COVID,COVID,loro,ibor_mom_1m,shap_mean_abs,0.0003169796837028116,macro
NOR_1Y,5,LORO_COVID,COVID,loro,ibor_term_slope,shap_mean_abs,0.0005365436663851142,macro
NOR_1Y,5,LORO_COVID,COVID,loro,swap_ibor_basis,shap_mean_abs,0.00012388263712637126,curve
NOR_1Y,5,LORO_COVID,COVID,loro,move_level,shap_mean_abs,7.615009235450998e-05,vol
NOR_1Y,5,LORO_COVID,COVID,loro,move_zscore,shap_mean_abs,0.0,vol
NOR_1Y,5,LORO_COVID,COVID,loro,vix_level,shap_mean_abs,0.0,vol
NOR_1Y,5,LORO_COVID,COVID,loro,vix_zscore,shap_mean_abs,0.0,vol
NOR_1Y,5,LORO_COVID,COVID,loro,v2x_level,shap_mean_abs,0.00011211825767531991,vol
NOR_1Y,5,LORO_COVID,COVID,loro,vxn_level,shap_mean_abs,0.0,vol
NOR_1Y,5,LORO_COVID,COVID,loro,ovx_level,shap_mean_abs,0.00015571700350847095,vol
NOR_1Y,5,LORO_COVID,COVID,loro,gvz_level,shap_mean_abs,0.00013729961938224733,vol
NOR_1Y,5,LORO_COVID,COVID,loro,spx_mom_1m,shap_mean_abs,0.0,macro
NOR_1Y,5,LORO_COVID,COVID,loro,spx_mom_3m,shap_mean_abs,0.0,macro
NOR_1Y,5,LORO_COVID,COVID,loro,sx5e_mom_1m,shap_mean_abs,0.0,macro
NOR_1Y,5,LORO_COVID,COVID,loro,sx5e_mom_3m,shap_mean_abs,3.327417289256118e-05,macro
NOR_1Y,5,LORO_COVID,COVID,loro,mxwo_mom_1m,shap_mean_abs,0.00016553091700188816,macro
NOR_1Y,5,LORO_COVID,COVID,loro,ndx_mom_1m,shap_mean_abs,0.0,macro
NOR_1Y,5,LORO_COVID,COVID,loro,oil_mom_1m,shap_mean_abs,2.0752455384354107e-05,macro
NOR_1Y,5,LORO_COVID,COVID,loro,oil_mom_3m,shap_mean_abs,0.0,macro
NOR_1Y,5,LORO_COVID,COVID,loro,copper_mom_1m,shap_mean_abs,0.0,macro
NOR_1Y,5,LORO_COVID,COVID,loro,opec_prod,shap_mean_abs,0.00037210716982372105,macro
NOR_1Y,5,LORO_COVID,COVID,loro,natgas_mom_1m,shap_mean_abs,0.00029151883791200817,macro
NOR_1Y,5,LORO_COVID,COVID,loro,be5y_level,shap_mean_abs,0.0,macro
NOR_1Y,5,LORO_COVID,COVID,loro,be10y_level,shap_mean_abs,0.0,macro
NOR_1Y,5,LORO_COVID,COVID,loro,be_slope,shap_mean_abs,0.00014131747593637556,macro
NOR_1Y,5,LORO_COVID,COVID,loro,be5y_chg_1m,shap_mean_abs,0.0,macro
NOR_1Y,5,LORO_COVID,COVID,loro,ig_spread,shap_mean_abs,0.0,credit
NOR_1Y,5,LORO_COVID,COVID,loro,hy_spread,shap_mean_abs,1.99934311240213e-05,credit
NOR_1Y,5,LORO_COVID,COVID,loro,ig_chg_1m,shap_mean_abs,0.0,credit
NOR_1Y,5,LORO_COVID,COVID,loro,hy_chg_1m,shap_mean_abs,0.0,credit
NOR_1Y,5,LORO_COVID,COVID,loro,cpi_yoy,shap_mean_abs,0.0011915647191926837,macro
NOR_1Y,5,LORO_COVID,COVID,loro,pce_core_chg,shap_mean_abs,0.0,macro
NOR_1Y,5,LORO_COVID,COVID,loro,nfp_change,shap_mean_abs,0.005858161486685276,macro
NOR_1Y,5,LORO_COVID,COVID,loro,pmi_us,shap_mean_abs,0.00037710677133873105,macro
NOR_1Y,5,LORO_COVID,COVID,loro,pmi_eur,shap_mean_abs,0.0,macro
NOR_1Y,5,LORO_COVID,COVID,loro,unemp_eur,shap_mean_abs,0.0,macro
NOR_1Y,5,LORO_COVID,COVID,loro,cpi_nsa_level,shap_mean_abs,0.0,macro
NOR_1Y,5,LORO_COVID,COVID,loro,pce_core_level,shap_mean_abs,0.0,macro
NOR_1Y,5,LORO_COVID,COVID,loro,eur_3m,shap_mean_abs,5.1760482165263966e-05,macro
NOR_1Y,5,LORO_COVID,COVID,loro,eur_1w,shap_mean_abs,1.736509148031473e-05,macro
NOR_1Y,5,LORO_COVID,COVID,loro,nor_ibor_1m,shap_mean_abs,9.724857227411121e-05,norway
NOR_1Y,5,LORO_COVID,COVID,loro,nor_ibor_6m,shap_mean_abs,0.0002980695862788707,norway
NOR_1Y,5,LORO_COVID,COVID,loro,nor_ecb_dfr_chg,shap_mean_abs,0.0,norway
NOR_1Y,5,LORO_COVID,COVID,loro,nor_ecb_dfr_level,shap_mean_abs,0.0,norway
NOR_1Y,5,LORO_COVID,COVID,loro,nor_eurnok_chg_1d,shap_mean_abs,2.4764131012489088e-05,norway
NOR_1Y,5,LORO_COVID,COVID,loro,nor_eurnok_level,shap_mean_abs,0.00034408667124807835,norway
NOR_1Y,5,LORO_COVID,COVID,loro,nor_eurnok_mom_1m,shap_mean_abs,0.0,norway
NOR_1Y,5,LORO_COVID,COVID,loro,nor_eurnok_mom_3m,shap_mean_abs,7.889130938565359e-05,norway
NOR_1Y,5,LORO_COVID,COVID,loro,nor_eurnok_rvol_20d,shap_mean_abs,0.0007330257212743163,norway
NOR_1Y,5,LORO_COVID,COVID,loro,nor_govt_10y,shap_mean_abs,0.001576399663463235,norway
NOR_1Y,5,LORO_COVID,COVID,loro,nor_govt_3y,shap_mean_abs,0.003375709056854248,norway
NOR_1Y,5,LORO_COVID,COVID,loro,nor_govt_5y,shap_mean_abs,1.3443966963677667e-05,norway
NOR_1Y,5,LORO_COVID,COVID,loro,nor_i44_chg_1d,shap_mean_abs,4.2732892325147986e-05,norway
NOR_1Y,5,LORO_COVID,COVID,loro,nor_i44_level,shap_mean_abs,0.0,norway
NOR_1Y,5,LORO_COVID,COVID,loro,nor_i44_mom_1m,shap_mean_abs,3.019507130375132e-05,norway
NOR_1Y,5,LORO_COVID,COVID,loro,nor_i44_mom_3m,shap_mean_abs,0.0,norway
NOR_1Y,5,LORO_COVID,COVID,loro,nor_i44_rvol_20d,shap_mean_abs,0.0007947793928906322,norway
NOR_1Y,5,LORO_COVID,COVID,loro,nor_kpi_yoy,shap_mean_abs,0.0,norway
NOR_1Y,5,LORO_COVID,COVID,loro,nor_kpijae_yoy,shap_mean_abs,0.0,norway
NOR_1Y,5,LORO_COVID,COVID,loro,nor_nibor_nowa_spread,shap_mean_abs,0.0,norway
NOR_1Y,5,LORO_COVID,COVID,loro,nor_nowa_level,shap_mean_abs,0.0,norway
NOR_1Y,5,LORO_COVID,COVID,loro,nor_polrate_chg_1d,shap_mean_abs,0.0,norway
NOR_1Y,5,LORO_COVID,COVID,loro,nor_polrate_days_since_chg,shap_mean_abs,5.372764280764386e-05,norway
NOR_1Y,5,LORO_COVID,COVID,loro,nor_polrate_level,shap_mean_abs,0.0,norway
NOR_1Y,5,LORO_COVID,COVID,loro,nor_rb_rate_chg,shap_mean_abs,0.0,norway
NOR_1Y,5,LORO_COVID,COVID,loro,nor_rb_rate_level,shap_mean_abs,0.0,norway
NOR_1Y,5,LORO_COVID,COVID,loro,nor_unemp,shap_mean_abs,4.0783077565720305e-05,norway
NOR_1Y,5,LORO_COVID,COVID,loro,nor_usdnok_chg_1d,shap_mean_abs,0.0,norway
NOR_1Y,5,LORO_COVID,COVID,loro,nor_usdnok_level,shap_mean_abs,0.0,norway
NOR_1Y,5,LORO_COVID,COVID,loro,nor_usdnok_mom_1m,shap_mean_abs,0.0,norway
NOR_1Y,5,LORO_COVID,COVID,loro,nor_usdnok_mom_3m,shap_mean_abs,3.8068610592745245e-05,norway
NOR_1Y,5,LORO_COVID,COVID,loro,nor_usdnok_rvol_20d,shap_mean_abs,0.0,norway
NOR_1Y,5,LORO_COVID,COVID,loro,swap_govt_spread,shap_mean_abs,0.0,norway
NOR_1Y,5,LORO_COVID,COVID,loro,xmpca_01,shap_mean_abs,0.0,cross_market
NOR_1Y,5,LORO_COVID,COVID,loro,xmpca_02,shap_mean_abs,0.0,cross_market
NOR_1Y,5,LORO_COVID,COVID,loro,xmpca_03,shap_mean_abs,7.517750054830685e-05,cross_market
NOR_1Y,5,LORO_COVID,COVID,loro,xmpca_04,shap_mean_abs,4.9998026952380314e-05,cross_market
NOR_1Y,5,LORO_COVID,COVID,loro,xmpca_05,shap_mean_abs,0.0006333316559903324,cross_market
NOR_1Y,5,LORO_COVID,COVID,loro,xmpca_06,shap_mean_abs,7.615108916070312e-05,cross_market
NOR_1Y,5,LORO_COVID,COVID,loro,xmpca_07,shap_mean_abs,0.0,cross_market
NOR_1Y,5,LORO_COVID,COVID,loro,xmpca_08,shap_mean_abs,4.912059011985548e-05,cross_market
NOR_1Y,5,LORO_COVID,COVID,loro,xmpca_09,shap_mean_abs,0.0,cross_market
NOR_1Y,5,LORO_COVID,COVID,loro,xmpca_10,shap_mean_abs,0.0,cross_market
NOR_1Y,5,LORO_COVID,COVID,loro,xmpca_11,shap_mean_abs,0.0,cross_market
NOR_1Y,5,LORO_COVID,COVID,loro,xmpca_12,shap_mean_abs,1.2764087841787841e-05,cross_market
NOR_1Y,5,LORO_Hiking,Hiking,loro,chg_lag1,gain,0.040252119302749634,momentum
NOR_1Y,5,LORO_Hiking,Hiking,loro,chg_lag2,gain,0.01597735658288002,momentum
NOR_1Y,5,LORO_Hiking,Hiking,loro,chg_lag3,gain,0.021613888442516327,momentum
NOR_1Y,5,LORO_Hiking,Hiking,loro,chg_lag4,gain,0.0,momentum
NOR_1Y,5,LORO_Hiking,Hiking,loro,chg_lag5,gain,0.030427785590291023,momentum
NOR_1Y,5,LORO_Hiking,Hiking,loro,carry_roll,gain,0.0271250419318676,carry_roll
NOR_1Y,5,LORO_Hiking,Hiking,loro,mom_63d,gain,0.07590276747941971,momentum
NOR_1Y,5,LORO_Hiking,Hiking,loro,mom_1m,gain,0.02423831820487976,momentum
NOR_1Y,5,LORO_Hiking,Hiking,loro,mom_3m,gain,0.040159888565540314,momentum
NOR_1Y,5,LORO_Hiking,Hiking,loro,mom_6m,gain,0.09452028572559357,momentum
NOR_1Y,5,LORO_Hiking,Hiking,loro,mom_12m,gain,0.02595769613981247,momentum
NOR_1Y,5,LORO_Hiking,Hiking,loro,dev_ma_3m,gain,0.043177422136068344,curve
NOR_1Y,5,LORO_Hiking,Hiking,loro,dev_ma_12m,gain,0.04252577945590019,curve
NOR_1Y,5,LORO_Hiking,Hiking,loro,vol_20d,gain,0.013802874833345413,vol
NOR_1Y,5,LORO_Hiking,Hiking,loro,vol_regime,gain,0.0,vol
NOR_1Y,5,LORO_Hiking,Hiking,loro,vol_zscore,gain,0.16321654617786407,vol
NOR_1Y,5,LORO_Hiking,Hiking,loro,level_zscore,gain,0.11561410129070282,curve
NOR_1Y,5,LORO_Hiking,Hiking,loro,slope_10_1,gain,0.03508766368031502,curve
NOR_1Y,5,LORO_Hiking,Hiking,loro,slope_10_5,gain,0.044589173048734665,curve
NOR_1Y,5,LORO_Hiking,Hiking,loro,slope_5_1,gain,0.02573387883603573,curve
NOR_1Y,5,LORO_Hiking,Hiking,loro,sofr_mom_1m,gain,0.053441960364580154,macro
NOR_1Y,5,LORO_Hiking,Hiking,loro,ibor_level,gain,0.10900089889764786,macro
NOR_1Y,5,LORO_Hiking,Hiking,loro,ibor_chg_1d,gain,0.03567412123084068,macro
NOR_1Y,5,LORO_Hiking,Hiking,loro,ibor_mom_1m,gain,0.14914213120937347,macro
NOR_1Y,5,LORO_Hiking,Hiking,loro,ibor_term_slope,gain,0.07647592574357986,macro
NOR_1Y,5,LORO_Hiking,Hiking,loro,swap_ibor_basis,gain,0.06903465837240219,curve
NOR_1Y,5,LORO_Hiking,Hiking,loro,move_level,gain,0.05114137753844261,vol
NOR_1Y,5,LORO_Hiking,Hiking,loro,move_zscore,gain,0.03352391719818115,vol
NOR_1Y,5,LORO_Hiking,Hiking,loro,vix_level,gain,0.016300315037369728,vol
NOR_1Y,5,LORO_Hiking,Hiking,loro,vix_zscore,gain,0.04269298538565636,vol
NOR_1Y,5,LORO_Hiking,Hiking,loro,v2x_level,gain,0.07026945799589157,vol
NOR_1Y,5,LORO_Hiking,Hiking,loro,vxn_level,gain,0.01056961715221405,vol
NOR_1Y,5,LORO_Hiking,Hiking,loro,ovx_level,gain,0.05174785852432251,vol
NOR_1Y,5,LORO_Hiking,Hiking,loro,gvz_level,gain,0.17967280745506287,vol
NOR_1Y,5,LORO_Hiking,Hiking,loro,spx_mom_1m,gain,0.12038223445415497,macro
NOR_1Y,5,LORO_Hiking,Hiking,loro,spx_mom_3m,gain,0.02066067047417164,macro
NOR_1Y,5,LORO_Hiking,Hiking,loro,sx5e_mom_1m,gain,0.06250014156103134,macro
NOR_1Y,5,LORO_Hiking,Hiking,loro,sx5e_mom_3m,gain,0.05878603458404541,macro
NOR_1Y,5,LORO_Hiking,Hiking,loro,mxwo_mom_1m,gain,0.020809372887015343,macro
NOR_1Y,5,LORO_Hiking,Hiking,loro,ndx_mom_1m,gain,0.10818994045257568,macro
NOR_1Y,5,LORO_Hiking,Hiking,loro,oil_mom_1m,gain,0.0443023182451725,macro
NOR_1Y,5,LORO_Hiking,Hiking,loro,oil_mom_3m,gain,0.03656541556119919,macro
NOR_1Y,5,LORO_Hiking,Hiking,loro,copper_mom_1m,gain,0.026786722242832184,macro
NOR_1Y,5,LORO_Hiking,Hiking,loro,opec_prod,gain,0.017160693183541298,macro
NOR_1Y,5,LORO_Hiking,Hiking,loro,natgas_mom_1m,gain,0.025121869519352913,macro
NOR_1Y,5,LORO_Hiking,Hiking,loro,be5y_level,gain,0.04408133774995804,macro
NOR_1Y,5,LORO_Hiking,Hiking,loro,be10y_level,gain,0.0,macro
NOR_1Y,5,LORO_Hiking,Hiking,loro,be_slope,gain,0.031056495383381844,macro
NOR_1Y,5,LORO_Hiking,Hiking,loro,be5y_chg_1m,gain,0.0,macro
NOR_1Y,5,LORO_Hiking,Hiking,loro,ig_spread,gain,0.0,credit
NOR_1Y,5,LORO_Hiking,Hiking,loro,hy_spread,gain,0.0,credit
NOR_1Y,5,LORO_Hiking,Hiking,loro,ig_chg_1m,gain,0.0,credit
NOR_1Y,5,LORO_Hiking,Hiking,loro,hy_chg_1m,gain,0.0,credit
NOR_1Y,5,LORO_Hiking,Hiking,loro,cpi_yoy,gain,0.037125807255506516,macro
NOR_1Y,5,LORO_Hiking,Hiking,loro,pce_core_chg,gain,0.018087413161993027,macro
NOR_1Y,5,LORO_Hiking,Hiking,loro,nfp_change,gain,0.0,macro
NOR_1Y,5,LORO_Hiking,Hiking,loro,pmi_us,gain,0.019464688375592232,macro
NOR_1Y,5,LORO_Hiking,Hiking,loro,pmi_eur,gain,0.019421571865677834,macro
NOR_1Y,5,LORO_Hiking,Hiking,loro,unemp_eur,gain,0.04416273534297943,macro
NOR_1Y,5,LORO_Hiking,Hiking,loro,cpi_nsa_level,gain,0.0,macro
NOR_1Y,5,LORO_Hiking,Hiking,loro,pce_core_level,gain,0.0,macro
NOR_1Y,5,LORO_Hiking,Hiking,loro,eur_3m,gain,0.0252111554145813,macro
NOR_1Y,5,LORO_Hiking,Hiking,loro,eur_1w,gain,0.04140366613864899,macro
NOR_1Y,5,LORO_Hiking,Hiking,loro,nor_ibor_1m,gain,0.0419902503490448,norway
NOR_1Y,5,LORO_Hiking,Hiking,loro,nor_ibor_6m,gain,0.22212544083595276,norway
NOR_1Y,5,LORO_Hiking,Hiking,loro,nor_ecb_dfr_chg,gain,0.0,norway
NOR_1Y,5,LORO_Hiking,Hiking,loro,nor_ecb_dfr_level,gain,0.0,norway
NOR_1Y,5,LORO_Hiking,Hiking,loro,nor_eurnok_chg_1d,gain,0.01567251607775688,norway
NOR_1Y,5,LORO_Hiking,Hiking,loro,nor_eurnok_level,gain,0.03064197674393654,norway
NOR_1Y,5,LORO_Hiking,Hiking,loro,nor_eurnok_mom_1m,gain,0.050044894218444824,norway
NOR_1Y,5,LORO_Hiking,Hiking,loro,nor_eurnok_mom_3m,gain,0.032876692712306976,norway
NOR_1Y,5,LORO_Hiking,Hiking,loro,nor_eurnok_rvol_20d,gain,0.012831339612603188,norway
NOR_1Y,5,LORO_Hiking,Hiking,loro,nor_govt_10y,gain,0.0,norway
NOR_1Y,5,LORO_Hiking,Hiking,loro,nor_govt_3y,gain,0.03218527138233185,norway
NOR_1Y,5,LORO_Hiking,Hiking,loro,nor_govt_5y,gain,0.0,norway
NOR_1Y,5,LORO_Hiking,Hiking,loro,nor_i44_chg_1d,gain,0.0,norway
NOR_1Y,5,LORO_Hiking,Hiking,loro,nor_i44_level,gain,0.02806367538869381,norway
NOR_1Y,5,LORO_Hiking,Hiking,loro,nor_i44_mom_1m,gain,0.028913410380482674,norway
NOR_1Y,5,LORO_Hiking,Hiking,loro,nor_i44_mom_3m,gain,0.039885472506284714,norway
NOR_1Y,5,LORO_Hiking,Hiking,loro,nor_i44_rvol_20d,gain,0.15022771060466766,norway
NOR_1Y,5,LORO_Hiking,Hiking,loro,nor_kpi_yoy,gain,0.5417982935905457,norway
NOR_1Y,5,LORO_Hiking,Hiking,loro,nor_kpijae_yoy,gain,0.022348377853631973,norway
NOR_1Y,5,LORO_Hiking,Hiking,loro,nor_nibor_nowa_spread,gain,0.0,norway
NOR_1Y,5,LORO_Hiking,Hiking,loro,nor_nowa_level,gain,0.01962842047214508,norway
NOR_1Y,5,LORO_Hiking,Hiking,loro,nor_polrate_chg_1d,gain,0.0,norway
NOR_1Y,5,LORO_Hiking,Hiking,loro,nor_polrate_days_since_chg,gain,0.017112145200371742,norway
NOR_1Y,5,LORO_Hiking,Hiking,loro,nor_polrate_level,gain,0.0,norway
NOR_1Y,5,LORO_Hiking,Hiking,loro,nor_rb_rate_chg,gain,0.0,norway
NOR_1Y,5,LORO_Hiking,Hiking,loro,nor_rb_rate_level,gain,0.03557261824607849,norway
NOR_1Y,5,LORO_Hiking,Hiking,loro,nor_unemp,gain,0.0,norway
NOR_1Y,5,LORO_Hiking,Hiking,loro,nor_usdnok_chg_1d,gain,0.02313796617090702,norway
NOR_1Y,5,LORO_Hiking,Hiking,loro,nor_usdnok_level,gain,0.19569753110408783,norway
NOR_1Y,5,LORO_Hiking,Hiking,loro,nor_usdnok_mom_1m,gain,0.046054910868406296,norway
NOR_1Y,5,LORO_Hiking,Hiking,loro,nor_usdnok_mom_3m,gain,0.041229184716939926,norway
NOR_1Y,5,LORO_Hiking,Hiking,loro,nor_usdnok_rvol_20d,gain,0.03418614715337753,norway
NOR_1Y,5,LORO_Hiking,Hiking,loro,swap_govt_spread,gain,0.0,norway
NOR_1Y,5,LORO_Hiking,Hiking,loro,xmpca_01,gain,0.04415973275899887,cross_market
NOR_1Y,5,LORO_Hiking,Hiking,loro,xmpca_02,gain,0.0,cross_market
NOR_1Y,5,LORO_Hiking,Hiking,loro,xmpca_03,gain,0.011025350540876389,cross_market
NOR_1Y,5,LORO_Hiking,Hiking,loro,xmpca_04,gain,0.15990184247493744,cross_market
NOR_1Y,5,LORO_Hiking,Hiking,loro,xmpca_05,gain,0.03790450468659401,cross_market
NOR_1Y,5,LORO_Hiking,Hiking,loro,xmpca_06,gain,0.0,cross_market
NOR_1Y,5,LORO_Hiking,Hiking,loro,xmpca_07,gain,0.04211261495947838,cross_market
NOR_1Y,5,LORO_Hiking,Hiking,loro,xmpca_08,gain,0.06339636445045471,cross_market
NOR_1Y,5,LORO_Hiking,Hiking,loro,xmpca_09,gain,0.01835399866104126,cross_market
NOR_1Y,5,LORO_Hiking,Hiking,loro,xmpca_10,gain,0.008597682230174541,cross_market
NOR_1Y,5,LORO_Hiking,Hiking,loro,xmpca_11,gain,0.0987548828125,cross_market
NOR_1Y,5,LORO_Hiking,Hiking,loro,xmpca_12,gain,0.035257838666439056,cross_market
NOR_1Y,5,LORO_Hiking,Hiking,loro,chg_lag1,weight,19.0,momentum
NOR_1Y,5,LORO_Hiking,Hiking,loro,chg_lag2,weight,12.0,momentum
NOR_1Y,5,LORO_Hiking,Hiking,loro,chg_lag3,weight,3.0,momentum
NOR_1Y,5,LORO_Hiking,Hiking,loro,chg_lag4,weight,0.0,momentum
NOR_1Y,5,LORO_Hiking,Hiking,loro,chg_lag5,weight,6.0,momentum
NOR_1Y,5,LORO_Hiking,Hiking,loro,carry_roll,weight,16.0,carry_roll
NOR_1Y,5,LORO_Hiking,Hiking,loro,mom_63d,weight,4.0,momentum
NOR_1Y,5,LORO_Hiking,Hiking,loro,mom_1m,weight,13.0,momentum
NOR_1Y,5,LORO_Hiking,Hiking,loro,mom_3m,weight,1.0,momentum
NOR_1Y,5,LORO_Hiking,Hiking,loro,mom_6m,weight,4.0,momentum
NOR_1Y,5,LORO_Hiking,Hiking,loro,mom_12m,weight,4.0,momentum
NOR_1Y,5,LORO_Hiking,Hiking,loro,dev_ma_3m,weight,11.0,curve
NOR_1Y,5,LORO_Hiking,Hiking,loro,dev_ma_12m,weight,4.0,curve
NOR_1Y,5,LORO_Hiking,Hiking,loro,vol_20d,weight,2.0,vol
NOR_1Y,5,LORO_Hiking,Hiking,loro,vol_regime,weight,0.0,vol
NOR_1Y,5,LORO_Hiking,Hiking,loro,vol_zscore,weight,7.0,vol
NOR_1Y,5,LORO_Hiking,Hiking,loro,level_zscore,weight,5.0,curve
NOR_1Y,5,LORO_Hiking,Hiking,loro,slope_10_1,weight,8.0,curve
NOR_1Y,5,LORO_Hiking,Hiking,loro,slope_10_5,weight,3.0,curve
NOR_1Y,5,LORO_Hiking,Hiking,loro,slope_5_1,weight,4.0,curve
NOR_1Y,5,LORO_Hiking,Hiking,loro,sofr_mom_1m,weight,9.0,macro
NOR_1Y,5,LORO_Hiking,Hiking,loro,ibor_level,weight,4.0,macro
NOR_1Y,5,LORO_Hiking,Hiking,loro,ibor_chg_1d,weight,9.0,macro
NOR_1Y,5,LORO_Hiking,Hiking,loro,ibor_mom_1m,weight,13.0,macro
NOR_1Y,5,LORO_Hiking,Hiking,loro,ibor_term_slope,weight,6.0,macro
NOR_1Y,5,LORO_Hiking,Hiking,loro,swap_ibor_basis,weight,6.0,curve
NOR_1Y,5,LORO_Hiking,Hiking,loro,move_level,weight,8.0,vol
NOR_1Y,5,LORO_Hiking,Hiking,loro,move_zscore,weight,3.0,vol
NOR_1Y,5,LORO_Hiking,Hiking,loro,vix_level,weight,3.0,vol
NOR_1Y,5,LORO_Hiking,Hiking,loro,vix_zscore,weight,3.0,vol
NOR_1Y,5,LORO_Hiking,Hiking,loro,v2x_level,weight,5.0,vol
NOR_1Y,5,LORO_Hiking,Hiking,loro,vxn_level,weight,1.0,vol
NOR_1Y,5,LORO_Hiking,Hiking,loro,ovx_level,weight,7.0,vol
NOR_1Y,5,LORO_Hiking,Hiking,loro,gvz_level,weight,7.0,vol
NOR_1Y,5,LORO_Hiking,Hiking,loro,spx_mom_1m,weight,5.0,macro
NOR_1Y,5,LORO_Hiking,Hiking,loro,spx_mom_3m,weight,2.0,macro
NOR_1Y,5,LORO_Hiking,Hiking,loro,sx5e_mom_1m,weight,4.0,macro
NOR_1Y,5,LORO_Hiking,Hiking,loro,sx5e_mom_3m,weight,6.0,macro
NOR_1Y,5,LORO_Hiking,Hiking,loro,mxwo_mom_1m,weight,1.0,macro
NOR_1Y,5,LORO_Hiking,Hiking,loro,ndx_mom_1m,weight,4.0,macro
NOR_1Y,5,LORO_Hiking,Hiking,loro,oil_mom_1m,weight,3.0,macro
NOR_1Y,5,LORO_Hiking,Hiking,loro,oil_mom_3m,weight,4.0,macro
NOR_1Y,5,LORO_Hiking,Hiking,loro,copper_mom_1m,weight,4.0,macro
NOR_1Y,5,LORO_Hiking,Hiking,loro,opec_prod,weight,2.0,macro
NOR_1Y,5,LORO_Hiking,Hiking,loro,natgas_mom_1m,weight,3.0,macro
NOR_1Y,5,LORO_Hiking,Hiking,loro,be5y_level,weight,2.0,macro
NOR_1Y,5,LORO_Hiking,Hiking,loro,be10y_level,weight,0.0,macro
NOR_1Y,5,LORO_Hiking,Hiking,loro,be_slope,weight,4.0,macro
NOR_1Y,5,LORO_Hiking,Hiking,loro,be5y_chg_1m,weight,0.0,macro
NOR_1Y,5,LORO_Hiking,Hiking,loro,ig_spread,weight,0.0,credit
NOR_1Y,5,LORO_Hiking,Hiking,loro,hy_spread,weight,0.0,credit
NOR_1Y,5,LORO_Hiking,Hiking,loro,ig_chg_1m,weight,0.0,credit
NOR_1Y,5,LORO_Hiking,Hiking,loro,hy_chg_1m,weight,0.0,credit
NOR_1Y,5,LORO_Hiking,Hiking,loro,cpi_yoy,weight,4.0,macro
NOR_1Y,5,LORO_Hiking,Hiking,loro,pce_core_chg,weight,1.0,macro
NOR_1Y,5,LORO_Hiking,Hiking,loro,nfp_change,weight,0.0,macro
NOR_1Y,5,LORO_Hiking,Hiking,loro,pmi_us,weight,1.0,macro
NOR_1Y,5,LORO_Hiking,Hiking,loro,pmi_eur,weight,1.0,macro
NOR_1Y,5,LORO_Hiking,Hiking,loro,unemp_eur,weight,1.0,macro
NOR_1Y,5,LORO_Hiking,Hiking,loro,cpi_nsa_level,weight,0.0,macro
NOR_1Y,5,LORO_Hiking,Hiking,loro,pce_core_level,weight,0.0,macro
NOR_1Y,5,LORO_Hiking,Hiking,loro,eur_3m,weight,6.0,macro
NOR_1Y,5,LORO_Hiking,Hiking,loro,eur_1w,weight,2.0,macro
NOR_1Y,5,LORO_Hiking,Hiking,loro,nor_ibor_1m,weight,4.0,norway
NOR_1Y,5,LORO_Hiking,Hiking,loro,nor_ibor_6m,weight,4.0,norway
NOR_1Y,5,LORO_Hiking,Hiking,loro,nor_ecb_dfr_chg,weight,0.0,norway
NOR_1Y,5,LORO_Hiking,Hiking,loro,nor_ecb_dfr_level,weight,0.0,norway
NOR_1Y,5,LORO_Hiking,Hiking,loro,nor_eurnok_chg_1d,weight,1.0,norway
NOR_1Y,5,LORO_Hiking,Hiking,loro,nor_eurnok_level,weight,4.0,norway
NOR_1Y,5,LORO_Hiking,Hiking,loro,nor_eurnok_mom_1m,weight,1.0,norway
NOR_1Y,5,LORO_Hiking,Hiking,loro,nor_eurnok_mom_3m,weight,2.0,norway
NOR_1Y,5,LORO_Hiking,Hiking,loro,nor_eurnok_rvol_20d,weight,2.0,norway
NOR_1Y,5,LORO_Hiking,Hiking,loro,nor_govt_10y,weight,0.0,norway
NOR_1Y,5,LORO_Hiking,Hiking,loro,nor_govt_3y,weight,1.0,norway
NOR_1Y,5,LORO_Hiking,Hiking,loro,nor_govt_5y,weight,0.0,norway
NOR_1Y,5,LORO_Hiking,Hiking,loro,nor_i44_chg_1d,weight,0.0,norway
NOR_1Y,5,LORO_Hiking,Hiking,loro,nor_i44_level,weight,2.0,norway
NOR_1Y,5,LORO_Hiking,Hiking,loro,nor_i44_mom_1m,weight,4.0,norway
NOR_1Y,5,LORO_Hiking,Hiking,loro,nor_i44_mom_3m,weight,2.0,norway
NOR_1Y,5,LORO_Hiking,Hiking,loro,nor_i44_rvol_20d,weight,3.0,norway
NOR_1Y,5,LORO_Hiking,Hiking,loro,nor_kpi_yoy,weight,2.0,norway
NOR_1Y,5,LORO_Hiking,Hiking,loro,nor_kpijae_yoy,weight,2.0,norway
NOR_1Y,5,LORO_Hiking,Hiking,loro,nor_nibor_nowa_spread,weight,0.0,norway
NOR_1Y,5,LORO_Hiking,Hiking,loro,nor_nowa_level,weight,2.0,norway
NOR_1Y,5,LORO_Hiking,Hiking,loro,nor_polrate_chg_1d,weight,0.0,norway
NOR_1Y,5,LORO_Hiking,Hiking,loro,nor_polrate_days_since_chg,weight,3.0,norway
NOR_1Y,5,LORO_Hiking,Hiking,loro,nor_polrate_level,weight,0.0,norway
NOR_1Y,5,LORO_Hiking,Hiking,loro,nor_rb_rate_chg,weight,0.0,norway
NOR_1Y,5,LORO_Hiking,Hiking,loro,nor_rb_rate_level,weight,1.0,norway
NOR_1Y,5,LORO_Hiking,Hiking,loro,nor_unemp,weight,0.0,norway
NOR_1Y,5,LORO_Hiking,Hiking,loro,nor_usdnok_chg_1d,weight,3.0,norway
NOR_1Y,5,LORO_Hiking,Hiking,loro,nor_usdnok_level,weight,4.0,norway
NOR_1Y,5,LORO_Hiking,Hiking,loro,nor_usdnok_mom_1m,weight,3.0,norway
NOR_1Y,5,LORO_Hiking,Hiking,loro,nor_usdnok_mom_3m,weight,3.0,norway
NOR_1Y,5,LORO_Hiking,Hiking,loro,nor_usdnok_rvol_20d,weight,5.0,norway
NOR_1Y,5,LORO_Hiking,Hiking,loro,swap_govt_spread,weight,0.0,norway
NOR_1Y,5,LORO_Hiking,Hiking,loro,xmpca_01,weight,2.0,cross_market
NOR_1Y,5,LORO_Hiking,Hiking,loro,xmpca_02,weight,0.0,cross_market
NOR_1Y,5,LORO_Hiking,Hiking,loro,xmpca_03,weight,1.0,cross_market
NOR_1Y,5,LORO_Hiking,Hiking,loro,xmpca_04,weight,6.0,cross_market
NOR_1Y,5,LORO_Hiking,Hiking,loro,xmpca_05,weight,8.0,cross_market
NOR_1Y,5,LORO_Hiking,Hiking,loro,xmpca_06,weight,0.0,cross_market
NOR_1Y,5,LORO_Hiking,Hiking,loro,xmpca_07,weight,6.0,cross_market
NOR_1Y,5,LORO_Hiking,Hiking,loro,xmpca_08,weight,1.0,cross_market
NOR_1Y,5,LORO_Hiking,Hiking,loro,xmpca_09,weight,3.0,cross_market
NOR_1Y,5,LORO_Hiking,Hiking,loro,xmpca_10,weight,2.0,cross_market
NOR_1Y,5,LORO_Hiking,Hiking,loro,xmpca_11,weight,6.0,cross_market
NOR_1Y,5,LORO_Hiking,Hiking,loro,xmpca_12,weight,7.0,cross_market
NOR_1Y,5,LORO_Hiking,Hiking,loro,chg_lag1,cover,695.8421020507812,momentum
NOR_1Y,5,LORO_Hiking,Hiking,loro,chg_lag2,cover,480.3333435058594,momentum
NOR_1Y,5,LORO_Hiking,Hiking,loro,chg_lag3,cover,8.0,momentum
NOR_1Y,5,LORO_Hiking,Hiking,loro,chg_lag4,cover,0.0,momentum
NOR_1Y,5,LORO_Hiking,Hiking,loro,chg_lag5,cover,1134.6666259765625,momentum
NOR_1Y,5,LORO_Hiking,Hiking,loro,carry_roll,cover,29.375,carry_roll
NOR_1Y,5,LORO_Hiking,Hiking,loro,mom_63d,cover,153.5,momentum
NOR_1Y,5,LORO_Hiking,Hiking,loro,mom_1m,cover,868.2307739257812,momentum
NOR_1Y,5,LORO_Hiking,Hiking,loro,mom_3m,cover,1881.0,momentum
NOR_1Y,5,LORO_Hiking,Hiking,loro,mom_6m,cover,943.5,momentum
NOR_1Y,5,LORO_Hiking,Hiking,loro,mom_12m,cover,1372.0,momentum
NOR_1Y,5,LORO_Hiking,Hiking,loro,dev_ma_3m,cover,1346.45458984375,curve
NOR_1Y,5,LORO_Hiking,Hiking,loro,dev_ma_12m,cover,1339.25,curve
NOR_1Y,5,LORO_Hiking,Hiking,loro,vol_20d,cover,70.5,vol
NOR_1Y,5,LORO_Hiking,Hiking,loro,vol_regime,cover,0.0,vol
NOR_1Y,5,LORO_Hiking,Hiking,loro,vol_zscore,cover,1359.857177734375,vol
NOR_1Y,5,LORO_Hiking,Hiking,loro,level_zscore,cover,761.2000122070312,curve
NOR_1Y,5,LORO_Hiking,Hiking,loro,slope_10_1,cover,637.5,curve
NOR_1Y,5,LORO_Hiking,Hiking,loro,slope_10_5,cover,176.0,curve
NOR_1Y,5,LORO_Hiking,Hiking,loro,slope_5_1,cover,494.75,curve
NOR_1Y,5,LORO_Hiking,Hiking,loro,sofr_mom_1m,cover,847.888916015625,macro
NOR_1Y,5,LORO_Hiking,Hiking,loro,ibor_level,cover,41.5,macro
NOR_1Y,5,LORO_Hiking,Hiking,loro,ibor_chg_1d,cover,580.888916015625,macro
NOR_1Y,5,LORO_Hiking,Hiking,loro,ibor_mom_1m,cover,1316.15380859375,macro
NOR_1Y,5,LORO_Hiking,Hiking,loro,ibor_term_slope,cover,1220.0,macro
NOR_1Y,5,LORO_Hiking,Hiking,loro,swap_ibor_basis,cover,1555.1666259765625,curve
NOR_1Y,5,LORO_Hiking,Hiking,loro,move_level,cover,1853.25,vol
NOR_1Y,5,LORO_Hiking,Hiking,loro,move_zscore,cover,17.0,vol
NOR_1Y,5,LORO_Hiking,Hiking,loro,vix_level,cover,417.3333435058594,vol
NOR_1Y,5,LORO_Hiking,Hiking,loro,vix_zscore,cover,61.0,vol
NOR_1Y,5,LORO_Hiking,Hiking,loro,v2x_level,cover,1867.199951171875,vol
NOR_1Y,5,LORO_Hiking,Hiking,loro,vxn_level,cover,8.0,vol
NOR_1Y,5,LORO_Hiking,Hiking,loro,ovx_level,cover,1346.5714111328125,vol
NOR_1Y,5,LORO_Hiking,Hiking,loro,gvz_level,cover,1731.142822265625,vol
NOR_1Y,5,LORO_Hiking,Hiking,loro,spx_mom_1m,cover,1870.4000244140625,macro
NOR_1Y,5,LORO_Hiking,Hiking,loro,spx_mom_3m,cover,38.0,macro
NOR_1Y,5,LORO_Hiking,Hiking,loro,sx5e_mom_1m,cover,1364.75,macro
NOR_1Y,5,LORO_Hiking,Hiking,loro,sx5e_mom_3m,cover,342.3333435058594,macro
NOR_1Y,5,LORO_Hiking,Hiking,loro,mxwo_mom_1m,cover,8.0,macro
NOR_1Y,5,LORO_Hiking,Hiking,loro,ndx_mom_1m,cover,1414.5,macro
NOR_1Y,5,LORO_Hiking,Hiking,loro,oil_mom_1m,cover,32.66666793823242,macro
NOR_1Y,5,LORO_Hiking,Hiking,loro,oil_mom_3m,cover,1803.5,macro
NOR_1Y,5,LORO_Hiking,Hiking,loro,copper_mom_1m,cover,96.25,macro
NOR_1Y,5,LORO_Hiking,Hiking,loro,opec_prod,cover,35.5,macro
NOR_1Y,5,LORO_Hiking,Hiking,loro,natgas_mom_1m,cover,1860.6666259765625,macro
NOR_1Y,5,LORO_Hiking,Hiking,loro,be5y_level,cover,1744.5,macro
NOR_1Y,5,LORO_Hiking,Hiking,loro,be10y_level,cover,0.0,macro
NOR_1Y,5,LORO_Hiking,Hiking,loro,be_slope,cover,1393.25,macro
NOR_1Y,5,LORO_Hiking,Hiking,loro,be5y_chg_1m,cover,0.0,macro
NOR_1Y,5,LORO_Hiking,Hiking,loro,ig_spread,cover,0.0,credit
NOR_1Y,5,LORO_Hiking,Hiking,loro,hy_spread,cover,0.0,credit
NOR_1Y,5,LORO_Hiking,Hiking,loro,ig_chg_1m,cover,0.0,credit
NOR_1Y,5,LORO_Hiking,Hiking,loro,hy_chg_1m,cover,0.0,credit
NOR_1Y,5,LORO_Hiking,Hiking,loro,cpi_yoy,cover,567.0,macro
NOR_1Y,5,LORO_Hiking,Hiking,loro,pce_core_chg,cover,51.0,macro
NOR_1Y,5,LORO_Hiking,Hiking,loro,nfp_change,cover,0.0,macro
NOR_1Y,5,LORO_Hiking,Hiking,loro,pmi_us,cover,1325.0,macro
NOR_1Y,5,LORO_Hiking,Hiking,loro,pmi_eur,cover,521.0,macro
NOR_1Y,5,LORO_Hiking,Hiking,loro,unemp_eur,cover,1828.0,macro
NOR_1Y,5,LORO_Hiking,Hiking,loro,cpi_nsa_level,cover,0.0,macro
NOR_1Y,5,LORO_Hiking,Hiking,loro,pce_core_level,cover,0.0,macro
NOR_1Y,5,LORO_Hiking,Hiking,loro,eur_3m,cover,1809.8333740234375,macro
NOR_1Y,5,LORO_Hiking,Hiking,loro,eur_1w,cover,1868.5,macro
NOR_1Y,5,LORO_Hiking,Hiking,loro,nor_ibor_1m,cover,1534.0,norway
NOR_1Y,5,LORO_Hiking,Hiking,loro,nor_ibor_6m,cover,1787.0,norway
NOR_1Y,5,LORO_Hiking,Hiking,loro,nor_ecb_dfr_chg,cover,0.0,norway
NOR_1Y,5,LORO_Hiking,Hiking,loro,nor_ecb_dfr_level,cover,0.0,norway
NOR_1Y,5,LORO_Hiking,Hiking,loro,nor_eurnok_chg_1d,cover,44.0,norway
NOR_1Y,5,LORO_Hiking,Hiking,loro,nor_eurnok_level,cover,1447.0,norway
NOR_1Y,5,LORO_Hiking,Hiking,loro,nor_eurnok_mom_1m,cover,254.0,norway
NOR_1Y,5,LORO_Hiking,Hiking,loro,nor_eurnok_mom_3m,cover,1047.5,norway
NOR_1Y,5,LORO_Hiking,Hiking,loro,nor_eurnok_rvol_20d,cover,41.0,norway
NOR_1Y,5,LORO_Hiking,Hiking,loro,nor_govt_10y,cover,0.0,norway
NOR_1Y,5,LORO_Hiking,Hiking,loro,nor_govt_3y,cover,738.0,norway
NOR_1Y,5,LORO_Hiking,Hiking,loro,nor_govt_5y,cover,0.0,norway
NOR_1Y,5,LORO_Hiking,Hiking,loro,nor_i44_chg_1d,cover,0.0,norway
NOR_1Y,5,LORO_Hiking,Hiking,loro,nor_i44_level,cover,237.5,norway
NOR_1Y,5,LORO_Hiking,Hiking,loro,nor_i44_mom_1m,cover,64.75,norway
NOR_1Y,5,LORO_Hiking,Hiking,loro,nor_i44_mom_3m,cover,943.0,norway
NOR_1Y,5,LORO_Hiking,Hiking,loro,nor_i44_rvol_20d,cover,627.0,norway
NOR_1Y,5,LORO_Hiking,Hiking,loro,nor_kpi_yoy,cover,1835.5,norway
NOR_1Y,5,LORO_Hiking,Hiking,loro,nor_kpijae_yoy,cover,837.5,norway
NOR_1Y,5,LORO_Hiking,Hiking,loro,nor_nibor_nowa_spread,cover,0.0,norway
NOR_1Y,5,LORO_Hiking,Hiking,loro,nor_nowa_level,cover,632.5,norway
NOR_1Y,5,LORO_Hiking,Hiking,loro,nor_polrate_chg_1d,cover,0.0,norway
NOR_1Y,5,LORO_Hiking,Hiking,loro,nor_polrate_days_since_chg,cover,1076.6666259765625,norway
NOR_1Y,5,LORO_Hiking,Hiking,loro,nor_polrate_level,cover,0.0,norway
NOR_1Y,5,LORO_Hiking,Hiking,loro,nor_rb_rate_chg,cover,0.0,norway
NOR_1Y,5,LORO_Hiking,Hiking,loro,nor_rb_rate_level,cover,1752.0,norway
NOR_1Y,5,LORO_Hiking,Hiking,loro,nor_unemp,cover,0.0,norway
NOR_1Y,5,LORO_Hiking,Hiking,loro,nor_usdnok_chg_1d,cover,15.666666984558105,norway
NOR_1Y,5,LORO_Hiking,Hiking,loro,nor_usdnok_level,cover,941.5,norway
NOR_1Y,5,LORO_Hiking,Hiking,loro,nor_usdnok_mom_1m,cover,26.66666603088379,norway
NOR_1Y,5,LORO_Hiking,Hiking,loro,nor_usdnok_mom_3m,cover,1820.3333740234375,norway
NOR_1Y,5,LORO_Hiking,Hiking,loro,nor_usdnok_rvol_20d,cover,369.6000061035156,norway
NOR_1Y,5,LORO_Hiking,Hiking,loro,swap_govt_spread,cover,0.0,norway
NOR_1Y,5,LORO_Hiking,Hiking,loro,xmpca_01,cover,1816.0,cross_market
NOR_1Y,5,LORO_Hiking,Hiking,loro,xmpca_02,cover,0.0,cross_market
NOR_1Y,5,LORO_Hiking,Hiking,loro,xmpca_03,cover,55.0,cross_market
NOR_1Y,5,LORO_Hiking,Hiking,loro,xmpca_04,cover,966.0,cross_market
NOR_1Y,5,LORO_Hiking,Hiking,loro,xmpca_05,cover,938.875,cross_market
NOR_1Y,5,LORO_Hiking,Hiking,loro,xmpca_06,cover,0.0,cross_market
NOR_1Y,5,LORO_Hiking,Hiking,loro,xmpca_07,cover,655.5,cross_market
NOR_1Y,5,LORO_Hiking,Hiking,loro,xmpca_08,cover,56.0,cross_market
NOR_1Y,5,LORO_Hiking,Hiking,loro,xmpca_09,cover,1259.0,cross_market
NOR_1Y,5,LORO_Hiking,Hiking,loro,xmpca_10,cover,25.5,cross_market
NOR_1Y,5,LORO_Hiking,Hiking,loro,xmpca_11,cover,331.6666564941406,cross_market
NOR_1Y,5,LORO_Hiking,Hiking,loro,xmpca_12,cover,369.71429443359375,cross_market
NOR_1Y,5,LORO_Hiking,Hiking,loro,chg_lag1,total_gain,0.7647902965545654,momentum
NOR_1Y,5,LORO_Hiking,Hiking,loro,chg_lag2,total_gain,0.19172827899456024,momentum
NOR_1Y,5,LORO_Hiking,Hiking,loro,chg_lag3,total_gain,0.06484166532754898,momentum
NOR_1Y,5,LORO_Hiking,Hiking,loro,chg_lag4,total_gain,0.0,momentum
NOR_1Y,5,LORO_Hiking,Hiking,loro,chg_lag5,total_gain,0.18256671726703644,momentum
NOR_1Y,5,LORO_Hiking,Hiking,loro,carry_roll,total_gain,0.4340006709098816,carry_roll
NOR_1Y,5,LORO_Hiking,Hiking,loro,mom_63d,total_gain,0.30361106991767883,momentum
NOR_1Y,5,LORO_Hiking,Hiking,loro,mom_1m,total_gain,0.3150981366634369,momentum
NOR_1Y,5,LORO_Hiking,Hiking,loro,mom_3m,total_gain,0.040159888565540314,momentum
NOR_1Y,5,LORO_Hiking,Hiking,loro,mom_6m,total_gain,0.37808114290237427,momentum
NOR_1Y,5,LORO_Hiking,Hiking,loro,mom_12m,total_gain,0.10383078455924988,momentum
NOR_1Y,5,LORO_Hiking,Hiking,loro,dev_ma_3m,total_gain,0.4749516546726227,curve
NOR_1Y,5,LORO_Hiking,Hiking,loro,dev_ma_12m,total_gain,0.17010311782360077,curve
NOR_1Y,5,LORO_Hiking,Hiking,loro,vol_20d,total_gain,0.027605749666690826,vol
NOR_1Y,5,LORO_Hiking,Hiking,loro,vol_regime,total_gain,0.0,vol
NOR_1Y,5,LORO_Hiking,Hiking,loro,vol_zscore,total_gain,1.142515778541565,vol
NOR_1Y,5,LORO_Hiking,Hiking,loro,level_zscore,total_gain,0.5780705213546753,curve
NOR_1Y,5,LORO_Hiking,Hiking,loro,slope_10_1,total_gain,0.28070130944252014,curve
NOR_1Y,5,LORO_Hiking,Hiking,loro,slope_10_5,total_gain,0.1337675154209137,curve
NOR_1Y,5,LORO_Hiking,Hiking,loro,slope_5_1,total_gain,0.10293551534414291,curve
NOR_1Y,5,LORO_Hiking,Hiking,loro,sofr_mom_1m,total_gain,0.4809776544570923,macro
NOR_1Y,5,LORO_Hiking,Hiking,loro,ibor_level,total_gain,0.43600359559059143,macro
NOR_1Y,5,LORO_Hiking,Hiking,loro,ibor_chg_1d,total_gain,0.32106709480285645,macro
NOR_1Y,5,LORO_Hiking,Hiking,loro,ibor_mom_1m,total_gain,1.9388477802276611,macro
NOR_1Y,5,LORO_Hiking,Hiking,loro,ibor_term_slope,total_gain,0.4588555693626404,macro
NOR_1Y,5,LORO_Hiking,Hiking,loro,swap_ibor_basis,total_gain,0.41420793533325195,curve
NOR_1Y,5,LORO_Hiking,Hiking,loro,move_level,total_gain,0.4091310203075409,vol
NOR_1Y,5,LORO_Hiking,Hiking,loro,move_zscore,total_gain,0.10057175159454346,vol
NOR_1Y,5,LORO_Hiking,Hiking,loro,vix_level,total_gain,0.048900946974754333,vol
NOR_1Y,5,LORO_Hiking,Hiking,loro,vix_zscore,total_gain,0.12807895243167877,vol
NOR_1Y,5,LORO_Hiking,Hiking,loro,v2x_level,total_gain,0.35134729743003845,vol
NOR_1Y,5,LORO_Hiking,Hiking,loro,vxn_level,total_gain,0.01056961715221405,vol
NOR_1Y,5,LORO_Hiking,Hiking,loro,ovx_level,total_gain,0.36223500967025757,vol
NOR_1Y,5,LORO_Hiking,Hiking,loro,gvz_level,total_gain,1.2577096223831177,vol
NOR_1Y,5,LORO_Hiking,Hiking,loro,spx_mom_1m,total_gain,0.601911187171936,macro
NOR_1Y,5,LORO_Hiking,Hiking,loro,spx_mom_3m,total_gain,0.04132134094834328,macro
NOR_1Y,5,LORO_Hiking,Hiking,loro,sx5e_mom_1m,total_gain,0.25000056624412537,macro
NOR_1Y,5,LORO_Hiking,Hiking,loro,sx5e_mom_3m,total_gain,0.35271620750427246,macro
NOR_1Y,5,LORO_Hiking,Hiking,loro,mxwo_mom_1m,total_gain,0.020809372887015343,macro
NOR_1Y,5,LORO_Hiking,Hiking,loro,ndx_mom_1m,total_gain,0.43275976181030273,macro
NOR_1Y,5,LORO_Hiking,Hiking,loro,oil_mom_1m,total_gain,0.1329069584608078,macro
NOR_1Y,5,LORO_Hiking,Hiking,loro,oil_mom_3m,total_gain,0.14626166224479675,macro
NOR_1Y,5,LORO_Hiking,Hiking,loro,copper_mom_1m,total_gain,0.10714688897132874,macro
NOR_1Y,5,LORO_Hiking,Hiking,loro,opec_prod,total_gain,0.034321386367082596,macro
NOR_1Y,5,LORO_Hiking,Hiking,loro,natgas_mom_1m,total_gain,0.07536561042070389,macro
NOR_1Y,5,LORO_Hiking,Hiking,loro,be5y_level,total_gain,0.08816267549991608,macro
NOR_1Y,5,LORO_Hiking,Hiking,loro,be10y_level,total_gain,0.0,macro
NOR_1Y,5,LORO_Hiking,Hiking,loro,be_slope,total_gain,0.12422598153352737,macro
NOR_1Y,5,LORO_Hiking,Hiking,loro,be5y_chg_1m,total_gain,0.0,macro
NOR_1Y,5,LORO_Hiking,Hiking,loro,ig_spread,total_gain,0.0,credit
NOR_1Y,5,LORO_Hiking,Hiking,loro,hy_spread,total_gain,0.0,credit
NOR_1Y,5,LORO_Hiking,Hiking,loro,ig_chg_1m,total_gain,0.0,credit
NOR_1Y,5,LORO_Hiking,Hiking,loro,hy_chg_1m,total_gain,0.0,credit
NOR_1Y,5,LORO_Hiking,Hiking,loro,cpi_yoy,total_gain,0.14850322902202606,macro
NOR_1Y,5,LORO_Hiking,Hiking,loro,pce_core_chg,total_gain,0.018087413161993027,macro
NOR_1Y,5,LORO_Hiking,Hiking,loro,nfp_change,total_gain,0.0,macro
NOR_1Y,5,LORO_Hiking,Hiking,loro,pmi_us,total_gain,0.019464688375592232,macro
NOR_1Y,5,LORO_Hiking,Hiking,loro,pmi_eur,total_gain,0.019421571865677834,macro
NOR_1Y,5,LORO_Hiking,Hiking,loro,unemp_eur,total_gain,0.04416273534297943,macro
NOR_1Y,5,LORO_Hiking,Hiking,loro,cpi_nsa_level,total_gain,0.0,macro
NOR_1Y,5,LORO_Hiking,Hiking,loro,pce_core_level,total_gain,0.0,macro
NOR_1Y,5,LORO_Hiking,Hiking,loro,eur_3m,total_gain,0.1512669324874878,macro
NOR_1Y,5,LORO_Hiking,Hiking,loro,eur_1w,total_gain,0.08280733227729797,macro
NOR_1Y,5,LORO_Hiking,Hiking,loro,nor_ibor_1m,total_gain,0.1679610013961792,norway
NOR_1Y,5,LORO_Hiking,Hiking,loro,nor_ibor_6m,total_gain,0.888501763343811,norway
NOR_1Y,5,LORO_Hiking,Hiking,loro,nor_ecb_dfr_chg,total_gain,0.0,norway
NOR_1Y,5,LORO_Hiking,Hiking,loro,nor_ecb_dfr_level,total_gain,0.0,norway
NOR_1Y,5,LORO_Hiking,Hiking,loro,nor_eurnok_chg_1d,total_gain,0.01567251607775688,norway
NOR_1Y,5,LORO_Hiking,Hiking,loro,nor_eurnok_level,total_gain,0.12256790697574615,norway
NOR_1Y,5,LORO_Hiking,Hiking,loro,nor_eurnok_mom_1m,total_gain,0.050044894218444824,norway
NOR_1Y,5,LORO_Hiking,Hiking,loro,nor_eurnok_mom_3m,total_gain,0.06575338542461395,norway
NOR_1Y,5,LORO_Hiking,Hiking,loro,nor_eurnok_rvol_20d,total_gain,0.025662679225206375,norway
NOR_1Y,5,LORO_Hiking,Hiking,loro,nor_govt_10y,total_gain,0.0,norway
NOR_1Y,5,LORO_Hiking,Hiking,loro,nor_govt_3y,total_gain,0.03218527138233185,norway
NOR_1Y,5,LORO_Hiking,Hiking,loro,nor_govt_5y,total_gain,0.0,norway
NOR_1Y,5,LORO_Hiking,Hiking,loro,nor_i44_chg_1d,total_gain,0.0,norway
NOR_1Y,5,LORO_Hiking,Hiking,loro,nor_i44_level,total_gain,0.05612735077738762,norway
NOR_1Y,5,LORO_Hiking,Hiking,loro,nor_i44_mom_1m,total_gain,0.1156536415219307,norway
NOR_1Y,5,LORO_Hiking,Hiking,loro,nor_i44_mom_3m,total_gain,0.07977094501256943,norway
NOR_1Y,5,LORO_Hiking,Hiking,loro,nor_i44_rvol_20d,total_gain,0.4506831169128418,norway
NOR_1Y,5,LORO_Hiking,Hiking,loro,nor_kpi_yoy,total_gain,1.0835965871810913,norway
NOR_1Y,5,LORO_Hiking,Hiking,loro,nor_kpijae_yoy,total_gain,0.04469675570726395,norway
NOR_1Y,5,LORO_Hiking,Hiking,loro,nor_nibor_nowa_spread,total_gain,0.0,norway
NOR_1Y,5,LORO_Hiking,Hiking,loro,nor_nowa_level,total_gain,0.03925684094429016,norway
NOR_1Y,5,LORO_Hiking,Hiking,loro,nor_polrate_chg_1d,total_gain,0.0,norway
NOR_1Y,5,LORO_Hiking,Hiking,loro,nor_polrate_days_since_chg,total_gain,0.051336437463760376,norway
NOR_1Y,5,LORO_Hiking,Hiking,loro,nor_polrate_level,total_gain,0.0,norway
NOR_1Y,5,LORO_Hiking,Hiking,loro,nor_rb_rate_chg,total_gain,0.0,norway
NOR_1Y,5,LORO_Hiking,Hiking,loro,nor_rb_rate_level,total_gain,0.03557261824607849,norway
NOR_1Y,5,LORO_Hiking,Hiking,loro,nor_unemp,total_gain,0.0,norway
NOR_1Y,5,LORO_Hiking,Hiking,loro,nor_usdnok_chg_1d,total_gain,0.06941390037536621,norway
NOR_1Y,5,LORO_Hiking,Hiking,loro,nor_usdnok_level,total_gain,0.7827901244163513,norway
NOR_1Y,5,LORO_Hiking,Hiking,loro,nor_usdnok_mom_1m,total_gain,0.1381647288799286,norway
NOR_1Y,5,LORO_Hiking,Hiking,loro,nor_usdnok_mom_3m,total_gain,0.12368755042552948,norway
NOR_1Y,5,LORO_Hiking,Hiking,loro,nor_usdnok_rvol_20d,total_gain,0.17093072831630707,norway
NOR_1Y,5,LORO_Hiking,Hiking,loro,swap_govt_spread,total_gain,0.0,norway
NOR_1Y,5,LORO_Hiking,Hiking,loro,xmpca_01,total_gain,0.08831946551799774,cross_market
NOR_1Y,5,LORO_Hiking,Hiking,loro,xmpca_02,total_gain,0.0,cross_market
NOR_1Y,5,LORO_Hiking,Hiking,loro,xmpca_03,total_gain,0.011025350540876389,cross_market
NOR_1Y,5,LORO_Hiking,Hiking,loro,xmpca_04,total_gain,0.9594110250473022,cross_market
NOR_1Y,5,LORO_Hiking,Hiking,loro,xmpca_05,total_gain,0.3032360374927521,cross_market
NOR_1Y,5,LORO_Hiking,Hiking,loro,xmpca_06,total_gain,0.0,cross_market
NOR_1Y,5,LORO_Hiking,Hiking,loro,xmpca_07,total_gain,0.2526756823062897,cross_market
NOR_1Y,5,LORO_Hiking,Hiking,loro,xmpca_08,total_gain,0.06339636445045471,cross_market
NOR_1Y,5,LORO_Hiking,Hiking,loro,xmpca_09,total_gain,0.05506199598312378,cross_market
NOR_1Y,5,LORO_Hiking,Hiking,loro,xmpca_10,total_gain,0.017195364460349083,cross_market
NOR_1Y,5,LORO_Hiking,Hiking,loro,xmpca_11,total_gain,0.592529296875,cross_market
NOR_1Y,5,LORO_Hiking,Hiking,loro,xmpca_12,total_gain,0.2468048632144928,cross_market
NOR_1Y,5,LORO_Hiking,Hiking,loro,chg_lag1,total_cover,13221.0,momentum
NOR_1Y,5,LORO_Hiking,Hiking,loro,chg_lag2,total_cover,5764.0,momentum
NOR_1Y,5,LORO_Hiking,Hiking,loro,chg_lag3,total_cover,24.0,momentum
NOR_1Y,5,LORO_Hiking,Hiking,loro,chg_lag4,total_cover,0.0,momentum
NOR_1Y,5,LORO_Hiking,Hiking,loro,chg_lag5,total_cover,6808.0,momentum
NOR_1Y,5,LORO_Hiking,Hiking,loro,carry_roll,total_cover,470.0,carry_roll
NOR_1Y,5,LORO_Hiking,Hiking,loro,mom_63d,total_cover,614.0,momentum
NOR_1Y,5,LORO_Hiking,Hiking,loro,mom_1m,total_cover,11287.0,momentum
NOR_1Y,5,LORO_Hiking,Hiking,loro,mom_3m,total_cover,1881.0,momentum
NOR_1Y,5,LORO_Hiking,Hiking,loro,mom_6m,total_cover,3774.0,momentum
NOR_1Y,5,LORO_Hiking,Hiking,loro,mom_12m,total_cover,5488.0,momentum
NOR_1Y,5,LORO_Hiking,Hiking,loro,dev_ma_3m,total_cover,14811.0,curve
NOR_1Y,5,LORO_Hiking,Hiking,loro,dev_ma_12m,total_cover,5357.0,curve
NOR_1Y,5,LORO_Hiking,Hiking,loro,vol_20d,total_cover,141.0,vol
NOR_1Y,5,LORO_Hiking,Hiking,loro,vol_regime,total_cover,0.0,vol
NOR_1Y,5,LORO_Hiking,Hiking,loro,vol_zscore,total_cover,9519.0,vol
NOR_1Y,5,LORO_Hiking,Hiking,loro,level_zscore,total_cover,3806.0,curve
NOR_1Y,5,LORO_Hiking,Hiking,loro,slope_10_1,total_cover,5100.0,curve
NOR_1Y,5,LORO_Hiking,Hiking,loro,slope_10_5,total_cover,528.0,curve
NOR_1Y,5,LORO_Hiking,Hiking,loro,slope_5_1,total_cover,1979.0,curve
NOR_1Y,5,LORO_Hiking,Hiking,loro,sofr_mom_1m,total_cover,7631.0,macro
NOR_1Y,5,LORO_Hiking,Hiking,loro,ibor_level,total_cover,166.0,macro
NOR_1Y,5,LORO_Hiking,Hiking,loro,ibor_chg_1d,total_cover,5228.0,macro
NOR_1Y,5,LORO_Hiking,Hiking,loro,ibor_mom_1m,total_cover,17110.0,macro
NOR_1Y,5,LORO_Hiking,Hiking,loro,ibor_term_slope,total_cover,7320.0,macro
NOR_1Y,5,LORO_Hiking,Hiking,loro,swap_ibor_basis,total_cover,9331.0,curve
NOR_1Y,5,LORO_Hiking,Hiking,loro,move_level,total_cover,14826.0,vol
NOR_1Y,5,LORO_Hiking,Hiking,loro,move_zscore,total_cover,51.0,vol
NOR_1Y,5,LORO_Hiking,Hiking,loro,vix_level,total_cover,1252.0,vol
NOR_1Y,5,LORO_Hiking,Hiking,loro,vix_zscore,total_cover,183.0,vol
NOR_1Y,5,LORO_Hiking,Hiking,loro,v2x_level,total_cover,9336.0,vol
NOR_1Y,5,LORO_Hiking,Hiking,loro,vxn_level,total_cover,8.0,vol
NOR_1Y,5,LORO_Hiking,Hiking,loro,ovx_level,total_cover,9426.0,vol
NOR_1Y,5,LORO_Hiking,Hiking,loro,gvz_level,total_cover,12118.0,vol
NOR_1Y,5,LORO_Hiking,Hiking,loro,spx_mom_1m,total_cover,9352.0,macro
NOR_1Y,5,LORO_Hiking,Hiking,loro,spx_mom_3m,total_cover,76.0,macro
NOR_1Y,5,LORO_Hiking,Hiking,loro,sx5e_mom_1m,total_cover,5459.0,macro
NOR_1Y,5,LORO_Hiking,Hiking,loro,sx5e_mom_3m,total_cover,2054.0,macro
NOR_1Y,5,LORO_Hiking,Hiking,loro,mxwo_mom_1m,total_cover,8.0,macro
NOR_1Y,5,LORO_Hiking,Hiking,loro,ndx_mom_1m,total_cover,5658.0,macro
NOR_1Y,5,LORO_Hiking,Hiking,loro,oil_mom_1m,total_cover,98.0,macro
NOR_1Y,5,LORO_Hiking,Hiking,loro,oil_mom_3m,total_cover,7214.0,macro
NOR_1Y,5,LORO_Hiking,Hiking,loro,copper_mom_1m,total_cover,385.0,macro
NOR_1Y,5,LORO_Hiking,Hiking,loro,opec_prod,total_cover,71.0,macro
NOR_1Y,5,LORO_Hiking,Hiking,loro,natgas_mom_1m,total_cover,5582.0,macro
NOR_1Y,5,LORO_Hiking,Hiking,loro,be5y_level,total_cover,3489.0,macro
NOR_1Y,5,LORO_Hiking,Hiking,loro,be10y_level,total_cover,0.0,macro
NOR_1Y,5,LORO_Hiking,Hiking,loro,be_slope,total_cover,5573.0,macro
NOR_1Y,5,LORO_Hiking,Hiking,loro,be5y_chg_1m,total_cover,0.0,macro
NOR_1Y,5,LORO_Hiking,Hiking,loro,ig_spread,total_cover,0.0,credit
NOR_1Y,5,LORO_Hiking,Hiking,loro,hy_spread,total_cover,0.0,credit
NOR_1Y,5,LORO_Hiking,Hiking,loro,ig_chg_1m,total_cover,0.0,credit
NOR_1Y,5,LORO_Hiking,Hiking,loro,hy_chg_1m,total_cover,0.0,credit
NOR_1Y,5,LORO_Hiking,Hiking,loro,cpi_yoy,total_cover,2268.0,macro
NOR_1Y,5,LORO_Hiking,Hiking,loro,pce_core_chg,total_cover,51.0,macro
NOR_1Y,5,LORO_Hiking,Hiking,loro,nfp_change,total_cover,0.0,macro
NOR_1Y,5,LORO_Hiking,Hiking,loro,pmi_us,total_cover,1325.0,macro
NOR_1Y,5,LORO_Hiking,Hiking,loro,pmi_eur,total_cover,521.0,macro
NOR_1Y,5,LORO_Hiking,Hiking,loro,unemp_eur,total_cover,1828.0,macro
NOR_1Y,5,LORO_Hiking,Hiking,loro,cpi_nsa_level,total_cover,0.0,macro
NOR_1Y,5,LORO_Hiking,Hiking,loro,pce_core_level,total_cover,0.0,macro
NOR_1Y,5,LORO_Hiking,Hiking,loro,eur_3m,total_cover,10859.0,macro
NOR_1Y,5,LORO_Hiking,Hiking,loro,eur_1w,total_cover,3737.0,macro
NOR_1Y,5,LORO_Hiking,Hiking,loro,nor_ibor_1m,total_cover,6136.0,norway
NOR_1Y,5,LORO_Hiking,Hiking,loro,nor_ibor_6m,total_cover,7148.0,norway
NOR_1Y,5,LORO_Hiking,Hiking,loro,nor_ecb_dfr_chg,total_cover,0.0,norway
NOR_1Y,5,LORO_Hiking,Hiking,loro,nor_ecb_dfr_level,total_cover,0.0,norway
NOR_1Y,5,LORO_Hiking,Hiking,loro,nor_eurnok_chg_1d,total_cover,44.0,norway
NOR_1Y,5,LORO_Hiking,Hiking,loro,nor_eurnok_level,total_cover,5788.0,norway
NOR_1Y,5,LORO_Hiking,Hiking,loro,nor_eurnok_mom_1m,total_cover,254.0,norway
NOR_1Y,5,LORO_Hiking,Hiking,loro,nor_eurnok_mom_3m,total_cover,2095.0,norway
NOR_1Y,5,LORO_Hiking,Hiking,loro,nor_eurnok_rvol_20d,total_cover,82.0,norway
NOR_1Y,5,LORO_Hiking,Hiking,loro,nor_govt_10y,total_cover,0.0,norway
NOR_1Y,5,LORO_Hiking,Hiking,loro,nor_govt_3y,total_cover,738.0,norway
NOR_1Y,5,LORO_Hiking,Hiking,loro,nor_govt_5y,total_cover,0.0,norway
NOR_1Y,5,LORO_Hiking,Hiking,loro,nor_i44_chg_1d,total_cover,0.0,norway
NOR_1Y,5,LORO_Hiking,Hiking,loro,nor_i44_level,total_cover,475.0,norway
NOR_1Y,5,LORO_Hiking,Hiking,loro,nor_i44_mom_1m,total_cover,259.0,norway
NOR_1Y,5,LORO_Hiking,Hiking,loro,nor_i44_mom_3m,total_cover,1886.0,norway
NOR_1Y,5,LORO_Hiking,Hiking,loro,nor_i44_rvol_20d,total_cover,1881.0,norway
NOR_1Y,5,LORO_Hiking,Hiking,loro,nor_kpi_yoy,total_cover,3671.0,norway
NOR_1Y,5,LORO_Hiking,Hiking,loro,nor_kpijae_yoy,total_cover,1675.0,norway
NOR_1Y,5,LORO_Hiking,Hiking,loro,nor_nibor_nowa_spread,total_cover,0.0,norway
NOR_1Y,5,LORO_Hiking,Hiking,loro,nor_nowa_level,total_cover,1265.0,norway
NOR_1Y,5,LORO_Hiking,Hiking,loro,nor_polrate_chg_1d,total_cover,0.0,norway
NOR_1Y,5,LORO_Hiking,Hiking,loro,nor_polrate_days_since_chg,total_cover,3230.0,norway
NOR_1Y,5,LORO_Hiking,Hiking,loro,nor_polrate_level,total_cover,0.0,norway
NOR_1Y,5,LORO_Hiking,Hiking,loro,nor_rb_rate_chg,total_cover,0.0,norway
NOR_1Y,5,LORO_Hiking,Hiking,loro,nor_rb_rate_level,total_cover,1752.0,norway
NOR_1Y,5,LORO_Hiking,Hiking,loro,nor_unemp,total_cover,0.0,norway
NOR_1Y,5,LORO_Hiking,Hiking,loro,nor_usdnok_chg_1d,total_cover,47.0,norway
NOR_1Y,5,LORO_Hiking,Hiking,loro,nor_usdnok_level,total_cover,3766.0,norway
NOR_1Y,5,LORO_Hiking,Hiking,loro,nor_usdnok_mom_1m,total_cover,80.0,norway
NOR_1Y,5,LORO_Hiking,Hiking,loro,nor_usdnok_mom_3m,total_cover,5461.0,norway
NOR_1Y,5,LORO_Hiking,Hiking,loro,nor_usdnok_rvol_20d,total_cover,1848.0,norway
NOR_1Y,5,LORO_Hiking,Hiking,loro,swap_govt_spread,total_cover,0.0,norway
NOR_1Y,5,LORO_Hiking,Hiking,loro,xmpca_01,total_cover,3632.0,cross_market
NOR_1Y,5,LORO_Hiking,Hiking,loro,xmpca_02,total_cover,0.0,cross_market
NOR_1Y,5,LORO_Hiking,Hiking,loro,xmpca_03,total_cover,55.0,cross_market
NOR_1Y,5,LORO_Hiking,Hiking,loro,xmpca_04,total_cover,5796.0,cross_market
NOR_1Y,5,LORO_Hiking,Hiking,loro,xmpca_05,total_cover,7511.0,cross_market
NOR_1Y,5,LORO_Hiking,Hiking,loro,xmpca_06,total_cover,0.0,cross_market
NOR_1Y,5,LORO_Hiking,Hiking,loro,xmpca_07,total_cover,3933.0,cross_market
NOR_1Y,5,LORO_Hiking,Hiking,loro,xmpca_08,total_cover,56.0,cross_market
NOR_1Y,5,LORO_Hiking,Hiking,loro,xmpca_09,total_cover,3777.0,cross_market
NOR_1Y,5,LORO_Hiking,Hiking,loro,xmpca_10,total_cover,51.0,cross_market
NOR_1Y,5,LORO_Hiking,Hiking,loro,xmpca_11,total_cover,1990.0,cross_market
NOR_1Y,5,LORO_Hiking,Hiking,loro,xmpca_12,total_cover,2588.0,cross_market
NOR_1Y,5,LORO_Hiking,Hiking,loro,chg_lag1,shap_mean_abs,0.0015190527774393559,momentum
NOR_1Y,5,LORO_Hiking,Hiking,loro,chg_lag2,shap_mean_abs,0.00047543738037347794,momentum
NOR_1Y,5,LORO_Hiking,Hiking,loro,chg_lag3,shap_mean_abs,1.4550240848620888e-05,momentum
NOR_1Y,5,LORO_Hiking,Hiking,loro,chg_lag4,shap_mean_abs,0.0,momentum
NOR_1Y,5,LORO_Hiking,Hiking,loro,chg_lag5,shap_mean_abs,0.00038698941352777183,momentum
NOR_1Y,5,LORO_Hiking,Hiking,loro,carry_roll,shap_mean_abs,0.0009613598813302815,carry_roll
NOR_1Y,5,LORO_Hiking,Hiking,loro,mom_63d,shap_mean_abs,0.00026300488389097154,momentum
NOR_1Y,5,LORO_Hiking,Hiking,loro,mom_1m,shap_mean_abs,0.0016289680497720838,momentum
NOR_1Y,5,LORO_Hiking,Hiking,loro,mom_3m,shap_mean_abs,0.0004551855381578207,momentum
NOR_1Y,5,LORO_Hiking,Hiking,loro,mom_6m,shap_mean_abs,0.0020067389123141766,momentum
NOR_1Y,5,LORO_Hiking,Hiking,loro,mom_12m,shap_mean_abs,0.00032151778577826917,momentum
NOR_1Y,5,LORO_Hiking,Hiking,loro,dev_ma_3m,shap_mean_abs,0.0007591127068735659,curve
NOR_1Y,5,LORO_Hiking,Hiking,loro,dev_ma_12m,shap_mean_abs,0.000504871888551861,curve
NOR_1Y,5,LORO_Hiking,Hiking,loro,vol_20d,shap_mean_abs,2.7336333005223423e-05,vol
NOR_1Y,5,LORO_Hiking,Hiking,loro,vol_regime,shap_mean_abs,0.0,vol
NOR_1Y,5,LORO_Hiking,Hiking,loro,vol_zscore,shap_mean_abs,0.0006331296754069626,vol
NOR_1Y,5,LORO_Hiking,Hiking,loro,level_zscore,shap_mean_abs,0.0006026269984431565,curve
NOR_1Y,5,LORO_Hiking,Hiking,loro,slope_10_1,shap_mean_abs,0.0003979732282459736,curve
NOR_1Y,5,LORO_Hiking,Hiking,loro,slope_10_5,shap_mean_abs,0.0005345691461116076,curve
NOR_1Y,5,LORO_Hiking,Hiking,loro,slope_5_1,shap_mean_abs,0.0004970589652657509,curve
NOR_1Y,5,LORO_Hiking,Hiking,loro,sofr_mom_1m,shap_mean_abs,0.0013739176793023944,macro
NOR_1Y,5,LORO_Hiking,Hiking,loro,ibor_level,shap_mean_abs,0.00016508149565197527,macro
NOR_1Y,5,LORO_Hiking,Hiking,loro,ibor_chg_1d,shap_mean_abs,0.0002530005294829607,macro
NOR_1Y,5,LORO_Hiking,Hiking,loro,ibor_mom_1m,shap_mean_abs,0.00020660724840126932,macro
NOR_1Y,5,LORO_Hiking,Hiking,loro,ibor_term_slope,shap_mean_abs,4.06104554713238e-05,macro
NOR_1Y,5,LORO_Hiking,Hiking,loro,swap_ibor_basis,shap_mean_abs,0.00038724541082046926,curve
NOR_1Y,5,LORO_Hiking,Hiking,loro,move_level,shap_mean_abs,0.0004925996181555092,vol
NOR_1Y,5,LORO_Hiking,Hiking,loro,move_zscore,shap_mean_abs,4.243518560542725e-05,vol
NOR_1Y,5,LORO_Hiking,Hiking,loro,vix_level,shap_mean_abs,3.15766992571298e-05,vol
NOR_1Y,5,LORO_Hiking,Hiking,loro,vix_zscore,shap_mean_abs,0.00015357301163021475,vol
NOR_1Y,5,LORO_Hiking,Hiking,loro,v2x_level,shap_mean_abs,0.0013507555704563856,vol
NOR_1Y,5,LORO_Hiking,Hiking,loro,vxn_level,shap_mean_abs,7.322738838411169e-06,vol
NOR_1Y,5,LORO_Hiking,Hiking,loro,ovx_level,shap_mean_abs,0.0007102882373146713,vol
NOR_1Y,5,LORO_Hiking,Hiking,loro,gvz_level,shap_mean_abs,0.0005706761730834842,vol
NOR_1Y,5,LORO_Hiking,Hiking,loro,spx_mom_1m,shap_mean_abs,0.00051025056745857,macro
NOR_1Y,5,LORO_Hiking,Hiking,loro,spx_mom_3m,shap_mean_abs,4.2413390474393964e-05,macro
NOR_1Y,5,LORO_Hiking,Hiking,loro,sx5e_mom_1m,shap_mean_abs,0.00015189162513706833,macro
NOR_1Y,5,LORO_Hiking,Hiking,loro,sx5e_mom_3m,shap_mean_abs,0.00038379026227630675,macro
NOR_1Y,5,LORO_Hiking,Hiking,loro,mxwo_mom_1m,shap_mean_abs,3.989135075244121e-05,macro
NOR_1Y,5,LORO_Hiking,Hiking,loro,ndx_mom_1m,shap_mean_abs,0.0005959366098977625,macro
NOR_1Y,5,LORO_Hiking,Hiking,loro,oil_mom_1m,shap_mean_abs,6.440981815103441e-05,macro
NOR_1Y,5,LORO_Hiking,Hiking,loro,oil_mom_3m,shap_mean_abs,0.0003125276416540146,macro
NOR_1Y,5,LORO_Hiking,Hiking,loro,copper_mom_1m,shap_mean_abs,0.000125692633446306,macro
NOR_1Y,5,LORO_Hiking,Hiking,loro,opec_prod,shap_mean_abs,2.5954806915251538e-05,macro
NOR_1Y,5,LORO_Hiking,Hiking,loro,natgas_mom_1m,shap_mean_abs,0.002137443283572793,macro
NOR_1Y,5,LORO_Hiking,Hiking,loro,be5y_level,shap_mean_abs,0.0009599841432645917,macro
NOR_1Y,5,LORO_Hiking,Hiking,loro,be10y_level,shap_mean_abs,0.0,macro
NOR_1Y,5,LORO_Hiking,Hiking,loro,be_slope,shap_mean_abs,0.0005191275267861784,macro
NOR_1Y,5,LORO_Hiking,Hiking,loro,be5y_chg_1m,shap_mean_abs,0.0,macro
NOR_1Y,5,LORO_Hiking,Hiking,loro,ig_spread,shap_mean_abs,0.0,credit
NOR_1Y,5,LORO_Hiking,Hiking,loro,hy_spread,shap_mean_abs,0.0,credit
NOR_1Y,5,LORO_Hiking,Hiking,loro,ig_chg_1m,shap_mean_abs,0.0,credit
NOR_1Y,5,LORO_Hiking,Hiking,loro,hy_chg_1m,shap_mean_abs,0.0,credit
NOR_1Y,5,LORO_Hiking,Hiking,loro,cpi_yoy,shap_mean_abs,0.0003377166867721826,macro
NOR_1Y,5,LORO_Hiking,Hiking,loro,pce_core_chg,shap_mean_abs,7.901634671725333e-05,macro
NOR_1Y,5,LORO_Hiking,Hiking,loro,nfp_change,shap_mean_abs,0.0,macro
NOR_1Y,5,LORO_Hiking,Hiking,loro,pmi_us,shap_mean_abs,1.0479621778358705e-05,macro
NOR_1Y,5,LORO_Hiking,Hiking,loro,pmi_eur,shap_mean_abs,0.0005658824229612947,macro
NOR_1Y,5,LORO_Hiking,Hiking,loro,unemp_eur,shap_mean_abs,0.0027766753919422626,macro
NOR_1Y,5,LORO_Hiking,Hiking,loro,cpi_nsa_level,shap_mean_abs,0.0,macro
NOR_1Y,5,LORO_Hiking,Hiking,loro,pce_core_level,shap_mean_abs,0.0,macro
NOR_1Y,5,LORO_Hiking,Hiking,loro,eur_3m,shap_mean_abs,0.0006640981882810593,macro
NOR_1Y,5,LORO_Hiking,Hiking,loro,eur_1w,shap_mean_abs,0.001296423259191215,macro
NOR_1Y,5,LORO_Hiking,Hiking,loro,nor_ibor_1m,shap_mean_abs,5.6290646170964465e-05,norway
NOR_1Y,5,LORO_Hiking,Hiking,loro,nor_ibor_6m,shap_mean_abs,0.0007847413653507829,norway
NOR_1Y,5,LORO_Hiking,Hiking,loro,nor_ecb_dfr_chg,shap_mean_abs,0.0,norway
NOR_1Y,5,LORO_Hiking,Hiking,loro,nor_ecb_dfr_level,shap_mean_abs,0.0,norway
NOR_1Y,5,LORO_Hiking,Hiking,loro,nor_eurnok_chg_1d,shap_mean_abs,1.889863415271975e-05,norway
NOR_1Y,5,LORO_Hiking,Hiking,loro,nor_eurnok_level,shap_mean_abs,0.000988759915344417,norway
NOR_1Y,5,LORO_Hiking,Hiking,loro,nor_eurnok_mom_1m,shap_mean_abs,8.409992005908862e-05,norway
NOR_1Y,5,LORO_Hiking,Hiking,loro,nor_eurnok_mom_3m,shap_mean_abs,6.315469363471493e-05,norway
NOR_1Y,5,LORO_Hiking,Hiking,loro,nor_eurnok_rvol_20d,shap_mean_abs,5.700525071006268e-05,norway
NOR_1Y,5,LORO_Hiking,Hiking,loro,nor_govt_10y,shap_mean_abs,0.0,norway
NOR_1Y,5,LORO_Hiking,Hiking,loro,nor_govt_3y,shap_mean_abs,0.001909495098516345,norway
NOR_1Y,5,LORO_Hiking,Hiking,loro,nor_govt_5y,shap_mean_abs,0.0,norway
NOR_1Y,5,LORO_Hiking,Hiking,loro,nor_i44_chg_1d,shap_mean_abs,0.0,norway
NOR_1Y,5,LORO_Hiking,Hiking,loro,nor_i44_level,shap_mean_abs,3.836397809209302e-05,norway
NOR_1Y,5,LORO_Hiking,Hiking,loro,nor_i44_mom_1m,shap_mean_abs,3.687199205160141e-05,norway
NOR_1Y,5,LORO_Hiking,Hiking,loro,nor_i44_mom_3m,shap_mean_abs,0.0010495034512132406,norway
NOR_1Y,5,LORO_Hiking,Hiking,loro,nor_i44_rvol_20d,shap_mean_abs,0.000815515115391463,norway
NOR_1Y,5,LORO_Hiking,Hiking,loro,nor_kpi_yoy,shap_mean_abs,0.009445113129913807,norway
NOR_1Y,5,LORO_Hiking,Hiking,loro,nor_kpijae_yoy,shap_mean_abs,0.0001920958748087287,norway
NOR_1Y,5,LORO_Hiking,Hiking,loro,nor_nibor_nowa_spread,shap_mean_abs,0.0,norway
NOR_1Y,5,LORO_Hiking,Hiking,loro,nor_nowa_level,shap_mean_abs,0.0002911534975282848,norway
NOR_1Y,5,LORO_Hiking,Hiking,loro,nor_polrate_chg_1d,shap_mean_abs,0.0,norway
NOR_1Y,5,LORO_Hiking,Hiking,loro,nor_polrate_days_since_chg,shap_mean_abs,3.198641934432089e-05,norway
NOR_1Y,5,LORO_Hiking,Hiking,loro,nor_polrate_level,shap_mean_abs,0.0,norway
NOR_1Y,5,LORO_Hiking,Hiking,loro,nor_rb_rate_chg,shap_mean_abs,0.0,norway
NOR_1Y,5,LORO_Hiking,Hiking,loro,nor_rb_rate_level,shap_mean_abs,1.5382125639007427e-05,norway
NOR_1Y,5,LORO_Hiking,Hiking,loro,nor_unemp,shap_mean_abs,0.0,norway
NOR_1Y,5,LORO_Hiking,Hiking,loro,nor_usdnok_chg_1d,shap_mean_abs,7.538253703387454e-05,norway
NOR_1Y,5,LORO_Hiking,Hiking,loro,nor_usdnok_level,shap_mean_abs,0.0014277108712121844,norway
NOR_1Y,5,LORO_Hiking,Hiking,loro,nor_usdnok_mom_1m,shap_mean_abs,5.729940312448889e-05,norway
NOR_1Y,5,LORO_Hiking,Hiking,loro,nor_usdnok_mom_3m,shap_mean_abs,0.00020549246983136982,norway
NOR_1Y,5,LORO_Hiking,Hiking,loro,nor_usdnok_rvol_20d,shap_mean_abs,0.0002143743768101558,norway
NOR_1Y,5,LORO_Hiking,Hiking,loro,swap_govt_spread,shap_mean_abs,0.0,norway
NOR_1Y,5,LORO_Hiking,Hiking,loro,xmpca_01,shap_mean_abs,0.0015877917176112533,cross_market
NOR_1Y,5,LORO_Hiking,Hiking,loro,xmpca_02,shap_mean_abs,0.0,cross_market
NOR_1Y,5,LORO_Hiking,Hiking,loro,xmpca_03,shap_mean_abs,0.0003312818589620292,cross_market
NOR_1Y,5,LORO_Hiking,Hiking,loro,xmpca_04,shap_mean_abs,0.002506444463506341,cross_market
NOR_1Y,5,LORO_Hiking,Hiking,loro,xmpca_05,shap_mean_abs,0.00040434562833979726,cross_market
NOR_1Y,5,LORO_Hiking,Hiking,loro,xmpca_06,shap_mean_abs,0.0,cross_market
NOR_1Y,5,LORO_Hiking,Hiking,loro,xmpca_07,shap_mean_abs,0.000507409917190671,cross_market
NOR_1Y,5,LORO_Hiking,Hiking,loro,xmpca_08,shap_mean_abs,0.0001165465873782523,cross_market
NOR_1Y,5,LORO_Hiking,Hiking,loro,xmpca_09,shap_mean_abs,0.00012549213715828955,cross_market
NOR_1Y,5,LORO_Hiking,Hiking,loro,xmpca_10,shap_mean_abs,0.0001247538602910936,cross_market
NOR_1Y,5,LORO_Hiking,Hiking,loro,xmpca_11,shap_mean_abs,0.00024939407012425363,cross_market
NOR_1Y,5,LORO_Hiking,Hiking,loro,xmpca_12,shap_mean_abs,0.00029377973987720907,cross_market
NOR_30Y,5,LORO_GFC,GFC,loro,chg_lag1,gain,0.007435583975166082,momentum
NOR_30Y,5,LORO_GFC,GFC,loro,chg_lag2,gain,0.00788663700222969,momentum
NOR_30Y,5,LORO_GFC,GFC,loro,chg_lag3,gain,0.01206243596971035,momentum
NOR_30Y,5,LORO_GFC,GFC,loro,chg_lag4,gain,0.0,momentum
NOR_30Y,5,LORO_GFC,GFC,loro,chg_lag5,gain,0.008036699146032333,momentum
NOR_30Y,5,LORO_GFC,GFC,loro,carry_roll,gain,0.012499649077653885,carry_roll
NOR_30Y,5,LORO_GFC,GFC,loro,mom_63d,gain,0.011503954418003559,momentum
NOR_30Y,5,LORO_GFC,GFC,loro,mom_1m,gain,0.029604217037558556,momentum
NOR_30Y,5,LORO_GFC,GFC,loro,mom_3m,gain,0.035540785640478134,momentum
NOR_30Y,5,LORO_GFC,GFC,loro,mom_6m,gain,0.02059794031083584,momentum
NOR_30Y,5,LORO_GFC,GFC,loro,mom_12m,gain,0.021992050111293793,momentum
NOR_30Y,5,LORO_GFC,GFC,loro,dev_ma_3m,gain,0.02222229540348053,curve
NOR_30Y,5,LORO_GFC,GFC,loro,dev_ma_12m,gain,0.03720325976610184,curve
NOR_30Y,5,LORO_GFC,GFC,loro,vol_20d,gain,0.024182118475437164,vol
NOR_30Y,5,LORO_GFC,GFC,loro,vol_regime,gain,0.012193161994218826,vol
NOR_30Y,5,LORO_GFC,GFC,loro,vol_zscore,gain,0.028554338961839676,vol
NOR_30Y,5,LORO_GFC,GFC,loro,level_zscore,gain,0.019292520359158516,curve
NOR_30Y,5,LORO_GFC,GFC,loro,slope_10_1,gain,0.03732628747820854,curve
NOR_30Y,5,LORO_GFC,GFC,loro,slope_10_5,gain,0.03214951232075691,curve
NOR_30Y,5,LORO_GFC,GFC,loro,slope_5_1,gain,0.04195629060268402,curve
NOR_30Y,5,LORO_GFC,GFC,loro,sofr_mom_1m,gain,0.03414876013994217,macro
NOR_30Y,5,LORO_GFC,GFC,loro,ibor_level,gain,0.04857475310564041,macro
NOR_30Y,5,LORO_GFC,GFC,loro,ibor_chg_1d,gain,0.030988553538918495,macro
NOR_30Y,5,LORO_GFC,GFC,loro,ibor_mom_1m,gain,0.03373587504029274,macro
NOR_30Y,5,LORO_GFC,GFC,loro,ibor_term_slope,gain,0.02092222310602665,macro
NOR_30Y,5,LORO_GFC,GFC,loro,swap_ibor_basis,gain,0.03221915662288666,curve
NOR_30Y,5,LORO_GFC,GFC,loro,move_level,gain,0.034567322582006454,vol
NOR_30Y,5,LORO_GFC,GFC,loro,move_zscore,gain,0.0453777052462101,vol
NOR_30Y,5,LORO_GFC,GFC,loro,vix_level,gain,0.016529718413949013,vol
NOR_30Y,5,LORO_GFC,GFC,loro,vix_zscore,gain,0.025256171822547913,vol
NOR_30Y,5,LORO_GFC,GFC,loro,v2x_level,gain,0.041516873985528946,vol
NOR_30Y,5,LORO_GFC,GFC,loro,vxn_level,gain,0.02270594611763954,vol
NOR_30Y,5,LORO_GFC,GFC,loro,ovx_level,gain,0.020451661199331284,vol
NOR_30Y,5,LORO_GFC,GFC,loro,gvz_level,gain,0.018086392432451248,vol
NOR_30Y,5,LORO_GFC,GFC,loro,spx_mom_1m,gain,0.030549781396985054,macro
NOR_30Y,5,LORO_GFC,GFC,loro,spx_mom_3m,gain,0.025791902095079422,macro
NOR_30Y,5,LORO_GFC,GFC,loro,sx5e_mom_1m,gain,0.013348111882805824,macro
NOR_30Y,5,LORO_GFC,GFC,loro,sx5e_mom_3m,gain,0.04101043567061424,macro
NOR_30Y,5,LORO_GFC,GFC,loro,mxwo_mom_1m,gain,0.025225482881069183,macro
NOR_30Y,5,LORO_GFC,GFC,loro,ndx_mom_1m,gain,0.03603292256593704,macro
NOR_30Y,5,LORO_GFC,GFC,loro,oil_mom_1m,gain,0.04178197309374809,macro
NOR_30Y,5,LORO_GFC,GFC,loro,oil_mom_3m,gain,0.01981467567384243,macro
NOR_30Y,5,LORO_GFC,GFC,loro,copper_mom_1m,gain,0.029122162610292435,macro
NOR_30Y,5,LORO_GFC,GFC,loro,opec_prod,gain,0.020197482779622078,macro
NOR_30Y,5,LORO_GFC,GFC,loro,natgas_mom_1m,gain,0.037561818957328796,macro
NOR_30Y,5,LORO_GFC,GFC,loro,be5y_level,gain,0.011156387627124786,macro
NOR_30Y,5,LORO_GFC,GFC,loro,be10y_level,gain,0.03328380361199379,macro
NOR_30Y,5,LORO_GFC,GFC,loro,be_slope,gain,0.04531843587756157,macro
NOR_30Y,5,LORO_GFC,GFC,loro,be5y_chg_1m,gain,0.026773765683174133,macro
NOR_30Y,5,LORO_GFC,GFC,loro,ig_spread,gain,0.0,credit
NOR_30Y,5,LORO_GFC,GFC,loro,hy_spread,gain,0.022835075855255127,credit
NOR_30Y,5,LORO_GFC,GFC,loro,ig_chg_1m,gain,0.0,credit
NOR_30Y,5,LORO_GFC,GFC,loro,hy_chg_1m,gain,0.0,credit
NOR_30Y,5,LORO_GFC,GFC,loro,cpi_yoy,gain,0.03701116144657135,macro
NOR_30Y,5,LORO_GFC,GFC,loro,pce_core_chg,gain,0.03597324714064598,macro
NOR_30Y,5,LORO_GFC,GFC,loro,nfp_change,gain,0.024368606507778168,macro
NOR_30Y,5,LORO_GFC,GFC,loro,pmi_us,gain,0.0,macro
NOR_30Y,5,LORO_GFC,GFC,loro,pmi_eur,gain,0.04827470704913139,macro
NOR_30Y,5,LORO_GFC,GFC,loro,unemp_eur,gain,0.02306968718767166,macro
NOR_30Y,5,LORO_GFC,GFC,loro,cpi_nsa_level,gain,0.0065819621086120605,macro
NOR_30Y,5,LORO_GFC,GFC,loro,pce_core_level,gain,0.039294421672821045,macro
NOR_30Y,5,LORO_GFC,GFC,loro,eur_3m,gain,0.06675881892442703,macro
NOR_30Y,5,LORO_GFC,GFC,loro,eur_1w,gain,0.04237745702266693,macro
NOR_30Y,5,LORO_GFC,GFC,loro,nor_ibor_1m,gain,0.008138492703437805,norway
NOR_30Y,5,LORO_GFC,GFC,loro,nor_ibor_6m,gain,0.0,norway
NOR_30Y,5,LORO_GFC,GFC,loro,nor_ecb_dfr_chg,gain,0.0,norway
NOR_30Y,5,LORO_GFC,GFC,loro,nor_ecb_dfr_level,gain,0.0,norway
NOR_30Y,5,LORO_GFC,GFC,loro,nor_eurnok_chg_1d,gain,0.026617851108312607,norway
NOR_30Y,5,LORO_GFC,GFC,loro,nor_eurnok_level,gain,0.0,norway
NOR_30Y,5,LORO_GFC,GFC,loro,nor_eurnok_mom_1m,gain,0.017918258905410767,norway
NOR_30Y,5,LORO_GFC,GFC,loro,nor_eurnok_mom_3m,gain,0.04444660618901253,norway
NOR_30Y,5,LORO_GFC,GFC,loro,nor_eurnok_rvol_20d,gain,0.033463481813669205,norway
NOR_30Y,5,LORO_GFC,GFC,loro,nor_govt_10y,gain,0.046959660947322845,norway
NOR_30Y,5,LORO_GFC,GFC,loro,nor_govt_3y,gain,0.04158534109592438,norway
NOR_30Y,5,LORO_GFC,GFC,loro,nor_govt_5y,gain,0.02333536371588707,norway
NOR_30Y,5,LORO_GFC,GFC,loro,nor_i44_chg_1d,gain,0.037292901426553726,norway
NOR_30Y,5,LORO_GFC,GFC,loro,nor_i44_level,gain,0.05901278555393219,norway
NOR_30Y,5,LORO_GFC,GFC,loro,nor_i44_mom_1m,gain,0.05035609006881714,norway
NOR_30Y,5,LORO_GFC,GFC,loro,nor_i44_mom_3m,gain,0.029294753447175026,norway
NOR_30Y,5,LORO_GFC,GFC,loro,nor_i44_rvol_20d,gain,0.030347049236297607,norway
NOR_30Y,5,LORO_GFC,GFC,loro,nor_kpi_yoy,gain,0.06098092347383499,norway
NOR_30Y,5,LORO_GFC,GFC,loro,nor_kpijae_yoy,gain,0.05471648648381233,norway
NOR_30Y,5,LORO_GFC,GFC,loro,nor_nibor_nowa_spread,gain,0.032919857650995255,norway
NOR_30Y,5,LORO_GFC,GFC,loro,nor_nowa_level,gain,0.03820851445198059,norway
NOR_30Y,5,LORO_GFC,GFC,loro,nor_polrate_chg_1d,gain,0.0,norway
NOR_30Y,5,LORO_GFC,GFC,loro,nor_polrate_days_since_chg,gain,0.04108836129307747,norway
NOR_30Y,5,LORO_GFC,GFC,loro,nor_polrate_level,gain,0.0,norway
NOR_30Y,5,LORO_GFC,GFC,loro,nor_rb_rate_chg,gain,0.0,norway
NOR_30Y,5,LORO_GFC,GFC,loro,nor_rb_rate_level,gain,0.04401661455631256,norway
NOR_30Y,5,LORO_GFC,GFC,loro,nor_unemp,gain,0.07041847705841064,norway
NOR_30Y,5,LORO_GFC,GFC,loro,nor_usdnok_chg_1d,gain,0.021300069987773895,norway
NOR_30Y,5,LORO_GFC,GFC,loro,nor_usdnok_level,gain,0.03341153636574745,norway
NOR_30Y,5,LORO_GFC,GFC,loro,nor_usdnok_mom_1m,gain,0.036425549536943436,norway
NOR_30Y,5,LORO_GFC,GFC,loro,nor_usdnok_mom_3m,gain,0.0466284416615963,norway
NOR_30Y,5,LORO_GFC,GFC,loro,nor_usdnok_rvol_20d,gain,0.030151013284921646,norway
NOR_30Y,5,LORO_GFC,GFC,loro,swap_govt_spread,gain,0.0,norway
NOR_30Y,5,LORO_GFC,GFC,loro,xmpca_01,gain,0.05177571251988411,cross_market
NOR_30Y,5,LORO_GFC,GFC,loro,xmpca_02,gain,0.038726408034563065,cross_market
NOR_30Y,5,LORO_GFC,GFC,loro,xmpca_03,gain,0.020628446713089943,cross_market
NOR_30Y,5,LORO_GFC,GFC,loro,xmpca_04,gain,0.030098190531134605,cross_market
NOR_30Y,5,LORO_GFC,GFC,loro,xmpca_05,gain,0.021510053426027298,cross_market
NOR_30Y,5,LORO_GFC,GFC,loro,xmpca_06,gain,0.022442787885665894,cross_market
NOR_30Y,5,LORO_GFC,GFC,loro,xmpca_07,gain,0.019020991399884224,cross_market
NOR_30Y,5,LORO_GFC,GFC,loro,xmpca_08,gain,0.01932983659207821,cross_market
NOR_30Y,5,LORO_GFC,GFC,loro,xmpca_09,gain,0.030342107638716698,cross_market
NOR_30Y,5,LORO_GFC,GFC,loro,xmpca_10,gain,0.029483767226338387,cross_market
NOR_30Y,5,LORO_GFC,GFC,loro,xmpca_11,gain,0.055901963263750076,cross_market
NOR_30Y,5,LORO_GFC,GFC,loro,xmpca_12,gain,0.03661129251122475,cross_market
NOR_30Y,5,LORO_GFC,GFC,loro,chg_lag1,weight,39.0,momentum
NOR_30Y,5,LORO_GFC,GFC,loro,chg_lag2,weight,29.0,momentum
NOR_30Y,5,LORO_GFC,GFC,loro,chg_lag3,weight,7.0,momentum
NOR_30Y,5,LORO_GFC,GFC,loro,chg_lag4,weight,0.0,momentum
NOR_30Y,5,LORO_GFC,GFC,loro,chg_lag5,weight,9.0,momentum
NOR_30Y,5,LORO_GFC,GFC,loro,carry_roll,weight,9.0,carry_roll
NOR_30Y,5,LORO_GFC,GFC,loro,mom_63d,weight,9.0,momentum
NOR_30Y,5,LORO_GFC,GFC,loro,mom_1m,weight,18.0,momentum
NOR_30Y,5,LORO_GFC,GFC,loro,mom_3m,weight,3.0,momentum
NOR_30Y,5,LORO_GFC,GFC,loro,mom_6m,weight,15.0,momentum
NOR_30Y,5,LORO_GFC,GFC,loro,mom_12m,weight,4.0,momentum
NOR_30Y,5,LORO_GFC,GFC,loro,dev_ma_3m,weight,14.0,curve
NOR_30Y,5,LORO_GFC,GFC,loro,dev_ma_12m,weight,2.0,curve
NOR_30Y,5,LORO_GFC,GFC,loro,vol_20d,weight,12.0,vol
NOR_30Y,5,LORO_GFC,GFC,loro,vol_regime,weight,2.0,vol
NOR_30Y,5,LORO_GFC,GFC,loro,vol_zscore,weight,5.0,vol
NOR_30Y,5,LORO_GFC,GFC,loro,level_zscore,weight,6.0,curve
NOR_30Y,5,LORO_GFC,GFC,loro,slope_10_1,weight,9.0,curve
NOR_30Y,5,LORO_GFC,GFC,loro,slope_10_5,weight,11.0,curve
NOR_30Y,5,LORO_GFC,GFC,loro,slope_5_1,weight,11.0,curve
NOR_30Y,5,LORO_GFC,GFC,loro,sofr_mom_1m,weight,15.0,macro
NOR_30Y,5,LORO_GFC,GFC,loro,ibor_level,weight,10.0,macro
NOR_30Y,5,LORO_GFC,GFC,loro,ibor_chg_1d,weight,7.0,macro
NOR_30Y,5,LORO_GFC,GFC,loro,ibor_mom_1m,weight,14.0,macro
NOR_30Y,5,LORO_GFC,GFC,loro,ibor_term_slope,weight,8.0,macro
NOR_30Y,5,LORO_GFC,GFC,loro,swap_ibor_basis,weight,5.0,curve
NOR_30Y,5,LORO_GFC,GFC,loro,move_level,weight,7.0,vol
NOR_30Y,5,LORO_GFC,GFC,loro,move_zscore,weight,11.0,vol
NOR_30Y,5,LORO_GFC,GFC,loro,vix_level,weight,3.0,vol
NOR_30Y,5,LORO_GFC,GFC,loro,vix_zscore,weight,4.0,vol
NOR_30Y,5,LORO_GFC,GFC,loro,v2x_level,weight,8.0,vol
NOR_30Y,5,LORO_GFC,GFC,loro,vxn_level,weight,4.0,vol
NOR_30Y,5,LORO_GFC,GFC,loro,ovx_level,weight,8.0,vol
NOR_30Y,5,LORO_GFC,GFC,loro,gvz_level,weight,2.0,vol
NOR_30Y,5,LORO_GFC,GFC,loro,spx_mom_1m,weight,8.0,macro
NOR_30Y,5,LORO_GFC,GFC,loro,spx_mom_3m,weight,7.0,macro
NOR_30Y,5,LORO_GFC,GFC,loro,sx5e_mom_1m,weight,4.0,macro
NOR_30Y,5,LORO_GFC,GFC,loro,sx5e_mom_3m,weight,7.0,macro
NOR_30Y,5,LORO_GFC,GFC,loro,mxwo_mom_1m,weight,3.0,macro
NOR_30Y,5,LORO_GFC,GFC,loro,ndx_mom_1m,weight,9.0,macro
NOR_30Y,5,LORO_GFC,GFC,loro,oil_mom_1m,weight,10.0,macro
NOR_30Y,5,LORO_GFC,GFC,loro,oil_mom_3m,weight,7.0,macro
NOR_30Y,5,LORO_GFC,GFC,loro,copper_mom_1m,weight,11.0,macro
NOR_30Y,5,LORO_GFC,GFC,loro,opec_prod,weight,2.0,macro
NOR_30Y,5,LORO_GFC,GFC,loro,natgas_mom_1m,weight,4.0,macro
NOR_30Y,5,LORO_GFC,GFC,loro,be5y_level,weight,1.0,macro
NOR_30Y,5,LORO_GFC,GFC,loro,be10y_level,weight,3.0,macro
NOR_30Y,5,LORO_GFC,GFC,loro,be_slope,weight,1.0,macro
NOR_30Y,5,LORO_GFC,GFC,loro,be5y_chg_1m,weight,2.0,macro
NOR_30Y,5,LORO_GFC,GFC,loro,ig_spread,weight,0.0,credit
NOR_30Y,5,LORO_GFC,GFC,loro,hy_spread,weight,1.0,credit
NOR_30Y,5,LORO_GFC,GFC,loro,ig_chg_1m,weight,0.0,credit
NOR_30Y,5,LORO_GFC,GFC,loro,hy_chg_1m,weight,0.0,credit
NOR_30Y,5,LORO_GFC,GFC,loro,cpi_yoy,weight,1.0,macro
NOR_30Y,5,LORO_GFC,GFC,loro,pce_core_chg,weight,3.0,macro
NOR_30Y,5,LORO_GFC,GFC,loro,nfp_change,weight,8.0,macro
NOR_30Y,5,LORO_GFC,GFC,loro,pmi_us,weight,0.0,macro
NOR_30Y,5,LORO_GFC,GFC,loro,pmi_eur,weight,3.0,macro
NOR_30Y,5,LORO_GFC,GFC,loro,unemp_eur,weight,1.0,macro
NOR_30Y,5,LORO_GFC,GFC,loro,cpi_nsa_level,weight,1.0,macro
NOR_30Y,5,LORO_GFC,GFC,loro,pce_core_level,weight,3.0,macro
NOR_30Y,5,LORO_GFC,GFC,loro,eur_3m,weight,2.0,macro
NOR_30Y,5,LORO_GFC,GFC,loro,eur_1w,weight,2.0,macro
NOR_30Y,5,LORO_GFC,GFC,loro,nor_ibor_1m,weight,2.0,norway
NOR_30Y,5,LORO_GFC,GFC,loro,nor_ibor_6m,weight,0.0,norway
NOR_30Y,5,LORO_GFC,GFC,loro,nor_ecb_dfr_chg,weight,0.0,norway
NOR_30Y,5,LORO_GFC,GFC,loro,nor_ecb_dfr_level,weight,0.0,norway
NOR_30Y,5,LORO_GFC,GFC,loro,nor_eurnok_chg_1d,weight,9.0,norway
NOR_30Y,5,LORO_GFC,GFC,loro,nor_eurnok_level,weight,0.0,norway
NOR_30Y,5,LORO_GFC,GFC,loro,nor_eurnok_mom_1m,weight,8.0,norway
NOR_30Y,5,LORO_GFC,GFC,loro,nor_eurnok_mom_3m,weight,14.0,norway
NOR_30Y,5,LORO_GFC,GFC,loro,nor_eurnok_rvol_20d,weight,9.0,norway
NOR_30Y,5,LORO_GFC,GFC,loro,nor_govt_10y,weight,4.0,norway
NOR_30Y,5,LORO_GFC,GFC,loro,nor_govt_3y,weight,2.0,norway
NOR_30Y,5,LORO_GFC,GFC,loro,nor_govt_5y,weight,1.0,norway
NOR_30Y,5,LORO_GFC,GFC,loro,nor_i44_chg_1d,weight,8.0,norway
NOR_30Y,5,LORO_GFC,GFC,loro,nor_i44_level,weight,2.0,norway
NOR_30Y,5,LORO_GFC,GFC,loro,nor_i44_mom_1m,weight,2.0,norway
NOR_30Y,5,LORO_GFC,GFC,loro,nor_i44_mom_3m,weight,5.0,norway
NOR_30Y,5,LORO_GFC,GFC,loro,nor_i44_rvol_20d,weight,9.0,norway
NOR_30Y,5,LORO_GFC,GFC,loro,nor_kpi_yoy,weight,9.0,norway
NOR_30Y,5,LORO_GFC,GFC,loro,nor_kpijae_yoy,weight,2.0,norway
NOR_30Y,5,LORO_GFC,GFC,loro,nor_nibor_nowa_spread,weight,6.0,norway
NOR_30Y,5,LORO_GFC,GFC,loro,nor_nowa_level,weight,5.0,norway
NOR_30Y,5,LORO_GFC,GFC,loro,nor_polrate_chg_1d,weight,0.0,norway
NOR_30Y,5,LORO_GFC,GFC,loro,nor_polrate_days_since_chg,weight,5.0,norway
NOR_30Y,5,LORO_GFC,GFC,loro,nor_polrate_level,weight,0.0,norway
NOR_30Y,5,LORO_GFC,GFC,loro,nor_rb_rate_chg,weight,0.0,norway
NOR_30Y,5,LORO_GFC,GFC,loro,nor_rb_rate_level,weight,2.0,norway
NOR_30Y,5,LORO_GFC,GFC,loro,nor_unemp,weight,2.0,norway
NOR_30Y,5,LORO_GFC,GFC,loro,nor_usdnok_chg_1d,weight,6.0,norway
NOR_30Y,5,LORO_GFC,GFC,loro,nor_usdnok_level,weight,4.0,norway
NOR_30Y,5,LORO_GFC,GFC,loro,nor_usdnok_mom_1m,weight,14.0,norway
NOR_30Y,5,LORO_GFC,GFC,loro,nor_usdnok_mom_3m,weight,13.0,norway
NOR_30Y,5,LORO_GFC,GFC,loro,nor_usdnok_rvol_20d,weight,7.0,norway
NOR_30Y,5,LORO_GFC,GFC,loro,swap_govt_spread,weight,0.0,norway
NOR_30Y,5,LORO_GFC,GFC,loro,xmpca_01,weight,9.0,cross_market
NOR_30Y,5,LORO_GFC,GFC,loro,xmpca_02,weight,5.0,cross_market
NOR_30Y,5,LORO_GFC,GFC,loro,xmpca_03,weight,2.0,cross_market
NOR_30Y,5,LORO_GFC,GFC,loro,xmpca_04,weight,9.0,cross_market
NOR_30Y,5,LORO_GFC,GFC,loro,xmpca_05,weight,4.0,cross_market
NOR_30Y,5,LORO_GFC,GFC,loro,xmpca_06,weight,12.0,cross_market
NOR_30Y,5,LORO_GFC,GFC,loro,xmpca_07,weight,4.0,cross_market
NOR_30Y,5,LORO_GFC,GFC,loro,xmpca_08,weight,5.0,cross_market
NOR_30Y,5,LORO_GFC,GFC,loro,xmpca_09,weight,6.0,cross_market
NOR_30Y,5,LORO_GFC,GFC,loro,xmpca_10,weight,8.0,cross_market
NOR_30Y,5,LORO_GFC,GFC,loro,xmpca_11,weight,13.0,cross_market
NOR_30Y,5,LORO_GFC,GFC,loro,xmpca_12,weight,7.0,cross_market
NOR_30Y,5,LORO_GFC,GFC,loro,chg_lag1,cover,53.0512809753418,momentum
NOR_30Y,5,LORO_GFC,GFC,loro,chg_lag2,cover,24.068965911865234,momentum
NOR_30Y,5,LORO_GFC,GFC,loro,chg_lag3,cover,282.1428527832031,momentum
NOR_30Y,5,LORO_GFC,GFC,loro,chg_lag4,cover,0.0,momentum
NOR_30Y,5,LORO_GFC,GFC,loro,chg_lag5,cover,39.33333206176758,momentum
NOR_30Y,5,LORO_GFC,GFC,loro,carry_roll,cover,214.11111450195312,carry_roll
NOR_30Y,5,LORO_GFC,GFC,loro,mom_63d,cover,36.11111068725586,momentum
NOR_30Y,5,LORO_GFC,GFC,loro,mom_1m,cover,389.72222900390625,momentum
NOR_30Y,5,LORO_GFC,GFC,loro,mom_3m,cover,239.3333282470703,momentum
NOR_30Y,5,LORO_GFC,GFC,loro,mom_6m,cover,264.20001220703125,momentum
NOR_30Y,5,LORO_GFC,GFC,loro,mom_12m,cover,38.5,momentum
NOR_30Y,5,LORO_GFC,GFC,loro,dev_ma_3m,cover,385.5714416503906,curve
NOR_30Y,5,LORO_GFC,GFC,loro,dev_ma_12m,cover,147.0,curve
NOR_30Y,5,LORO_GFC,GFC,loro,vol_20d,cover,249.5833282470703,vol
NOR_30Y,5,LORO_GFC,GFC,loro,vol_regime,cover,29.0,vol
NOR_30Y,5,LORO_GFC,GFC,loro,vol_zscore,cover,93.80000305175781,vol
NOR_30Y,5,LORO_GFC,GFC,loro,level_zscore,cover,492.5,curve
NOR_30Y,5,LORO_GFC,GFC,loro,slope_10_1,cover,375.4444580078125,curve
NOR_30Y,5,LORO_GFC,GFC,loro,slope_10_5,cover,293.7272644042969,curve
NOR_30Y,5,LORO_GFC,GFC,loro,slope_5_1,cover,833.727294921875,curve
NOR_30Y,5,LORO_GFC,GFC,loro,sofr_mom_1m,cover,716.0,macro
NOR_30Y,5,LORO_GFC,GFC,loro,ibor_level,cover,836.7000122070312,macro
NOR_30Y,5,LORO_GFC,GFC,loro,ibor_chg_1d,cover,551.8571166992188,macro
NOR_30Y,5,LORO_GFC,GFC,loro,ibor_mom_1m,cover,412.71429443359375,macro
NOR_30Y,5,LORO_GFC,GFC,loro,ibor_term_slope,cover,285.375,macro
NOR_30Y,5,LORO_GFC,GFC,loro,swap_ibor_basis,cover,87.0,curve
NOR_30Y,5,LORO_GFC,GFC,loro,move_level,cover,207.85714721679688,vol
NOR_30Y,5,LORO_GFC,GFC,loro,move_zscore,cover,143.72727966308594,vol
NOR_30Y,5,LORO_GFC,GFC,loro,vix_level,cover,31.33333396911621,vol
NOR_30Y,5,LORO_GFC,GFC,loro,vix_zscore,cover,456.75,vol
NOR_30Y,5,LORO_GFC,GFC,loro,v2x_level,cover,309.125,vol
NOR_30Y,5,LORO_GFC,GFC,loro,vxn_level,cover,45.5,vol
NOR_30Y,5,LORO_GFC,GFC,loro,ovx_level,cover,66.125,vol
NOR_30Y,5,LORO_GFC,GFC,loro,gvz_level,cover,40.0,vol
NOR_30Y,5,LORO_GFC,GFC,loro,spx_mom_1m,cover,273.875,macro
NOR_30Y,5,LORO_GFC,GFC,loro,spx_mom_3m,cover,217.57142639160156,macro
NOR_30Y,5,LORO_GFC,GFC,loro,sx5e_mom_1m,cover,336.25,macro
NOR_30Y,5,LORO_GFC,GFC,loro,sx5e_mom_3m,cover,349.1428527832031,macro
NOR_30Y,5,LORO_GFC,GFC,loro,mxwo_mom_1m,cover,351.0,macro
NOR_30Y,5,LORO_GFC,GFC,loro,ndx_mom_1m,cover,624.4444580078125,macro
NOR_30Y,5,LORO_GFC,GFC,loro,oil_mom_1m,cover,782.0,macro
NOR_30Y,5,LORO_GFC,GFC,loro,oil_mom_3m,cover,243.14285278320312,macro
NOR_30Y,5,LORO_GFC,GFC,loro,copper_mom_1m,cover,127.54545593261719,macro
NOR_30Y,5,LORO_GFC,GFC,loro,opec_prod,cover,83.5,macro
NOR_30Y,5,LORO_GFC,GFC,loro,natgas_mom_1m,cover,221.75,macro
NOR_30Y,5,LORO_GFC,GFC,loro,be5y_level,cover,24.0,macro
NOR_30Y,5,LORO_GFC,GFC,loro,be10y_level,cover,550.6666870117188,macro
NOR_30Y,5,LORO_GFC,GFC,loro,be_slope,cover,1458.0,macro
NOR_30Y,5,LORO_GFC,GFC,loro,be5y_chg_1m,cover,1673.5,macro
NOR_30Y,5,LORO_GFC,GFC,loro,ig_spread,cover,0.0,credit
NOR_30Y,5,LORO_GFC,GFC,loro,hy_spread,cover,14.0,credit
NOR_30Y,5,LORO_GFC,GFC,loro,ig_chg_1m,cover,0.0,credit
NOR_30Y,5,LORO_GFC,GFC,loro,hy_chg_1m,cover,0.0,credit
NOR_30Y,5,LORO_GFC,GFC,loro,cpi_yoy,cover,30.0,macro
NOR_30Y,5,LORO_GFC,GFC,loro,pce_core_chg,cover,28.0,macro
NOR_30Y,5,LORO_GFC,GFC,loro,nfp_change,cover,140.75,macro
NOR_30Y,5,LORO_GFC,GFC,loro,pmi_us,cover,0.0,macro
NOR_30Y,5,LORO_GFC,GFC,loro,pmi_eur,cover,698.6666870117188,macro
NOR_30Y,5,LORO_GFC,GFC,loro,unemp_eur,cover,26.0,macro
NOR_30Y,5,LORO_GFC,GFC,loro,cpi_nsa_level,cover,24.0,macro
NOR_30Y,5,LORO_GFC,GFC,loro,pce_core_level,cover,1329.6666259765625,macro
NOR_30Y,5,LORO_GFC,GFC,loro,eur_3m,cover,591.5,macro
NOR_30Y,5,LORO_GFC,GFC,loro,eur_1w,cover,806.5,macro
NOR_30Y,5,LORO_GFC,GFC,loro,nor_ibor_1m,cover,20.0,norway
NOR_30Y,5,LORO_GFC,GFC,loro,nor_ibor_6m,cover,0.0,norway
NOR_30Y,5,LORO_GFC,GFC,loro,nor_ecb_dfr_chg,cover,0.0,norway
NOR_30Y,5,LORO_GFC,GFC,loro,nor_ecb_dfr_level,cover,0.0,norway
NOR_30Y,5,LORO_GFC,GFC,loro,nor_eurnok_chg_1d,cover,49.33333206176758,norway
NOR_30Y,5,LORO_GFC,GFC,loro,nor_eurnok_level,cover,0.0,norway
NOR_30Y,5,LORO_GFC,GFC,loro,nor_eurnok_mom_1m,cover,217.625,norway
NOR_30Y,5,LORO_GFC,GFC,loro,nor_eurnok_mom_3m,cover,726.6428833007812,norway
NOR_30Y,5,LORO_GFC,GFC,loro,nor_eurnok_rvol_20d,cover,306.1111145019531,norway
NOR_30Y,5,LORO_GFC,GFC,loro,nor_govt_10y,cover,119.75,norway
NOR_30Y,5,LORO_GFC,GFC,loro,nor_govt_3y,cover,738.0,norway
NOR_30Y,5,LORO_GFC,GFC,loro,nor_govt_5y,cover,100.0,norway
NOR_30Y,5,LORO_GFC,GFC,loro,nor_i44_chg_1d,cover,54.625,norway
NOR_30Y,5,LORO_GFC,GFC,loro,nor_i44_level,cover,608.0,norway
NOR_30Y,5,LORO_GFC,GFC,loro,nor_i44_mom_1m,cover,142.5,norway
NOR_30Y,5,LORO_GFC,GFC,loro,nor_i44_mom_3m,cover,71.0,norway
NOR_30Y,5,LORO_GFC,GFC,loro,nor_i44_rvol_20d,cover,271.3333435058594,norway
NOR_30Y,5,LORO_GFC,GFC,loro,nor_kpi_yoy,cover,917.4444580078125,norway
NOR_30Y,5,LORO_GFC,GFC,loro,nor_kpijae_yoy,cover,199.0,norway
NOR_30Y,5,LORO_GFC,GFC,loro,nor_nibor_nowa_spread,cover,374.5,norway
NOR_30Y,5,LORO_GFC,GFC,loro,nor_nowa_level,cover,298.3999938964844,norway
NOR_30Y,5,LORO_GFC,GFC,loro,nor_polrate_chg_1d,cover,0.0,norway
NOR_30Y,5,LORO_GFC,GFC,loro,nor_polrate_days_since_chg,cover,611.2000122070312,norway
NOR_30Y,5,LORO_GFC,GFC,loro,nor_polrate_level,cover,0.0,norway
NOR_30Y,5,LORO_GFC,GFC,loro,nor_rb_rate_chg,cover,0.0,norway
NOR_30Y,5,LORO_GFC,GFC,loro,nor_rb_rate_level,cover,722.0,norway
NOR_30Y,5,LORO_GFC,GFC,loro,nor_unemp,cover,461.0,norway
NOR_30Y,5,LORO_GFC,GFC,loro,nor_usdnok_chg_1d,cover,50.5,norway
NOR_30Y,5,LORO_GFC,GFC,loro,nor_usdnok_level,cover,97.25,norway
NOR_30Y,5,LORO_GFC,GFC,loro,nor_usdnok_mom_1m,cover,481.5,norway
NOR_30Y,5,LORO_GFC,GFC,loro,nor_usdnok_mom_3m,cover,816.1538696289062,norway
NOR_30Y,5,LORO_GFC,GFC,loro,nor_usdnok_rvol_20d,cover,92.0,norway
NOR_30Y,5,LORO_GFC,GFC,loro,swap_govt_spread,cover,0.0,norway
NOR_30Y,5,LORO_GFC,GFC,loro,xmpca_01,cover,685.6666870117188,cross_market
NOR_30Y,5,LORO_GFC,GFC,loro,xmpca_02,cover,443.20001220703125,cross_market
NOR_30Y,5,LORO_GFC,GFC,loro,xmpca_03,cover,34.0,cross_market
NOR_30Y,5,LORO_GFC,GFC,loro,xmpca_04,cover,97.66666412353516,cross_market
NOR_30Y,5,LORO_GFC,GFC,loro,xmpca_05,cover,19.75,cross_market
NOR_30Y,5,LORO_GFC,GFC,loro,xmpca_06,cover,75.75,cross_market
NOR_30Y,5,LORO_GFC,GFC,loro,xmpca_07,cover,449.25,cross_market
NOR_30Y,5,LORO_GFC,GFC,loro,xmpca_08,cover,319.3999938964844,cross_market
NOR_30Y,5,LORO_GFC,GFC,loro,xmpca_09,cover,69.66666412353516,cross_market
NOR_30Y,5,LORO_GFC,GFC,loro,xmpca_10,cover,61.875,cross_market
NOR_30Y,5,LORO_GFC,GFC,loro,xmpca_11,cover,858.6923217773438,cross_market
NOR_30Y,5,LORO_GFC,GFC,loro,xmpca_12,cover,95.42857360839844,cross_market
NOR_30Y,5,LORO_GFC,GFC,loro,chg_lag1,total_gain,0.2899877727031708,momentum
NOR_30Y,5,LORO_GFC,GFC,loro,chg_lag2,total_gain,0.22871248424053192,momentum
NOR_30Y,5,LORO_GFC,GFC,loro,chg_lag3,total_gain,0.0844370499253273,momentum
NOR_30Y,5,LORO_GFC,GFC,loro,chg_lag4,total_gain,0.0,momentum
NOR_30Y,5,LORO_GFC,GFC,loro,chg_lag5,total_gain,0.0723302960395813,momentum
NOR_30Y,5,LORO_GFC,GFC,loro,carry_roll,total_gain,0.11249683797359467,carry_roll
NOR_30Y,5,LORO_GFC,GFC,loro,mom_63d,total_gain,0.10353559255599976,momentum
NOR_30Y,5,LORO_GFC,GFC,loro,mom_1m,total_gain,0.5328758955001831,momentum
NOR_30Y,5,LORO_GFC,GFC,loro,mom_3m,total_gain,0.1066223531961441,momentum
NOR_30Y,5,LORO_GFC,GFC,loro,mom_6m,total_gain,0.308969110250473,momentum
NOR_30Y,5,LORO_GFC,GFC,loro,mom_12m,total_gain,0.08796820044517517,momentum
NOR_30Y,5,LORO_GFC,GFC,loro,dev_ma_3m,total_gain,0.3111121356487274,curve
NOR_30Y,5,LORO_GFC,GFC,loro,dev_ma_12m,total_gain,0.07440651953220367,curve
NOR_30Y,5,LORO_GFC,GFC,loro,vol_20d,total_gain,0.29018542170524597,vol
NOR_30Y,5,LORO_GFC,GFC,loro,vol_regime,total_gain,0.024386323988437653,vol
NOR_30Y,5,LORO_GFC,GFC,loro,vol_zscore,total_gain,0.14277169108390808,vol
NOR_30Y,5,LORO_GFC,GFC,loro,level_zscore,total_gain,0.1157551184296608,curve
NOR_30Y,5,LORO_GFC,GFC,loro,slope_10_1,total_gain,0.335936576128006,curve
NOR_30Y,5,LORO_GFC,GFC,loro,slope_10_5,total_gain,0.35364463925361633,curve
NOR_30Y,5,LORO_GFC,GFC,loro,slope_5_1,total_gain,0.4615192115306854,curve
NOR_30Y,5,LORO_GFC,GFC,loro,sofr_mom_1m,total_gain,0.5122314095497131,macro
NOR_30Y,5,LORO_GFC,GFC,loro,ibor_level,total_gain,0.4857475161552429,macro
NOR_30Y,5,LORO_GFC,GFC,loro,ibor_chg_1d,total_gain,0.21691986918449402,macro
NOR_30Y,5,LORO_GFC,GFC,loro,ibor_mom_1m,total_gain,0.47230225801467896,macro
NOR_30Y,5,LORO_GFC,GFC,loro,ibor_term_slope,total_gain,0.1673777848482132,macro
NOR_30Y,5,LORO_GFC,GFC,loro,swap_ibor_basis,total_gain,0.1610957831144333,curve
NOR_30Y,5,LORO_GFC,GFC,loro,move_level,total_gain,0.24197126924991608,vol
NOR_30Y,5,LORO_GFC,GFC,loro,move_zscore,total_gain,0.4991547465324402,vol
NOR_30Y,5,LORO_GFC,GFC,loro,vix_level,total_gain,0.04958915337920189,vol
NOR_30Y,5,LORO_GFC,GFC,loro,vix_zscore,total_gain,0.10102468729019165,vol
NOR_30Y,5,LORO_GFC,GFC,loro,v2x_level,total_gain,0.33213499188423157,vol
NOR_30Y,5,LORO_GFC,GFC,loro,vxn_level,total_gain,0.09082378447055817,vol
NOR_30Y,5,LORO_GFC,GFC,loro,ovx_level,total_gain,0.16361328959465027,vol
NOR_30Y,5,LORO_GFC,GFC,loro,gvz_level,total_gain,0.036172784864902496,vol
NOR_30Y,5,LORO_GFC,GFC,loro,spx_mom_1m,total_gain,0.24439825117588043,macro
NOR_30Y,5,LORO_GFC,GFC,loro,spx_mom_3m,total_gain,0.18054331839084625,macro
NOR_30Y,5,LORO_GFC,GFC,loro,sx5e_mom_1m,total_gain,0.0533924475312233,macro
NOR_30Y,5,LORO_GFC,GFC,loro,sx5e_mom_3m,total_gain,0.2870730459690094,macro
NOR_30Y,5,LORO_GFC,GFC,loro,mxwo_mom_1m,total_gain,0.07567644864320755,macro
NOR_30Y,5,LORO_GFC,GFC,loro,ndx_mom_1m,total_gain,0.3242962956428528,macro
NOR_30Y,5,LORO_GFC,GFC,loro,oil_mom_1m,total_gain,0.4178197383880615,macro
NOR_30Y,5,LORO_GFC,GFC,loro,oil_mom_3m,total_gain,0.13870273530483246,macro
NOR_30Y,5,LORO_GFC,GFC,loro,copper_mom_1m,total_gain,0.3203437924385071,macro
NOR_30Y,5,LORO_GFC,GFC,loro,opec_prod,total_gain,0.040394965559244156,macro
NOR_30Y,5,LORO_GFC,GFC,loro,natgas_mom_1m,total_gain,0.15024727582931519,macro
NOR_30Y,5,LORO_GFC,GFC,loro,be5y_level,total_gain,0.011156387627124786,macro
NOR_30Y,5,LORO_GFC,GFC,loro,be10y_level,total_gain,0.09985140711069107,macro
NOR_30Y,5,LORO_GFC,GFC,loro,be_slope,total_gain,0.04531843587756157,macro
NOR_30Y,5,LORO_GFC,GFC,loro,be5y_chg_1m,total_gain,0.05354753136634827,macro
NOR_30Y,5,LORO_GFC,GFC,loro,ig_spread,total_gain,0.0,credit
NOR_30Y,5,LORO_GFC,GFC,loro,hy_spread,total_gain,0.022835075855255127,credit
NOR_30Y,5,LORO_GFC,GFC,loro,ig_chg_1m,total_gain,0.0,credit
NOR_30Y,5,LORO_GFC,GFC,loro,hy_chg_1m,total_gain,0.0,credit
NOR_30Y,5,LORO_GFC,GFC,loro,cpi_yoy,total_gain,0.03701116144657135,macro
NOR_30Y,5,LORO_GFC,GFC,loro,pce_core_chg,total_gain,0.10791974514722824,macro
NOR_30Y,5,LORO_GFC,GFC,loro,nfp_change,total_gain,0.19494885206222534,macro
NOR_30Y,5,LORO_GFC,GFC,loro,pmi_us,total_gain,0.0,macro
NOR_30Y,5,LORO_GFC,GFC,loro,pmi_eur,total_gain,0.14482411742210388,macro
NOR_30Y,5,LORO_GFC,GFC,loro,unemp_eur,total_gain,0.02306968718767166,macro
NOR_30Y,5,LORO_GFC,GFC,loro,cpi_nsa_level,total_gain,0.0065819621086120605,macro
NOR_30Y,5,LORO_GFC,GFC,loro,pce_core_level,total_gain,0.11788326501846313,macro
NOR_30Y,5,LORO_GFC,GFC,loro,eur_3m,total_gain,0.13351763784885406,macro
NOR_30Y,5,LORO_GFC,GFC,loro,eur_1w,total_gain,0.08475491404533386,macro
NOR_30Y,5,LORO_GFC,GFC,loro,nor_ibor_1m,total_gain,0.01627698540687561,norway
NOR_30Y,5,LORO_GFC,GFC,loro,nor_ibor_6m,total_gain,0.0,norway
NOR_30Y,5,LORO_GFC,GFC,loro,nor_ecb_dfr_chg,total_gain,0.0,norway
NOR_30Y,5,LORO_GFC,GFC,loro,nor_ecb_dfr_level,total_gain,0.0,norway
NOR_30Y,5,LORO_GFC,GFC,loro,nor_eurnok_chg_1d,total_gain,0.23956066370010376,norway
NOR_30Y,5,LORO_GFC,GFC,loro,nor_eurnok_level,total_gain,0.0,norway
NOR_30Y,5,LORO_GFC,GFC,loro,nor_eurnok_mom_1m,total_gain,0.14334607124328613,norway
NOR_30Y,5,LORO_GFC,GFC,loro,nor_eurnok_mom_3m,total_gain,0.6222524642944336,norway
NOR_30Y,5,LORO_GFC,GFC,loro,nor_eurnok_rvol_20d,total_gain,0.30117133259773254,norway
NOR_30Y,5,LORO_GFC,GFC,loro,nor_govt_10y,total_gain,0.18783864378929138,norway
NOR_30Y,5,LORO_GFC,GFC,loro,nor_govt_3y,total_gain,0.08317068219184875,norway
NOR_30Y,5,LORO_GFC,GFC,loro,nor_govt_5y,total_gain,0.02333536371588707,norway
NOR_30Y,5,LORO_GFC,GFC,loro,nor_i44_chg_1d,total_gain,0.2983432114124298,norway
NOR_30Y,5,LORO_GFC,GFC,loro,nor_i44_level,total_gain,0.11802557110786438,norway
NOR_30Y,5,LORO_GFC,GFC,loro,nor_i44_mom_1m,total_gain,0.10071218013763428,norway
NOR_30Y,5,LORO_GFC,GFC,loro,nor_i44_mom_3m,total_gain,0.14647376537322998,norway
NOR_30Y,5,LORO_GFC,GFC,loro,nor_i44_rvol_20d,total_gain,0.27312344312667847,norway
NOR_30Y,5,LORO_GFC,GFC,loro,nor_kpi_yoy,total_gain,0.5488283038139343,norway
NOR_30Y,5,LORO_GFC,GFC,loro,nor_kpijae_yoy,total_gain,0.10943297296762466,norway
NOR_30Y,5,LORO_GFC,GFC,loro,nor_nibor_nowa_spread,total_gain,0.19751915335655212,norway
NOR_30Y,5,LORO_GFC,GFC,loro,nor_nowa_level,total_gain,0.19104257225990295,norway
NOR_30Y,5,LORO_GFC,GFC,loro,nor_polrate_chg_1d,total_gain,0.0,norway
NOR_30Y,5,LORO_GFC,GFC,loro,nor_polrate_days_since_chg,total_gain,0.20544180274009705,norway
NOR_30Y,5,LORO_GFC,GFC,loro,nor_polrate_level,total_gain,0.0,norway
NOR_30Y,5,LORO_GFC,GFC,loro,nor_rb_rate_chg,total_gain,0.0,norway
NOR_30Y,5,LORO_GFC,GFC,loro,nor_rb_rate_level,total_gain,0.08803322911262512,norway
NOR_30Y,5,LORO_GFC,GFC,loro,nor_unemp,total_gain,0.1408369541168213,norway
NOR_30Y,5,LORO_GFC,GFC,loro,nor_usdnok_chg_1d,total_gain,0.12780041992664337,norway
NOR_30Y,5,LORO_GFC,GFC,loro,nor_usdnok_level,total_gain,0.1336461454629898,norway
NOR_30Y,5,LORO_GFC,GFC,loro,nor_usdnok_mom_1m,total_gain,0.5099576711654663,norway
NOR_30Y,5,LORO_GFC,GFC,loro,nor_usdnok_mom_3m,total_gain,0.6061697602272034,norway
NOR_30Y,5,LORO_GFC,GFC,loro,nor_usdnok_rvol_20d,total_gain,0.21105709671974182,norway
NOR_30Y,5,LORO_GFC,GFC,loro,swap_govt_spread,total_gain,0.0,norway
NOR_30Y,5,LORO_GFC,GFC,loro,xmpca_01,total_gain,0.4659814238548279,cross_market
NOR_30Y,5,LORO_GFC,GFC,loro,xmpca_02,total_gain,0.19363203644752502,cross_market
NOR_30Y,5,LORO_GFC,GFC,loro,xmpca_03,total_gain,0.041256893426179886,cross_market
NOR_30Y,5,LORO_GFC,GFC,loro,xmpca_04,total_gain,0.270883709192276,cross_market
NOR_30Y,5,LORO_GFC,GFC,loro,xmpca_05,total_gain,0.08604021370410919,cross_market
NOR_30Y,5,LORO_GFC,GFC,loro,xmpca_06,total_gain,0.2693134546279907,cross_market
NOR_30Y,5,LORO_GFC,GFC,loro,xmpca_07,total_gain,0.0760839655995369,cross_market
NOR_30Y,5,LORO_GFC,GFC,loro,xmpca_08,total_gain,0.0966491848230362,cross_market
NOR_30Y,5,LORO_GFC,GFC,loro,xmpca_09,total_gain,0.1820526421070099,cross_market
NOR_30Y,5,LORO_GFC,GFC,loro,xmpca_10,total_gain,0.2358701378107071,cross_market
NOR_30Y,5,LORO_GFC,GFC,loro,xmpca_11,total_gain,0.7267255187034607,cross_market
NOR_30Y,5,LORO_GFC,GFC,loro,xmpca_12,total_gain,0.2562790513038635,cross_market
NOR_30Y,5,LORO_GFC,GFC,loro,chg_lag1,total_cover,2069.0,momentum
NOR_30Y,5,LORO_GFC,GFC,loro,chg_lag2,total_cover,698.0,momentum
NOR_30Y,5,LORO_GFC,GFC,loro,chg_lag3,total_cover,1975.0,momentum
NOR_30Y,5,LORO_GFC,GFC,loro,chg_lag4,total_cover,0.0,momentum
NOR_30Y,5,LORO_GFC,GFC,loro,chg_lag5,total_cover,354.0,momentum
NOR_30Y,5,LORO_GFC,GFC,loro,carry_roll,total_cover,1927.0,carry_roll
NOR_30Y,5,LORO_GFC,GFC,loro,mom_63d,total_cover,325.0,momentum
NOR_30Y,5,LORO_GFC,GFC,loro,mom_1m,total_cover,7015.0,momentum
NOR_30Y,5,LORO_GFC,GFC,loro,mom_3m,total_cover,718.0,momentum
NOR_30Y,5,LORO_GFC,GFC,loro,mom_6m,total_cover,3963.0,momentum
NOR_30Y,5,LORO_GFC,GFC,loro,mom_12m,total_cover,154.0,momentum
NOR_30Y,5,LORO_GFC,GFC,loro,dev_ma_3m,total_cover,5398.0,curve
NOR_30Y,5,LORO_GFC,GFC,loro,dev_ma_12m,total_cover,294.0,curve
NOR_30Y,5,LORO_GFC,GFC,loro,vol_20d,total_cover,2995.0,vol
NOR_30Y,5,LORO_GFC,GFC,loro,vol_regime,total_cover,58.0,vol
NOR_30Y,5,LORO_GFC,GFC,loro,vol_zscore,total_cover,469.0,vol
NOR_30Y,5,LORO_GFC,GFC,loro,level_zscore,total_cover,2955.0,curve
NOR_30Y,5,LORO_GFC,GFC,loro,slope_10_1,total_cover,3379.0,curve
NOR_30Y,5,LORO_GFC,GFC,loro,slope_10_5,total_cover,3231.0,curve
NOR_30Y,5,LORO_GFC,GFC,loro,slope_5_1,total_cover,9171.0,curve
NOR_30Y,5,LORO_GFC,GFC,loro,sofr_mom_1m,total_cover,10740.0,macro
NOR_30Y,5,LORO_GFC,GFC,loro,ibor_level,total_cover,8367.0,macro
NOR_30Y,5,LORO_GFC,GFC,loro,ibor_chg_1d,total_cover,3863.0,macro
NOR_30Y,5,LORO_GFC,GFC,loro,ibor_mom_1m,total_cover,5778.0,macro
NOR_30Y,5,LORO_GFC,GFC,loro,ibor_term_slope,total_cover,2283.0,macro
NOR_30Y,5,LORO_GFC,GFC,loro,swap_ibor_basis,total_cover,435.0,curve
NOR_30Y,5,LORO_GFC,GFC,loro,move_level,total_cover,1455.0,vol
NOR_30Y,5,LORO_GFC,GFC,loro,move_zscore,total_cover,1581.0,vol
NOR_30Y,5,LORO_GFC,GFC,loro,vix_level,total_cover,94.0,vol
NOR_30Y,5,LORO_GFC,GFC,loro,vix_zscore,total_cover,1827.0,vol
NOR_30Y,5,LORO_GFC,GFC,loro,v2x_level,total_cover,2473.0,vol
NOR_30Y,5,LORO_GFC,GFC,loro,vxn_level,total_cover,182.0,vol
NOR_30Y,5,LORO_GFC,GFC,loro,ovx_level,total_cover,529.0,vol
NOR_30Y,5,LORO_GFC,GFC,loro,gvz_level,total_cover,80.0,vol
NOR_30Y,5,LORO_GFC,GFC,loro,spx_mom_1m,total_cover,2191.0,macro
NOR_30Y,5,LORO_GFC,GFC,loro,spx_mom_3m,total_cover,1523.0,macro
NOR_30Y,5,LORO_GFC,GFC,loro,sx5e_mom_1m,total_cover,1345.0,macro
NOR_30Y,5,LORO_GFC,GFC,loro,sx5e_mom_3m,total_cover,2444.0,macro
NOR_30Y,5,LORO_GFC,GFC,loro,mxwo_mom_1m,total_cover,1053.0,macro
NOR_30Y,5,LORO_GFC,GFC,loro,ndx_mom_1m,total_cover,5620.0,macro
NOR_30Y,5,LORO_GFC,GFC,loro,oil_mom_1m,total_cover,7820.0,macro
NOR_30Y,5,LORO_GFC,GFC,loro,oil_mom_3m,total_cover,1702.0,macro
NOR_30Y,5,LORO_GFC,GFC,loro,copper_mom_1m,total_cover,1403.0,macro
NOR_30Y,5,LORO_GFC,GFC,loro,opec_prod,total_cover,167.0,macro
NOR_30Y,5,LORO_GFC,GFC,loro,natgas_mom_1m,total_cover,887.0,macro
NOR_30Y,5,LORO_GFC,GFC,loro,be5y_level,total_cover,24.0,macro
NOR_30Y,5,LORO_GFC,GFC,loro,be10y_level,total_cover,1652.0,macro
NOR_30Y,5,LORO_GFC,GFC,loro,be_slope,total_cover,1458.0,macro
NOR_30Y,5,LORO_GFC,GFC,loro,be5y_chg_1m,total_cover,3347.0,macro
NOR_30Y,5,LORO_GFC,GFC,loro,ig_spread,total_cover,0.0,credit
NOR_30Y,5,LORO_GFC,GFC,loro,hy_spread,total_cover,14.0,credit
NOR_30Y,5,LORO_GFC,GFC,loro,ig_chg_1m,total_cover,0.0,credit
NOR_30Y,5,LORO_GFC,GFC,loro,hy_chg_1m,total_cover,0.0,credit
NOR_30Y,5,LORO_GFC,GFC,loro,cpi_yoy,total_cover,30.0,macro
NOR_30Y,5,LORO_GFC,GFC,loro,pce_core_chg,total_cover,84.0,macro
NOR_30Y,5,LORO_GFC,GFC,loro,nfp_change,total_cover,1126.0,macro
NOR_30Y,5,LORO_GFC,GFC,loro,pmi_us,total_cover,0.0,macro
NOR_30Y,5,LORO_GFC,GFC,loro,pmi_eur,total_cover,2096.0,macro
NOR_30Y,5,LORO_GFC,GFC,loro,unemp_eur,total_cover,26.0,macro
NOR_30Y,5,LORO_GFC,GFC,loro,cpi_nsa_level,total_cover,24.0,macro
NOR_30Y,5,LORO_GFC,GFC,loro,pce_core_level,total_cover,3989.0,macro
NOR_30Y,5,LORO_GFC,GFC,loro,eur_3m,total_cover,1183.0,macro
NOR_30Y,5,LORO_GFC,GFC,loro,eur_1w,total_cover,1613.0,macro
NOR_30Y,5,LORO_GFC,GFC,loro,nor_ibor_1m,total_cover,40.0,norway
NOR_30Y,5,LORO_GFC,GFC,loro,nor_ibor_6m,total_cover,0.0,norway
NOR_30Y,5,LORO_GFC,GFC,loro,nor_ecb_dfr_chg,total_cover,0.0,norway
NOR_30Y,5,LORO_GFC,GFC,loro,nor_ecb_dfr_level,total_cover,0.0,norway
NOR_30Y,5,LORO_GFC,GFC,loro,nor_eurnok_chg_1d,total_cover,444.0,norway
NOR_30Y,5,LORO_GFC,GFC,loro,nor_eurnok_level,total_cover,0.0,norway
NOR_30Y,5,LORO_GFC,GFC,loro,nor_eurnok_mom_1m,total_cover,1741.0,norway
NOR_30Y,5,LORO_GFC,GFC,loro,nor_eurnok_mom_3m,total_cover,10173.0,norway
NOR_30Y,5,LORO_GFC,GFC,loro,nor_eurnok_rvol_20d,total_cover,2755.0,norway
NOR_30Y,5,LORO_GFC,GFC,loro,nor_govt_10y,total_cover,479.0,norway
NOR_30Y,5,LORO_GFC,GFC,loro,nor_govt_3y,total_cover,1476.0,norway
NOR_30Y,5,LORO_GFC,GFC,loro,nor_govt_5y,total_cover,100.0,norway
NOR_30Y,5,LORO_GFC,GFC,loro,nor_i44_chg_1d,total_cover,437.0,norway
NOR_30Y,5,LORO_GFC,GFC,loro,nor_i44_level,total_cover,1216.0,norway
NOR_30Y,5,LORO_GFC,GFC,loro,nor_i44_mom_1m,total_cover,285.0,norway
NOR_30Y,5,LORO_GFC,GFC,loro,nor_i44_mom_3m,total_cover,355.0,norway
NOR_30Y,5,LORO_GFC,GFC,loro,nor_i44_rvol_20d,total_cover,2442.0,norway
NOR_30Y,5,LORO_GFC,GFC,loro,nor_kpi_yoy,total_cover,8257.0,norway
NOR_30Y,5,LORO_GFC,GFC,loro,nor_kpijae_yoy,total_cover,398.0,norway
NOR_30Y,5,LORO_GFC,GFC,loro,nor_nibor_nowa_spread,total_cover,2247.0,norway
NOR_30Y,5,LORO_GFC,GFC,loro,nor_nowa_level,total_cover,1492.0,norway
NOR_30Y,5,LORO_GFC,GFC,loro,nor_polrate_chg_1d,total_cover,0.0,norway
NOR_30Y,5,LORO_GFC,GFC,loro,nor_polrate_days_since_chg,total_cover,3056.0,norway
NOR_30Y,5,LORO_GFC,GFC,loro,nor_polrate_level,total_cover,0.0,norway
NOR_30Y,5,LORO_GFC,GFC,loro,nor_rb_rate_chg,total_cover,0.0,norway
NOR_30Y,5,LORO_GFC,GFC,loro,nor_rb_rate_level,total_cover,1444.0,norway
NOR_30Y,5,LORO_GFC,GFC,loro,nor_unemp,total_cover,922.0,norway
NOR_30Y,5,LORO_GFC,GFC,loro,nor_usdnok_chg_1d,total_cover,303.0,norway
NOR_30Y,5,LORO_GFC,GFC,loro,nor_usdnok_level,total_cover,389.0,norway
NOR_30Y,5,LORO_GFC,GFC,loro,nor_usdnok_mom_1m,total_cover,6741.0,norway
NOR_30Y,5,LORO_GFC,GFC,loro,nor_usdnok_mom_3m,total_cover,10610.0,norway
NOR_30Y,5,LORO_GFC,GFC,loro,nor_usdnok_rvol_20d,total_cover,644.0,norway
NOR_30Y,5,LORO_GFC,GFC,loro,swap_govt_spread,total_cover,0.0,norway
NOR_30Y,5,LORO_GFC,GFC,loro,xmpca_01,total_cover,6171.0,cross_market
NOR_30Y,5,LORO_GFC,GFC,loro,xmpca_02,total_cover,2216.0,cross_market
NOR_30Y,5,LORO_GFC,GFC,loro,xmpca_03,total_cover,68.0,cross_market
NOR_30Y,5,LORO_GFC,GFC,loro,xmpca_04,total_cover,879.0,cross_market
NOR_30Y,5,LORO_GFC,GFC,loro,xmpca_05,total_cover,79.0,cross_market
NOR_30Y,5,LORO_GFC,GFC,loro,xmpca_06,total_cover,909.0,cross_market
NOR_30Y,5,LORO_GFC,GFC,loro,xmpca_07,total_cover,1797.0,cross_market
NOR_30Y,5,LORO_GFC,GFC,loro,xmpca_08,total_cover,1597.0,cross_market
NOR_30Y,5,LORO_GFC,GFC,loro,xmpca_09,total_cover,418.0,cross_market
NOR_30Y,5,LORO_GFC,GFC,loro,xmpca_10,total_cover,495.0,cross_market
NOR_30Y,5,LORO_GFC,GFC,loro,xmpca_11,total_cover,11163.0,cross_market
NOR_30Y,5,LORO_GFC,GFC,loro,xmpca_12,total_cover,668.0,cross_market
NOR_30Y,5,LORO_GFC,GFC,loro,chg_lag1,shap_mean_abs,0.000721186981536448,momentum
NOR_30Y,5,LORO_GFC,GFC,loro,chg_lag2,shap_mean_abs,0.0003719385713338852,momentum
NOR_30Y,5,LORO_GFC,GFC,loro,chg_lag3,shap_mean_abs,0.00020732592383865267,momentum
NOR_30Y,5,LORO_GFC,GFC,loro,chg_lag4,shap_mean_abs,0.0,momentum
NOR_30Y,5,LORO_GFC,GFC,loro,chg_lag5,shap_mean_abs,0.0001658149849390611,momentum
NOR_30Y,5,LORO_GFC,GFC,loro,carry_roll,shap_mean_abs,0.0003069957601837814,carry_roll
NOR_30Y,5,LORO_GFC,GFC,loro,mom_63d,shap_mean_abs,0.000631784088909626,momentum
NOR_30Y,5,LORO_GFC,GFC,loro,mom_1m,shap_mean_abs,0.0017901369137689471,momentum
NOR_30Y,5,LORO_GFC,GFC,loro,mom_3m,shap_mean_abs,0.00033565875492058694,momentum
NOR_30Y,5,LORO_GFC,GFC,loro,mom_6m,shap_mean_abs,0.0006184481899254024,momentum
NOR_30Y,5,LORO_GFC,GFC,loro,mom_12m,shap_mean_abs,0.00016302138101309538,momentum
NOR_30Y,5,LORO_GFC,GFC,loro,dev_ma_3m,shap_mean_abs,0.0009485257905907929,curve
NOR_30Y,5,LORO_GFC,GFC,loro,dev_ma_12m,shap_mean_abs,0.0001955282496055588,curve
NOR_30Y,5,LORO_GFC,GFC,loro,vol_20d,shap_mean_abs,0.0007451779674738646,vol
NOR_30Y,5,LORO_GFC,GFC,loro,vol_regime,shap_mean_abs,6.512452819151804e-05,vol
NOR_30Y,5,LORO_GFC,GFC,loro,vol_zscore,shap_mean_abs,0.00016417891310993582,vol
NOR_30Y,5,LORO_GFC,GFC,loro,level_zscore,shap_mean_abs,0.0002655956777743995,curve
NOR_30Y,5,LORO_GFC,GFC,loro,slope_10_1,shap_mean_abs,0.0007798499427735806,curve
NOR_30Y,5,LORO_GFC,GFC,loro,slope_10_5,shap_mean_abs,0.0010747830383479595,curve
NOR_30Y,5,LORO_GFC,GFC,loro,slope_5_1,shap_mean_abs,0.0021219991613179445,curve
NOR_30Y,5,LORO_GFC,GFC,loro,sofr_mom_1m,shap_mean_abs,0.003076075343415141,macro
NOR_30Y,5,LORO_GFC,GFC,loro,ibor_level,shap_mean_abs,0.0037482206244021654,macro
NOR_30Y,5,LORO_GFC,GFC,loro,ibor_chg_1d,shap_mean_abs,0.0010640181135386229,macro
NOR_30Y,5,LORO_GFC,GFC,loro,ibor_mom_1m,shap_mean_abs,0.0015775308711454272,macro
NOR_30Y,5,LORO_GFC,GFC,loro,ibor_term_slope,shap_mean_abs,0.0002442530822008848,macro
NOR_30Y,5,LORO_GFC,GFC,loro,swap_ibor_basis,shap_mean_abs,0.0003801788261625916,curve
NOR_30Y,5,LORO_GFC,GFC,loro,move_level,shap_mean_abs,0.0007753078825771809,vol
NOR_30Y,5,LORO_GFC,GFC,loro,move_zscore,shap_mean_abs,0.0006621442153118551,vol
NOR_30Y,5,LORO_GFC,GFC,loro,vix_level,shap_mean_abs,3.56593809556216e-05,vol
NOR_30Y,5,LORO_GFC,GFC,loro,vix_zscore,shap_mean_abs,0.0003740723186638206,vol
NOR_30Y,5,LORO_GFC,GFC,loro,v2x_level,shap_mean_abs,0.001413607387803495,vol
NOR_30Y,5,LORO_GFC,GFC,loro,vxn_level,shap_mean_abs,0.000396554300095886,vol
NOR_30Y,5,LORO_GFC,GFC,loro,ovx_level,shap_mean_abs,0.0004460435884539038,vol
NOR_30Y,5,LORO_GFC,GFC,loro,gvz_level,shap_mean_abs,7.168009324232116e-05,vol
NOR_30Y,5,LORO_GFC,GFC,loro,spx_mom_1m,shap_mean_abs,0.0003619670169427991,macro
NOR_30Y,5,LORO_GFC,GFC,loro,spx_mom_3m,shap_mean_abs,0.0005030835163779557,macro
NOR_30Y,5,LORO_GFC,GFC,loro,sx5e_mom_1m,shap_mean_abs,0.0003732134646270424,macro
NOR_30Y,5,LORO_GFC,GFC,loro,sx5e_mom_3m,shap_mean_abs,0.0007920463103801012,macro
NOR_30Y,5,LORO_GFC,GFC,loro,mxwo_mom_1m,shap_mean_abs,0.00025570724392309785,macro
NOR_30Y,5,LORO_GFC,GFC,loro,ndx_mom_1m,shap_mean_abs,0.0009599712793715298,macro
NOR_30Y,5,LORO_GFC,GFC,loro,oil_mom_1m,shap_mean_abs,0.0025745336897671223,macro
NOR_30Y,5,LORO_GFC,GFC,loro,oil_mom_3m,shap_mean_abs,0.0003802647697739303,macro
NOR_30Y,5,LORO_GFC,GFC,loro,copper_mom_1m,shap_mean_abs,0.000724624318536371,macro
NOR_30Y,5,LORO_GFC,GFC,loro,opec_prod,shap_mean_abs,6.883026071591303e-05,macro
NOR_30Y,5,LORO_GFC,GFC,loro,natgas_mom_1m,shap_mean_abs,0.0003910401719622314,macro
NOR_30Y,5,LORO_GFC,GFC,loro,be5y_level,shap_mean_abs,2.6582940336083993e-05,macro
NOR_30Y,5,LORO_GFC,GFC,loro,be10y_level,shap_mean_abs,6.387195026036352e-05,macro
NOR_30Y,5,LORO_GFC,GFC,loro,be_slope,shap_mean_abs,0.00012101664469810203,macro
NOR_30Y,5,LORO_GFC,GFC,loro,be5y_chg_1m,shap_mean_abs,0.00018888739577960223,macro
NOR_30Y,5,LORO_GFC,GFC,loro,ig_spread,shap_mean_abs,0.0,credit
NOR_30Y,5,LORO_GFC,GFC,loro,hy_spread,shap_mean_abs,0.00010296708205714822,credit
NOR_30Y,5,LORO_GFC,GFC,loro,ig_chg_1m,shap_mean_abs,0.0,credit
NOR_30Y,5,LORO_GFC,GFC,loro,hy_chg_1m,shap_mean_abs,0.0,credit
NOR_30Y,5,LORO_GFC,GFC,loro,cpi_yoy,shap_mean_abs,3.0607738153776154e-05,macro
NOR_30Y,5,LORO_GFC,GFC,loro,pce_core_chg,shap_mean_abs,0.0001845511724241078,macro
NOR_30Y,5,LORO_GFC,GFC,loro,nfp_change,shap_mean_abs,0.00032625559833832085,macro
NOR_30Y,5,LORO_GFC,GFC,loro,pmi_us,shap_mean_abs,0.0,macro
NOR_30Y,5,LORO_GFC,GFC,loro,pmi_eur,shap_mean_abs,0.0004976882482878864,macro
NOR_30Y,5,LORO_GFC,GFC,loro,unemp_eur,shap_mean_abs,2.1402629499789327e-05,macro
NOR_30Y,5,LORO_GFC,GFC,loro,cpi_nsa_level,shap_mean_abs,3.889857453032164e-06,macro
NOR_30Y,5,LORO_GFC,GFC,loro,pce_core_level,shap_mean_abs,0.00013621925609186292,macro
NOR_30Y,5,LORO_GFC,GFC,loro,eur_3m,shap_mean_abs,0.000947694992646575,macro
NOR_30Y,5,LORO_GFC,GFC,loro,eur_1w,shap_mean_abs,0.000715746427886188,macro
NOR_30Y,5,LORO_GFC,GFC,loro,nor_ibor_1m,shap_mean_abs,2.6666393750929274e-05,norway
NOR_30Y,5,LORO_GFC,GFC,loro,nor_ibor_6m,shap_mean_abs,0.0,norway
NOR_30Y,5,LORO_GFC,GFC,loro,nor_ecb_dfr_chg,shap_mean_abs,0.0,norway
NOR_30Y,5,LORO_GFC,GFC,loro,nor_ecb_dfr_level,shap_mean_abs,0.0,norway
NOR_30Y,5,LORO_GFC,GFC,loro,nor_eurnok_chg_1d,shap_mean_abs,0.00030373918707482517,norway
NOR_30Y,5,LORO_GFC,GFC,loro,nor_eurnok_level,shap_mean_abs,0.0,norway
NOR_30Y,5,LORO_GFC,GFC,loro,nor_eurnok_mom_1m,shap_mean_abs,0.00042411929462105036,norway
NOR_30Y,5,LORO_GFC,GFC,loro,nor_eurnok_mom_3m,shap_mean_abs,0.0019554970785975456,norway
NOR_30Y,5,LORO_GFC,GFC,loro,nor_eurnok_rvol_20d,shap_mean_abs,0.0010379888117313385,norway
NOR_30Y,5,LORO_GFC,GFC,loro,nor_govt_10y,shap_mean_abs,0.0002444282581564039,norway
NOR_30Y,5,LORO_GFC,GFC,loro,nor_govt_3y,shap_mean_abs,0.00017737984308041632,norway
NOR_30Y,5,LORO_GFC,GFC,loro,nor_govt_5y,shap_mean_abs,4.5588527427753434e-05,norway
NOR_30Y,5,LORO_GFC,GFC,loro,nor_i44_chg_1d,shap_mean_abs,0.00031325852614827454,norway
NOR_30Y,5,LORO_GFC,GFC,loro,nor_i44_level,shap_mean_abs,0.00027332297759130597,norway
NOR_30Y,5,LORO_GFC,GFC,loro,nor_i44_mom_1m,shap_mean_abs,0.00025031427503563464,norway
NOR_30Y,5,LORO_GFC,GFC,loro,nor_i44_mom_3m,shap_mean_abs,0.00024546959321014583,norway
NOR_30Y,5,LORO_GFC,GFC,loro,nor_i44_rvol_20d,shap_mean_abs,0.0005213820841163397,norway
NOR_30Y,5,LORO_GFC,GFC,loro,nor_kpi_yoy,shap_mean_abs,0.0005845506093464792,norway
NOR_30Y,5,LORO_GFC,GFC,loro,nor_kpijae_yoy,shap_mean_abs,0.0005925519508309662,norway
NOR_30Y,5,LORO_GFC,GFC,loro,nor_nibor_nowa_spread,shap_mean_abs,0.00037780345883220434,norway
NOR_30Y,5,LORO_GFC,GFC,loro,nor_nowa_level,shap_mean_abs,0.0005513846990652382,norway
NOR_30Y,5,LORO_GFC,GFC,loro,nor_polrate_chg_1d,shap_mean_abs,0.0,norway
NOR_30Y,5,LORO_GFC,GFC,loro,nor_polrate_days_since_chg,shap_mean_abs,0.00044976870412938297,norway
NOR_30Y,5,LORO_GFC,GFC,loro,nor_polrate_level,shap_mean_abs,0.0,norway
NOR_30Y,5,LORO_GFC,GFC,loro,nor_rb_rate_chg,shap_mean_abs,0.0,norway
NOR_30Y,5,LORO_GFC,GFC,loro,nor_rb_rate_level,shap_mean_abs,0.0005538593977689743,norway
NOR_30Y,5,LORO_GFC,GFC,loro,nor_unemp,shap_mean_abs,0.0005047991871833801,norway
NOR_30Y,5,LORO_GFC,GFC,loro,nor_usdnok_chg_1d,shap_mean_abs,0.00012419774429872632,norway
NOR_30Y,5,LORO_GFC,GFC,loro,nor_usdnok_level,shap_mean_abs,0.000124102269182913,norway
NOR_30Y,5,LORO_GFC,GFC,loro,nor_usdnok_mom_1m,shap_mean_abs,0.0009876383701339364,norway
NOR_30Y,5,LORO_GFC,GFC,loro,nor_usdnok_mom_3m,shap_mean_abs,0.0014845257392153144,norway
NOR_30Y,5,LORO_GFC,GFC,loro,nor_usdnok_rvol_20d,shap_mean_abs,0.0003408082702662796,norway
NOR_30Y,5,LORO_GFC,GFC,loro,swap_govt_spread,shap_mean_abs,0.0,norway
NOR_30Y,5,LORO_GFC,GFC,loro,xmpca_01,shap_mean_abs,0.002735784510150552,cross_market
NOR_30Y,5,LORO_GFC,GFC,loro,xmpca_02,shap_mean_abs,0.0004357312573119998,cross_market
NOR_30Y,5,LORO_GFC,GFC,loro,xmpca_03,shap_mean_abs,4.537968561635353e-05,cross_market
NOR_30Y,5,LORO_GFC,GFC,loro,xmpca_04,shap_mean_abs,0.00026566494489088655,cross_market
NOR_30Y,5,LORO_GFC,GFC,loro,xmpca_05,shap_mean_abs,0.00012950378004461527,cross_market
NOR_30Y,5,LORO_GFC,GFC,loro,xmpca_06,shap_mean_abs,0.0004964765394106507,cross_market
NOR_30Y,5,LORO_GFC,GFC,loro,xmpca_07,shap_mean_abs,0.0007605393184348941,cross_market
NOR_30Y,5,LORO_GFC,GFC,loro,xmpca_08,shap_mean_abs,0.0002263709029648453,cross_market
NOR_30Y,5,LORO_GFC,GFC,loro,xmpca_09,shap_mean_abs,0.0002776900655589998,cross_market
NOR_30Y,5,LORO_GFC,GFC,loro,xmpca_10,shap_mean_abs,0.0002868219162337482,cross_market
NOR_30Y,5,LORO_GFC,GFC,loro,xmpca_11,shap_mean_abs,0.0019546952098608017,cross_market
NOR_30Y,5,LORO_GFC,GFC,loro,xmpca_12,shap_mean_abs,0.0004606170696206391,cross_market
NOR_30Y,5,LORO_ZIRP,ZIRP,loro,chg_lag1,gain,0.023524262011051178,momentum
NOR_30Y,5,LORO_ZIRP,ZIRP,loro,chg_lag2,gain,0.026392631232738495,momentum
NOR_30Y,5,LORO_ZIRP,ZIRP,loro,chg_lag3,gain,0.0,momentum
NOR_30Y,5,LORO_ZIRP,ZIRP,loro,chg_lag4,gain,0.0,momentum
NOR_30Y,5,LORO_ZIRP,ZIRP,loro,chg_lag5,gain,0.005526319146156311,momentum
NOR_30Y,5,LORO_ZIRP,ZIRP,loro,carry_roll,gain,0.04405510425567627,carry_roll
NOR_30Y,5,LORO_ZIRP,ZIRP,loro,mom_63d,gain,0.009607603773474693,momentum
NOR_30Y,5,LORO_ZIRP,ZIRP,loro,mom_1m,gain,0.10711447894573212,momentum
NOR_30Y,5,LORO_ZIRP,ZIRP,loro,mom_3m,gain,0.03956085443496704,momentum
NOR_30Y,5,LORO_ZIRP,ZIRP,loro,mom_6m,gain,0.0723903551697731,momentum
NOR_30Y,5,LORO_ZIRP,ZIRP,loro,mom_12m,gain,0.03520667180418968,momentum
NOR_30Y,5,LORO_ZIRP,ZIRP,loro,dev_ma_3m,gain,0.06775729358196259,curve
NOR_30Y,5,LORO_ZIRP,ZIRP,loro,dev_ma_12m,gain,0.2651815712451935,curve
NOR_30Y,5,LORO_ZIRP,ZIRP,loro,vol_20d,gain,0.06556344777345657,vol
NOR_30Y,5,LORO_ZIRP,ZIRP,loro,vol_regime,gain,0.0,vol
NOR_30Y,5,LORO_ZIRP,ZIRP,loro,vol_zscore,gain,0.08573633432388306,vol
NOR_30Y,5,LORO_ZIRP,ZIRP,loro,level_zscore,gain,0.00859019160270691,curve
NOR_30Y,5,LORO_ZIRP,ZIRP,loro,slope_10_1,gain,0.06727463006973267,curve
NOR_30Y,5,LORO_ZIRP,ZIRP,loro,slope_10_5,gain,0.0,curve
NOR_30Y,5,LORO_ZIRP,ZIRP,loro,slope_5_1,gain,0.017820237204432487,curve
NOR_30Y,5,LORO_ZIRP,ZIRP,loro,sofr_mom_1m,gain,0.08681797236204147,macro
NOR_30Y,5,LORO_ZIRP,ZIRP,loro,ibor_level,gain,0.0,macro
NOR_30Y,5,LORO_ZIRP,ZIRP,loro,ibor_chg_1d,gain,0.11467690020799637,macro
NOR_30Y,5,LORO_ZIRP,ZIRP,loro,ibor_mom_1m,gain,0.12095651030540466,macro
NOR_30Y,5,LORO_ZIRP,ZIRP,loro,ibor_term_slope,gain,0.08752816170454025,macro
NOR_30Y,5,LORO_ZIRP,ZIRP,loro,swap_ibor_basis,gain,0.03495218604803085,curve
NOR_30Y,5,LORO_ZIRP,ZIRP,loro,move_level,gain,0.0,vol
NOR_30Y,5,LORO_ZIRP,ZIRP,loro,move_zscore,gain,0.1324055790901184,vol
NOR_30Y,5,LORO_ZIRP,ZIRP,loro,vix_level,gain,0.0,vol
NOR_30Y,5,LORO_ZIRP,ZIRP,loro,vix_zscore,gain,0.0,vol
NOR_30Y,5,LORO_ZIRP,ZIRP,loro,v2x_level,gain,0.08137521147727966,vol
NOR_30Y,5,LORO_ZIRP,ZIRP,loro,vxn_level,gain,0.03005095012485981,vol
NOR_30Y,5,LORO_ZIRP,ZIRP,loro,ovx_level,gain,0.11583453416824341,vol
NOR_30Y,5,LORO_ZIRP,ZIRP,loro,gvz_level,gain,0.0555921234190464,vol
NOR_30Y,5,LORO_ZIRP,ZIRP,loro,spx_mom_1m,gain,0.05571160465478897,macro
NOR_30Y,5,LORO_ZIRP,ZIRP,loro,spx_mom_3m,gain,0.0881986916065216,macro
NOR_30Y,5,LORO_ZIRP,ZIRP,loro,sx5e_mom_1m,gain,0.03800928220152855,macro
NOR_30Y,5,LORO_ZIRP,ZIRP,loro,sx5e_mom_3m,gain,0.013410324230790138,macro
NOR_30Y,5,LORO_ZIRP,ZIRP,loro,mxwo_mom_1m,gain,0.019218474626541138,macro
NOR_30Y,5,LORO_ZIRP,ZIRP,loro,ndx_mom_1m,gain,0.07414553314447403,macro
NOR_30Y,5,LORO_ZIRP,ZIRP,loro,oil_mom_1m,gain,0.08628378063440323,macro
NOR_30Y,5,LORO_ZIRP,ZIRP,loro,oil_mom_3m,gain,0.053645409643650055,macro
NOR_30Y,5,LORO_ZIRP,ZIRP,loro,copper_mom_1m,gain,0.06968467682600021,macro
NOR_30Y,5,LORO_ZIRP,ZIRP,loro,opec_prod,gain,0.06713805347681046,macro
NOR_30Y,5,LORO_ZIRP,ZIRP,loro,natgas_mom_1m,gain,0.0,macro
NOR_30Y,5,LORO_ZIRP,ZIRP,loro,be5y_level,gain,0.06727053225040436,macro
NOR_30Y,5,LORO_ZIRP,ZIRP,loro,be10y_level,gain,0.0,macro
NOR_30Y,5,LORO_ZIRP,ZIRP,loro,be_slope,gain,0.0,macro
NOR_30Y,5,LORO_ZIRP,ZIRP,loro,be5y_chg_1m,gain,0.0,macro
NOR_30Y,5,LORO_ZIRP,ZIRP,loro,ig_spread,gain,0.0,credit
NOR_30Y,5,LORO_ZIRP,ZIRP,loro,hy_spread,gain,0.0,credit
NOR_30Y,5,LORO_ZIRP,ZIRP,loro,ig_chg_1m,gain,0.0,credit
NOR_30Y,5,LORO_ZIRP,ZIRP,loro,hy_chg_1m,gain,0.0,credit
NOR_30Y,5,LORO_ZIRP,ZIRP,loro,cpi_yoy,gain,0.0,macro
NOR_30Y,5,LORO_ZIRP,ZIRP,loro,pce_core_chg,gain,0.0708719938993454,macro
NOR_30Y,5,LORO_ZIRP,ZIRP,loro,nfp_change,gain,0.0,macro
NOR_30Y,5,LORO_ZIRP,ZIRP,loro,pmi_us,gain,0.0,macro
NOR_30Y,5,LORO_ZIRP,ZIRP,loro,pmi_eur,gain,0.05404999479651451,macro
NOR_30Y,5,LORO_ZIRP,ZIRP,loro,unemp_eur,gain,0.0,macro
NOR_30Y,5,LORO_ZIRP,ZIRP,loro,cpi_nsa_level,gain,0.0,macro
NOR_30Y,5,LORO_ZIRP,ZIRP,loro,pce_core_level,gain,0.0,macro
NOR_30Y,5,LORO_ZIRP,ZIRP,loro,eur_3m,gain,0.0,macro
NOR_30Y,5,LORO_ZIRP,ZIRP,loro,eur_1w,gain,0.0,macro
NOR_30Y,5,LORO_ZIRP,ZIRP,loro,nor_ibor_1m,gain,0.13205532729625702,norway
NOR_30Y,5,LORO_ZIRP,ZIRP,loro,nor_ibor_6m,gain,0.09272181987762451,norway
NOR_30Y,5,LORO_ZIRP,ZIRP,loro,nor_ecb_dfr_chg,gain,0.0,norway
NOR_30Y,5,LORO_ZIRP,ZIRP,loro,nor_ecb_dfr_level,gain,0.0,norway
NOR_30Y,5,LORO_ZIRP,ZIRP,loro,nor_eurnok_chg_1d,gain,0.05137445032596588,norway
NOR_30Y,5,LORO_ZIRP,ZIRP,loro,nor_eurnok_level,gain,0.10241571068763733,norway
NOR_30Y,5,LORO_ZIRP,ZIRP,loro,nor_eurnok_mom_1m,gain,0.08404891192913055,norway
NOR_30Y,5,LORO_ZIRP,ZIRP,loro,nor_eurnok_mom_3m,gain,0.06816846132278442,norway
NOR_30Y,5,LORO_ZIRP,ZIRP,loro,nor_eurnok_rvol_20d,gain,0.07116413861513138,norway
NOR_30Y,5,LORO_ZIRP,ZIRP,loro,nor_govt_10y,gain,0.043788667768239975,norway
NOR_30Y,5,LORO_ZIRP,ZIRP,loro,nor_govt_3y,gain,0.0,norway
NOR_30Y,5,LORO_ZIRP,ZIRP,loro,nor_govt_5y,gain,0.0,norway
NOR_30Y,5,LORO_ZIRP,ZIRP,loro,nor_i44_chg_1d,gain,0.0,norway
NOR_30Y,5,LORO_ZIRP,ZIRP,loro,nor_i44_level,gain,0.09150896966457367,norway
NOR_30Y,5,LORO_ZIRP,ZIRP,loro,nor_i44_mom_1m,gain,0.12995554506778717,norway
NOR_30Y,5,LORO_ZIRP,ZIRP,loro,nor_i44_mom_3m,gain,0.0,norway
NOR_30Y,5,LORO_ZIRP,ZIRP,loro,nor_i44_rvol_20d,gain,0.06856701523065567,norway
NOR_30Y,5,LORO_ZIRP,ZIRP,loro,nor_kpi_yoy,gain,0.10812671482563019,norway
NOR_30Y,5,LORO_ZIRP,ZIRP,loro,nor_kpijae_yoy,gain,0.0,norway
NOR_30Y,5,LORO_ZIRP,ZIRP,loro,nor_nibor_nowa_spread,gain,0.0,norway
NOR_30Y,5,LORO_ZIRP,ZIRP,loro,nor_nowa_level,gain,0.09837910532951355,norway
NOR_30Y,5,LORO_ZIRP,ZIRP,loro,nor_polrate_chg_1d,gain,0.0,norway
NOR_30Y,5,LORO_ZIRP,ZIRP,loro,nor_polrate_days_since_chg,gain,0.03944012522697449,norway
NOR_30Y,5,LORO_ZIRP,ZIRP,loro,nor_polrate_level,gain,0.0,norway
NOR_30Y,5,LORO_ZIRP,ZIRP,loro,nor_rb_rate_chg,gain,0.0,norway
NOR_30Y,5,LORO_ZIRP,ZIRP,loro,nor_rb_rate_level,gain,0.0,norway
NOR_30Y,5,LORO_ZIRP,ZIRP,loro,nor_unemp,gain,0.0,norway
NOR_30Y,5,LORO_ZIRP,ZIRP,loro,nor_usdnok_chg_1d,gain,0.009703557938337326,norway
NOR_30Y,5,LORO_ZIRP,ZIRP,loro,nor_usdnok_level,gain,0.10190390050411224,norway
NOR_30Y,5,LORO_ZIRP,ZIRP,loro,nor_usdnok_mom_1m,gain,0.10232394188642502,norway
NOR_30Y,5,LORO_ZIRP,ZIRP,loro,nor_usdnok_mom_3m,gain,0.07444508373737335,norway
NOR_30Y,5,LORO_ZIRP,ZIRP,loro,nor_usdnok_rvol_20d,gain,0.031169405207037926,norway
NOR_30Y,5,LORO_ZIRP,ZIRP,loro,swap_govt_spread,gain,0.0,norway
NOR_30Y,5,LORO_ZIRP,ZIRP,loro,xmpca_01,gain,0.0,cross_market
NOR_30Y,5,LORO_ZIRP,ZIRP,loro,xmpca_02,gain,0.02977001667022705,cross_market
NOR_30Y,5,LORO_ZIRP,ZIRP,loro,xmpca_03,gain,0.0947699099779129,cross_market
NOR_30Y,5,LORO_ZIRP,ZIRP,loro,xmpca_04,gain,0.030173860490322113,cross_market
NOR_30Y,5,LORO_ZIRP,ZIRP,loro,xmpca_05,gain,0.0,cross_market
NOR_30Y,5,LORO_ZIRP,ZIRP,loro,xmpca_06,gain,0.08435606211423874,cross_market
NOR_30Y,5,LORO_ZIRP,ZIRP,loro,xmpca_07,gain,0.0,cross_market
NOR_30Y,5,LORO_ZIRP,ZIRP,loro,xmpca_08,gain,0.05068961903452873,cross_market
NOR_30Y,5,LORO_ZIRP,ZIRP,loro,xmpca_09,gain,0.05223941057920456,cross_market
NOR_30Y,5,LORO_ZIRP,ZIRP,loro,xmpca_10,gain,0.05740784853696823,cross_market
NOR_30Y,5,LORO_ZIRP,ZIRP,loro,xmpca_11,gain,0.0035509876906871796,cross_market
NOR_30Y,5,LORO_ZIRP,ZIRP,loro,xmpca_12,gain,0.00824398547410965,cross_market
NOR_30Y,5,LORO_ZIRP,ZIRP,loro,chg_lag1,weight,18.0,momentum
NOR_30Y,5,LORO_ZIRP,ZIRP,loro,chg_lag2,weight,8.0,momentum
NOR_30Y,5,LORO_ZIRP,ZIRP,loro,chg_lag3,weight,0.0,momentum
NOR_30Y,5,LORO_ZIRP,ZIRP,loro,chg_lag4,weight,0.0,momentum
NOR_30Y,5,LORO_ZIRP,ZIRP,loro,chg_lag5,weight,1.0,momentum
NOR_30Y,5,LORO_ZIRP,ZIRP,loro,carry_roll,weight,3.0,carry_roll
NOR_30Y,5,LORO_ZIRP,ZIRP,loro,mom_63d,weight,2.0,momentum
NOR_30Y,5,LORO_ZIRP,ZIRP,loro,mom_1m,weight,1.0,momentum
NOR_30Y,5,LORO_ZIRP,ZIRP,loro,mom_3m,weight,2.0,momentum
NOR_30Y,5,LORO_ZIRP,ZIRP,loro,mom_6m,weight,2.0,momentum
NOR_30Y,5,LORO_ZIRP,ZIRP,loro,mom_12m,weight,2.0,momentum
NOR_30Y,5,LORO_ZIRP,ZIRP,loro,dev_ma_3m,weight,5.0,curve
NOR_30Y,5,LORO_ZIRP,ZIRP,loro,dev_ma_12m,weight,2.0,curve
NOR_30Y,5,LORO_ZIRP,ZIRP,loro,vol_20d,weight,6.0,vol
NOR_30Y,5,LORO_ZIRP,ZIRP,loro,vol_regime,weight,0.0,vol
NOR_30Y,5,LORO_ZIRP,ZIRP,loro,vol_zscore,weight,3.0,vol
NOR_30Y,5,LORO_ZIRP,ZIRP,loro,level_zscore,weight,1.0,curve
NOR_30Y,5,LORO_ZIRP,ZIRP,loro,slope_10_1,weight,6.0,curve
NOR_30Y,5,LORO_ZIRP,ZIRP,loro,slope_10_5,weight,0.0,curve
NOR_30Y,5,LORO_ZIRP,ZIRP,loro,slope_5_1,weight,1.0,curve
NOR_30Y,5,LORO_ZIRP,ZIRP,loro,sofr_mom_1m,weight,10.0,macro
NOR_30Y,5,LORO_ZIRP,ZIRP,loro,ibor_level,weight,0.0,macro
NOR_30Y,5,LORO_ZIRP,ZIRP,loro,ibor_chg_1d,weight,3.0,macro
NOR_30Y,5,LORO_ZIRP,ZIRP,loro,ibor_mom_1m,weight,9.0,macro
NOR_30Y,5,LORO_ZIRP,ZIRP,loro,ibor_term_slope,weight,3.0,macro
NOR_30Y,5,LORO_ZIRP,ZIRP,loro,swap_ibor_basis,weight,4.0,curve
NOR_30Y,5,LORO_ZIRP,ZIRP,loro,move_level,weight,0.0,vol
NOR_30Y,5,LORO_ZIRP,ZIRP,loro,move_zscore,weight,1.0,vol
NOR_30Y,5,LORO_ZIRP,ZIRP,loro,vix_level,weight,0.0,vol
NOR_30Y,5,LORO_ZIRP,ZIRP,loro,vix_zscore,weight,0.0,vol
NOR_30Y,5,LORO_ZIRP,ZIRP,loro,v2x_level,weight,1.0,vol
NOR_30Y,5,LORO_ZIRP,ZIRP,loro,vxn_level,weight,1.0,vol
NOR_30Y,5,LORO_ZIRP,ZIRP,loro,ovx_level,weight,1.0,vol
NOR_30Y,5,LORO_ZIRP,ZIRP,loro,gvz_level,weight,3.0,vol
NOR_30Y,5,LORO_ZIRP,ZIRP,loro,spx_mom_1m,weight,1.0,macro
NOR_30Y,5,LORO_ZIRP,ZIRP,loro,spx_mom_3m,weight,1.0,macro
NOR_30Y,5,LORO_ZIRP,ZIRP,loro,sx5e_mom_1m,weight,2.0,macro
NOR_30Y,5,LORO_ZIRP,ZIRP,loro,sx5e_mom_3m,weight,2.0,macro
NOR_30Y,5,LORO_ZIRP,ZIRP,loro,mxwo_mom_1m,weight,1.0,macro
NOR_30Y,5,LORO_ZIRP,ZIRP,loro,ndx_mom_1m,weight,2.0,macro
NOR_30Y,5,LORO_ZIRP,ZIRP,loro,oil_mom_1m,weight,3.0,macro
NOR_30Y,5,LORO_ZIRP,ZIRP,loro,oil_mom_3m,weight,1.0,macro
NOR_30Y,5,LORO_ZIRP,ZIRP,loro,copper_mom_1m,weight,2.0,macro
NOR_30Y,5,LORO_ZIRP,ZIRP,loro,opec_prod,weight,1.0,macro
NOR_30Y,5,LORO_ZIRP,ZIRP,loro,natgas_mom_1m,weight,0.0,macro
NOR_30Y,5,LORO_ZIRP,ZIRP,loro,be5y_level,weight,2.0,macro
NOR_30Y,5,LORO_ZIRP,ZIRP,loro,be10y_level,weight,0.0,macro
NOR_30Y,5,LORO_ZIRP,ZIRP,loro,be_slope,weight,0.0,macro
NOR_30Y,5,LORO_ZIRP,ZIRP,loro,be5y_chg_1m,weight,0.0,macro
NOR_30Y,5,LORO_ZIRP,ZIRP,loro,ig_spread,weight,0.0,credit
NOR_30Y,5,LORO_ZIRP,ZIRP,loro,hy_spread,weight,0.0,credit
NOR_30Y,5,LORO_ZIRP,ZIRP,loro,ig_chg_1m,weight,0.0,credit
NOR_30Y,5,LORO_ZIRP,ZIRP,loro,hy_chg_1m,weight,0.0,credit
NOR_30Y,5,LORO_ZIRP,ZIRP,loro,cpi_yoy,weight,0.0,macro
NOR_30Y,5,LORO_ZIRP,ZIRP,loro,pce_core_chg,weight,2.0,macro
NOR_30Y,5,LORO_ZIRP,ZIRP,loro,nfp_change,weight,0.0,macro
NOR_30Y,5,LORO_ZIRP,ZIRP,loro,pmi_us,weight,0.0,macro
NOR_30Y,5,LORO_ZIRP,ZIRP,loro,pmi_eur,weight,2.0,macro
NOR_30Y,5,LORO_ZIRP,ZIRP,loro,unemp_eur,weight,0.0,macro
NOR_30Y,5,LORO_ZIRP,ZIRP,loro,cpi_nsa_level,weight,0.0,macro
NOR_30Y,5,LORO_ZIRP,ZIRP,loro,pce_core_level,weight,0.0,macro
NOR_30Y,5,LORO_ZIRP,ZIRP,loro,eur_3m,weight,0.0,macro
NOR_30Y,5,LORO_ZIRP,ZIRP,loro,eur_1w,weight,0.0,macro
NOR_30Y,5,LORO_ZIRP,ZIRP,loro,nor_ibor_1m,weight,1.0,norway
NOR_30Y,5,LORO_ZIRP,ZIRP,loro,nor_ibor_6m,weight,2.0,norway
NOR_30Y,5,LORO_ZIRP,ZIRP,loro,nor_ecb_dfr_chg,weight,0.0,norway
NOR_30Y,5,LORO_ZIRP,ZIRP,loro,nor_ecb_dfr_level,weight,0.0,norway
NOR_30Y,5,LORO_ZIRP,ZIRP,loro,nor_eurnok_chg_1d,weight,3.0,norway
NOR_30Y,5,LORO_ZIRP,ZIRP,loro,nor_eurnok_level,weight,1.0,norway
NOR_30Y,5,LORO_ZIRP,ZIRP,loro,nor_eurnok_mom_1m,weight,2.0,norway
NOR_30Y,5,LORO_ZIRP,ZIRP,loro,nor_eurnok_mom_3m,weight,2.0,norway
NOR_30Y,5,LORO_ZIRP,ZIRP,loro,nor_eurnok_rvol_20d,weight,4.0,norway
NOR_30Y,5,LORO_ZIRP,ZIRP,loro,nor_govt_10y,weight,2.0,norway
NOR_30Y,5,LORO_ZIRP,ZIRP,loro,nor_govt_3y,weight,0.0,norway
NOR_30Y,5,LORO_ZIRP,ZIRP,loro,nor_govt_5y,weight,0.0,norway
NOR_30Y,5,LORO_ZIRP,ZIRP,loro,nor_i44_chg_1d,weight,0.0,norway
NOR_30Y,5,LORO_ZIRP,ZIRP,loro,nor_i44_level,weight,1.0,norway
NOR_30Y,5,LORO_ZIRP,ZIRP,loro,nor_i44_mom_1m,weight,1.0,norway
NOR_30Y,5,LORO_ZIRP,ZIRP,loro,nor_i44_mom_3m,weight,0.0,norway
NOR_30Y,5,LORO_ZIRP,ZIRP,loro,nor_i44_rvol_20d,weight,1.0,norway
NOR_30Y,5,LORO_ZIRP,ZIRP,loro,nor_kpi_yoy,weight,4.0,norway
NOR_30Y,5,LORO_ZIRP,ZIRP,loro,nor_kpijae_yoy,weight,0.0,norway
NOR_30Y,5,LORO_ZIRP,ZIRP,loro,nor_nibor_nowa_spread,weight,0.0,norway
NOR_30Y,5,LORO_ZIRP,ZIRP,loro,nor_nowa_level,weight,1.0,norway
NOR_30Y,5,LORO_ZIRP,ZIRP,loro,nor_polrate_chg_1d,weight,0.0,norway
NOR_30Y,5,LORO_ZIRP,ZIRP,loro,nor_polrate_days_since_chg,weight,2.0,norway
NOR_30Y,5,LORO_ZIRP,ZIRP,loro,nor_polrate_level,weight,0.0,norway
NOR_30Y,5,LORO_ZIRP,ZIRP,loro,nor_rb_rate_chg,weight,0.0,norway
NOR_30Y,5,LORO_ZIRP,ZIRP,loro,nor_rb_rate_level,weight,0.0,norway
NOR_30Y,5,LORO_ZIRP,ZIRP,loro,nor_unemp,weight,0.0,norway
NOR_30Y,5,LORO_ZIRP,ZIRP,loro,nor_usdnok_chg_1d,weight,2.0,norway
NOR_30Y,5,LORO_ZIRP,ZIRP,loro,nor_usdnok_level,weight,2.0,norway
NOR_30Y,5,LORO_ZIRP,ZIRP,loro,nor_usdnok_mom_1m,weight,1.0,norway
NOR_30Y,5,LORO_ZIRP,ZIRP,loro,nor_usdnok_mom_3m,weight,1.0,norway
NOR_30Y,5,LORO_ZIRP,ZIRP,loro,nor_usdnok_rvol_20d,weight,1.0,norway
NOR_30Y,5,LORO_ZIRP,ZIRP,loro,swap_govt_spread,weight,0.0,norway
NOR_30Y,5,LORO_ZIRP,ZIRP,loro,xmpca_01,weight,0.0,cross_market
NOR_30Y,5,LORO_ZIRP,ZIRP,loro,xmpca_02,weight,2.0,cross_market
NOR_30Y,5,LORO_ZIRP,ZIRP,loro,xmpca_03,weight,1.0,cross_market
NOR_30Y,5,LORO_ZIRP,ZIRP,loro,xmpca_04,weight,2.0,cross_market
NOR_30Y,5,LORO_ZIRP,ZIRP,loro,xmpca_05,weight,0.0,cross_market
NOR_30Y,5,LORO_ZIRP,ZIRP,loro,xmpca_06,weight,1.0,cross_market
NOR_30Y,5,LORO_ZIRP,ZIRP,loro,xmpca_07,weight,0.0,cross_market
NOR_30Y,5,LORO_ZIRP,ZIRP,loro,xmpca_08,weight,3.0,cross_market
NOR_30Y,5,LORO_ZIRP,ZIRP,loro,xmpca_09,weight,4.0,cross_market
NOR_30Y,5,LORO_ZIRP,ZIRP,loro,xmpca_10,weight,2.0,cross_market
NOR_30Y,5,LORO_ZIRP,ZIRP,loro,xmpca_11,weight,1.0,cross_market
NOR_30Y,5,LORO_ZIRP,ZIRP,loro,xmpca_12,weight,1.0,cross_market
NOR_30Y,5,LORO_ZIRP,ZIRP,loro,chg_lag1,cover,13.11111068725586,momentum
NOR_30Y,5,LORO_ZIRP,ZIRP,loro,chg_lag2,cover,8.125,momentum
NOR_30Y,5,LORO_ZIRP,ZIRP,loro,chg_lag3,cover,0.0,momentum
NOR_30Y,5,LORO_ZIRP,ZIRP,loro,chg_lag4,cover,0.0,momentum
NOR_30Y,5,LORO_ZIRP,ZIRP,loro,chg_lag5,cover,4.0,momentum
NOR_30Y,5,LORO_ZIRP,ZIRP,loro,carry_roll,cover,77.0,carry_roll
NOR_30Y,5,LORO_ZIRP,ZIRP,loro,mom_63d,cover,7.5,momentum
NOR_30Y,5,LORO_ZIRP,ZIRP,loro,mom_1m,cover,38.0,momentum
NOR_30Y,5,LORO_ZIRP,ZIRP,loro,mom_3m,cover,37.5,momentum
NOR_30Y,5,LORO_ZIRP,ZIRP,loro,mom_6m,cover,53.5,momentum
NOR_30Y,5,LORO_ZIRP,ZIRP,loro,mom_12m,cover,100.5,momentum
NOR_30Y,5,LORO_ZIRP,ZIRP,loro,dev_ma_3m,cover,689.0,curve
NOR_30Y,5,LORO_ZIRP,ZIRP,loro,dev_ma_12m,cover,1562.5,curve
NOR_30Y,5,LORO_ZIRP,ZIRP,loro,vol_20d,cover,585.6666870117188,vol
NOR_30Y,5,LORO_ZIRP,ZIRP,loro,vol_regime,cover,0.0,vol
NOR_30Y,5,LORO_ZIRP,ZIRP,loro,vol_zscore,cover,20.33333396911621,vol
NOR_30Y,5,LORO_ZIRP,ZIRP,loro,level_zscore,cover,7.0,curve
NOR_30Y,5,LORO_ZIRP,ZIRP,loro,slope_10_1,cover,357.0,curve
NOR_30Y,5,LORO_ZIRP,ZIRP,loro,slope_10_5,cover,0.0,curve
NOR_30Y,5,LORO_ZIRP,ZIRP,loro,slope_5_1,cover,14.0,curve
NOR_30Y,5,LORO_ZIRP,ZIRP,loro,sofr_mom_1m,cover,1068.5,macro
NOR_30Y,5,LORO_ZIRP,ZIRP,loro,ibor_level,cover,0.0,macro
NOR_30Y,5,LORO_ZIRP,ZIRP,loro,ibor_chg_1d,cover,1041.0,macro
NOR_30Y,5,LORO_ZIRP,ZIRP,loro,ibor_mom_1m,cover,1145.5555419921875,macro
NOR_30Y,5,LORO_ZIRP,ZIRP,loro,ibor_term_slope,cover,889.6666870117188,macro
NOR_30Y,5,LORO_ZIRP,ZIRP,loro,swap_ibor_basis,cover,43.75,curve
NOR_30Y,5,LORO_ZIRP,ZIRP,loro,move_level,cover,0.0,vol
NOR_30Y,5,LORO_ZIRP,ZIRP,loro,move_zscore,cover,230.0,vol
NOR_30Y,5,LORO_ZIRP,ZIRP,loro,vix_level,cover,0.0,vol
NOR_30Y,5,LORO_ZIRP,ZIRP,loro,vix_zscore,cover,0.0,vol
NOR_30Y,5,LORO_ZIRP,ZIRP,loro,v2x_level,cover,100.0,vol
NOR_30Y,5,LORO_ZIRP,ZIRP,loro,vxn_level,cover,27.0,vol
NOR_30Y,5,LORO_ZIRP,ZIRP,loro,ovx_level,cover,10.0,vol
NOR_30Y,5,LORO_ZIRP,ZIRP,loro,gvz_level,cover,527.3333129882812,vol
NOR_30Y,5,LORO_ZIRP,ZIRP,loro,spx_mom_1m,cover,154.0,macro
NOR_30Y,5,LORO_ZIRP,ZIRP,loro,spx_mom_3m,cover,167.0,macro
NOR_30Y,5,LORO_ZIRP,ZIRP,loro,sx5e_mom_1m,cover,85.0,macro
NOR_30Y,5,LORO_ZIRP,ZIRP,loro,sx5e_mom_3m,cover,9.0,macro
NOR_30Y,5,LORO_ZIRP,ZIRP,loro,mxwo_mom_1m,cover,10.0,macro
NOR_30Y,5,LORO_ZIRP,ZIRP,loro,ndx_mom_1m,cover,808.0,macro
NOR_30Y,5,LORO_ZIRP,ZIRP,loro,oil_mom_1m,cover,582.0,macro
NOR_30Y,5,LORO_ZIRP,ZIRP,loro,oil_mom_3m,cover,21.0,macro
NOR_30Y,5,LORO_ZIRP,ZIRP,loro,copper_mom_1m,cover,51.5,macro
NOR_30Y,5,LORO_ZIRP,ZIRP,loro,opec_prod,cover,1182.0,macro
NOR_30Y,5,LORO_ZIRP,ZIRP,loro,natgas_mom_1m,cover,0.0,macro
NOR_30Y,5,LORO_ZIRP,ZIRP,loro,be5y_level,cover,669.0,macro
NOR_30Y,5,LORO_ZIRP,ZIRP,loro,be10y_level,cover,0.0,macro
NOR_30Y,5,LORO_ZIRP,ZIRP,loro,be_slope,cover,0.0,macro
NOR_30Y,5,LORO_ZIRP,ZIRP,loro,be5y_chg_1m,cover,0.0,macro
NOR_30Y,5,LORO_ZIRP,ZIRP,loro,ig_spread,cover,0.0,credit
NOR_30Y,5,LORO_ZIRP,ZIRP,loro,hy_spread,cover,0.0,credit
NOR_30Y,5,LORO_ZIRP,ZIRP,loro,ig_chg_1m,cover,0.0,credit
NOR_30Y,5,LORO_ZIRP,ZIRP,loro,hy_chg_1m,cover,0.0,credit
NOR_30Y,5,LORO_ZIRP,ZIRP,loro,cpi_yoy,cover,0.0,macro
NOR_30Y,5,LORO_ZIRP,ZIRP,loro,pce_core_chg,cover,885.5,macro
NOR_30Y,5,LORO_ZIRP,ZIRP,loro,nfp_change,cover,0.0,macro
NOR_30Y,5,LORO_ZIRP,ZIRP,loro,pmi_us,cover,0.0,macro
NOR_30Y,5,LORO_ZIRP,ZIRP,loro,pmi_eur,cover,651.5,macro
NOR_30Y,5,LORO_ZIRP,ZIRP,loro,unemp_eur,cover,0.0,macro
NOR_30Y,5,LORO_ZIRP,ZIRP,loro,cpi_nsa_level,cover,0.0,macro
NOR_30Y,5,LORO_ZIRP,ZIRP,loro,pce_core_level,cover,0.0,macro
NOR_30Y,5,LORO_ZIRP,ZIRP,loro,eur_3m,cover,0.0,macro
NOR_30Y,5,LORO_ZIRP,ZIRP,loro,eur_1w,cover,0.0,macro
NOR_30Y,5,LORO_ZIRP,ZIRP,loro,nor_ibor_1m,cover,1535.0,norway
NOR_30Y,5,LORO_ZIRP,ZIRP,loro,nor_ibor_6m,cover,462.0,norway
NOR_30Y,5,LORO_ZIRP,ZIRP,loro,nor_ecb_dfr_chg,cover,0.0,norway
NOR_30Y,5,LORO_ZIRP,ZIRP,loro,nor_ecb_dfr_level,cover,0.0,norway
NOR_30Y,5,LORO_ZIRP,ZIRP,loro,nor_eurnok_chg_1d,cover,77.0,norway
NOR_30Y,5,LORO_ZIRP,ZIRP,loro,nor_eurnok_level,cover,201.0,norway
NOR_30Y,5,LORO_ZIRP,ZIRP,loro,nor_eurnok_mom_1m,cover,207.5,norway
NOR_30Y,5,LORO_ZIRP,ZIRP,loro,nor_eurnok_mom_3m,cover,776.0,norway
NOR_30Y,5,LORO_ZIRP,ZIRP,loro,nor_eurnok_rvol_20d,cover,724.75,norway
NOR_30Y,5,LORO_ZIRP,ZIRP,loro,nor_govt_10y,cover,35.5,norway
NOR_30Y,5,LORO_ZIRP,ZIRP,loro,nor_govt_3y,cover,0.0,norway
NOR_30Y,5,LORO_ZIRP,ZIRP,loro,nor_govt_5y,cover,0.0,norway
NOR_30Y,5,LORO_ZIRP,ZIRP,loro,nor_i44_chg_1d,cover,0.0,norway
NOR_30Y,5,LORO_ZIRP,ZIRP,loro,nor_i44_level,cover,1499.0,norway
NOR_30Y,5,LORO_ZIRP,ZIRP,loro,nor_i44_mom_1m,cover,1258.0,norway
NOR_30Y,5,LORO_ZIRP,ZIRP,loro,nor_i44_mom_3m,cover,0.0,norway
NOR_30Y,5,LORO_ZIRP,ZIRP,loro,nor_i44_rvol_20d,cover,1534.0,norway
NOR_30Y,5,LORO_ZIRP,ZIRP,loro,nor_kpi_yoy,cover,1237.0,norway
NOR_30Y,5,LORO_ZIRP,ZIRP,loro,nor_kpijae_yoy,cover,0.0,norway
NOR_30Y,5,LORO_ZIRP,ZIRP,loro,nor_nibor_nowa_spread,cover,0.0,norway
NOR_30Y,5,LORO_ZIRP,ZIRP,loro,nor_nowa_level,cover,296.0,norway
NOR_30Y,5,LORO_ZIRP,ZIRP,loro,nor_polrate_chg_1d,cover,0.0,norway
NOR_30Y,5,LORO_ZIRP,ZIRP,loro,nor_polrate_days_since_chg,cover,80.0,norway
NOR_30Y,5,LORO_ZIRP,ZIRP,loro,nor_polrate_level,cover,0.0,norway
NOR_30Y,5,LORO_ZIRP,ZIRP,loro,nor_rb_rate_chg,cover,0.0,norway
NOR_30Y,5,LORO_ZIRP,ZIRP,loro,nor_rb_rate_level,cover,0.0,norway
NOR_30Y,5,LORO_ZIRP,ZIRP,loro,nor_unemp,cover,0.0,norway
NOR_30Y,5,LORO_ZIRP,ZIRP,loro,nor_usdnok_chg_1d,cover,8.0,norway
NOR_30Y,5,LORO_ZIRP,ZIRP,loro,nor_usdnok_level,cover,1474.0,norway
NOR_30Y,5,LORO_ZIRP,ZIRP,loro,nor_usdnok_mom_1m,cover,1577.0,norway
NOR_30Y,5,LORO_ZIRP,ZIRP,loro,nor_usdnok_mom_3m,cover,25.0,norway
NOR_30Y,5,LORO_ZIRP,ZIRP,loro,nor_usdnok_rvol_20d,cover,39.0,norway
NOR_30Y,5,LORO_ZIRP,ZIRP,loro,swap_govt_spread,cover,0.0,norway
NOR_30Y,5,LORO_ZIRP,ZIRP,loro,xmpca_01,cover,0.0,cross_market
NOR_30Y,5,LORO_ZIRP,ZIRP,loro,xmpca_02,cover,17.5,cross_market
NOR_30Y,5,LORO_ZIRP,ZIRP,loro,xmpca_03,cover,1503.0,cross_market
NOR_30Y,5,LORO_ZIRP,ZIRP,loro,xmpca_04,cover,19.0,cross_market
NOR_30Y,5,LORO_ZIRP,ZIRP,loro,xmpca_05,cover,0.0,cross_market
NOR_30Y,5,LORO_ZIRP,ZIRP,loro,xmpca_06,cover,544.0,cross_market
NOR_30Y,5,LORO_ZIRP,ZIRP,loro,xmpca_07,cover,0.0,cross_market
NOR_30Y,5,LORO_ZIRP,ZIRP,loro,xmpca_08,cover,44.33333206176758,cross_market
NOR_30Y,5,LORO_ZIRP,ZIRP,loro,xmpca_09,cover,40.5,cross_market
NOR_30Y,5,LORO_ZIRP,ZIRP,loro,xmpca_10,cover,661.0,cross_market
NOR_30Y,5,LORO_ZIRP,ZIRP,loro,xmpca_11,cover,7.0,cross_market
NOR_30Y,5,LORO_ZIRP,ZIRP,loro,xmpca_12,cover,11.0,cross_market
NOR_30Y,5,LORO_ZIRP,ZIRP,loro,chg_lag1,total_gain,0.42343670129776,momentum
NOR_30Y,5,LORO_ZIRP,ZIRP,loro,chg_lag2,total_gain,0.21114104986190796,momentum
NOR_30Y,5,LORO_ZIRP,ZIRP,loro,chg_lag3,total_gain,0.0,momentum
NOR_30Y,5,LORO_ZIRP,ZIRP,loro,chg_lag4,total_gain,0.0,momentum
NOR_30Y,5,LORO_ZIRP,ZIRP,loro,chg_lag5,total_gain,0.005526319146156311,momentum
NOR_30Y,5,LORO_ZIRP,ZIRP,loro,carry_roll,total_gain,0.1321653127670288,carry_roll
NOR_30Y,5,LORO_ZIRP,ZIRP,loro,mom_63d,total_gain,0.019215207546949387,momentum
NOR_30Y,5,LORO_ZIRP,ZIRP,loro,mom_1m,total_gain,0.10711447894573212,momentum
NOR_30Y,5,LORO_ZIRP,ZIRP,loro,mom_3m,total_gain,0.07912170886993408,momentum
NOR_30Y,5,LORO_ZIRP,ZIRP,loro,mom_6m,total_gain,0.1447807103395462,momentum
NOR_30Y,5,LORO_ZIRP,ZIRP,loro,mom_12m,total_gain,0.07041334360837936,momentum
NOR_30Y,5,LORO_ZIRP,ZIRP,loro,dev_ma_3m,total_gain,0.3387864828109741,curve
NOR_30Y,5,LORO_ZIRP,ZIRP,loro,dev_ma_12m,total_gain,0.530363142490387,curve
NOR_30Y,5,LORO_ZIRP,ZIRP,loro,vol_20d,total_gain,0.39338070154190063,vol
NOR_30Y,5,LORO_ZIRP,ZIRP,loro,vol_regime,total_gain,0.0,vol
NOR_30Y,5,LORO_ZIRP,ZIRP,loro,vol_zscore,total_gain,0.25720900297164917,vol
NOR_30Y,5,LORO_ZIRP,ZIRP,loro,level_zscore,total_gain,0.00859019160270691,curve
NOR_30Y,5,LORO_ZIRP,ZIRP,loro,slope_10_1,total_gain,0.403647780418396,curve
NOR_30Y,5,LORO_ZIRP,ZIRP,loro,slope_10_5,total_gain,0.0,curve
NOR_30Y,5,LORO_ZIRP,ZIRP,loro,slope_5_1,total_gain,0.017820237204432487,curve
NOR_30Y,5,LORO_ZIRP,ZIRP,loro,sofr_mom_1m,total_gain,0.8681797385215759,macro
NOR_30Y,5,LORO_ZIRP,ZIRP,loro,ibor_level,total_gain,0.0,macro
NOR_30Y,5,LORO_ZIRP,ZIRP,loro,ibor_chg_1d,total_gain,0.3440307080745697,macro
NOR_30Y,5,LORO_ZIRP,ZIRP,loro,ibor_mom_1m,total_gain,1.0886086225509644,macro
NOR_30Y,5,LORO_ZIRP,ZIRP,loro,ibor_term_slope,total_gain,0.26258447766304016,macro
NOR_30Y,5,LORO_ZIRP,ZIRP,loro,swap_ibor_basis,total_gain,0.1398087441921234,curve
NOR_30Y,5,LORO_ZIRP,ZIRP,loro,move_level,total_gain,0.0,vol
NOR_30Y,5,LORO_ZIRP,ZIRP,loro,move_zscore,total_gain,0.1324055790901184,vol
NOR_30Y,5,LORO_ZIRP,ZIRP,loro,vix_level,total_gain,0.0,vol
NOR_30Y,5,LORO_ZIRP,ZIRP,loro,vix_zscore,total_gain,0.0,vol
NOR_30Y,5,LORO_ZIRP,ZIRP,loro,v2x_level,total_gain,0.08137521147727966,vol
NOR_30Y,5,LORO_ZIRP,ZIRP,loro,vxn_level,total_gain,0.03005095012485981,vol
NOR_30Y,5,LORO_ZIRP,ZIRP,loro,ovx_level,total_gain,0.11583453416824341,vol
NOR_30Y,5,LORO_ZIRP,ZIRP,loro,gvz_level,total_gain,0.1667763739824295,vol
NOR_30Y,5,LORO_ZIRP,ZIRP,loro,spx_mom_1m,total_gain,0.05571160465478897,macro
NOR_30Y,5,LORO_ZIRP,ZIRP,loro,spx_mom_3m,total_gain,0.0881986916065216,macro
NOR_30Y,5,LORO_ZIRP,ZIRP,loro,sx5e_mom_1m,total_gain,0.0760185644030571,macro
NOR_30Y,5,LORO_ZIRP,ZIRP,loro,sx5e_mom_3m,total_gain,0.026820648461580276,macro
NOR_30Y,5,LORO_ZIRP,ZIRP,loro,mxwo_mom_1m,total_gain,0.019218474626541138,macro
NOR_30Y,5,LORO_ZIRP,ZIRP,loro,ndx_mom_1m,total_gain,0.14829106628894806,macro
NOR_30Y,5,LORO_ZIRP,ZIRP,loro,oil_mom_1m,total_gain,0.2588513493537903,macro
NOR_30Y,5,LORO_ZIRP,ZIRP,loro,oil_mom_3m,total_gain,0.053645409643650055,macro
NOR_30Y,5,LORO_ZIRP,ZIRP,loro,copper_mom_1m,total_gain,0.13936935365200043,macro
NOR_30Y,5,LORO_ZIRP,ZIRP,loro,opec_prod,total_gain,0.06713805347681046,macro
NOR_30Y,5,LORO_ZIRP,ZIRP,loro,natgas_mom_1m,total_gain,0.0,macro
NOR_30Y,5,LORO_ZIRP,ZIRP,loro,be5y_level,total_gain,0.13454106450080872,macro
NOR_30Y,5,LORO_ZIRP,ZIRP,loro,be10y_level,total_gain,0.0,macro
NOR_30Y,5,LORO_ZIRP,ZIRP,loro,be_slope,total_gain,0.0,macro
NOR_30Y,5,LORO_ZIRP,ZIRP,loro,be5y_chg_1m,total_gain,0.0,macro
NOR_30Y,5,LORO_ZIRP,ZIRP,loro,ig_spread,total_gain,0.0,credit
NOR_30Y,5,LORO_ZIRP,ZIRP,loro,hy_spread,total_gain,0.0,credit
NOR_30Y,5,LORO_ZIRP,ZIRP,loro,ig_chg_1m,total_gain,0.0,credit
NOR_30Y,5,LORO_ZIRP,ZIRP,loro,hy_chg_1m,total_gain,0.0,credit
NOR_30Y,5,LORO_ZIRP,ZIRP,loro,cpi_yoy,total_gain,0.0,macro
NOR_30Y,5,LORO_ZIRP,ZIRP,loro,pce_core_chg,total_gain,0.1417439877986908,macro
NOR_30Y,5,LORO_ZIRP,ZIRP,loro,nfp_change,total_gain,0.0,macro
NOR_30Y,5,LORO_ZIRP,ZIRP,loro,pmi_us,total_gain,0.0,macro
NOR_30Y,5,LORO_ZIRP,ZIRP,loro,pmi_eur,total_gain,0.10809998959302902,macro
NOR_30Y,5,LORO_ZIRP,ZIRP,loro,unemp_eur,total_gain,0.0,macro
NOR_30Y,5,LORO_ZIRP,ZIRP,loro,cpi_nsa_level,total_gain,0.0,macro
NOR_30Y,5,LORO_ZIRP,ZIRP,loro,pce_core_level,total_gain,0.0,macro
NOR_30Y,5,LORO_ZIRP,ZIRP,loro,eur_3m,total_gain,0.0,macro
NOR_30Y,5,LORO_ZIRP,ZIRP,loro,eur_1w,total_gain,0.0,macro
NOR_30Y,5,LORO_ZIRP,ZIRP,loro,nor_ibor_1m,total_gain,0.13205532729625702,norway
NOR_30Y,5,LORO_ZIRP,ZIRP,loro,nor_ibor_6m,total_gain,0.18544363975524902,norway
NOR_30Y,5,LORO_ZIRP,ZIRP,loro,nor_ecb_dfr_chg,total_gain,0.0,norway
NOR_30Y,5,LORO_ZIRP,ZIRP,loro,nor_ecb_dfr_level,total_gain,0.0,norway
NOR_30Y,5,LORO_ZIRP,ZIRP,loro,nor_eurnok_chg_1d,total_gain,0.15412335097789764,norway
NOR_30Y,5,LORO_ZIRP,ZIRP,loro,nor_eurnok_level,total_gain,0.10241571068763733,norway
NOR_30Y,5,LORO_ZIRP,ZIRP,loro,nor_eurnok_mom_1m,total_gain,0.1680978238582611,norway
NOR_30Y,5,LORO_ZIRP,ZIRP,loro,nor_eurnok_mom_3m,total_gain,0.13633692264556885,norway
NOR_30Y,5,LORO_ZIRP,ZIRP,loro,nor_eurnok_rvol_20d,total_gain,0.2846565544605255,norway
NOR_30Y,5,LORO_ZIRP,ZIRP,loro,nor_govt_10y,total_gain,0.08757733553647995,norway
NOR_30Y,5,LORO_ZIRP,ZIRP,loro,nor_govt_3y,total_gain,0.0,norway
NOR_30Y,5,LORO_ZIRP,ZIRP,loro,nor_govt_5y,total_gain,0.0,norway
NOR_30Y,5,LORO_ZIRP,ZIRP,loro,nor_i44_chg_1d,total_gain,0.0,norway
NOR_30Y,5,LORO_ZIRP,ZIRP,loro,nor_i44_level,total_gain,0.09150896966457367,norway
NOR_30Y,5,LORO_ZIRP,ZIRP,loro,nor_i44_mom_1m,total_gain,0.12995554506778717,norway
NOR_30Y,5,LORO_ZIRP,ZIRP,loro,nor_i44_mom_3m,total_gain,0.0,norway
NOR_30Y,5,LORO_ZIRP,ZIRP,loro,nor_i44_rvol_20d,total_gain,0.06856701523065567,norway
NOR_30Y,5,LORO_ZIRP,ZIRP,loro,nor_kpi_yoy,total_gain,0.43250685930252075,norway
NOR_30Y,5,LORO_ZIRP,ZIRP,loro,nor_kpijae_yoy,total_gain,0.0,norway
NOR_30Y,5,LORO_ZIRP,ZIRP,loro,nor_nibor_nowa_spread,total_gain,0.0,norway
NOR_30Y,5,LORO_ZIRP,ZIRP,loro,nor_nowa_level,total_gain,0.09837910532951355,norway
NOR_30Y,5,LORO_ZIRP,ZIRP,loro,nor_polrate_chg_1d,total_gain,0.0,norway
NOR_30Y,5,LORO_ZIRP,ZIRP,loro,nor_polrate_days_since_chg,total_gain,0.07888025045394897,norway
NOR_30Y,5,LORO_ZIRP,ZIRP,loro,nor_polrate_level,total_gain,0.0,norway
NOR_30Y,5,LORO_ZIRP,ZIRP,loro,nor_rb_rate_chg,total_gain,0.0,norway
NOR_30Y,5,LORO_ZIRP,ZIRP,loro,nor_rb_rate_level,total_gain,0.0,norway
NOR_30Y,5,LORO_ZIRP,ZIRP,loro,nor_unemp,total_gain,0.0,norway
NOR_30Y,5,LORO_ZIRP,ZIRP,loro,nor_usdnok_chg_1d,total_gain,0.019407115876674652,norway
NOR_30Y,5,LORO_ZIRP,ZIRP,loro,nor_usdnok_level,total_gain,0.2038078010082245,norway
NOR_30Y,5,LORO_ZIRP,ZIRP,loro,nor_usdnok_mom_1m,total_gain,0.10232394188642502,norway
NOR_30Y,5,LORO_ZIRP,ZIRP,loro,nor_usdnok_mom_3m,total_gain,0.07444508373737335,norway
NOR_30Y,5,LORO_ZIRP,ZIRP,loro,nor_usdnok_rvol_20d,total_gain,0.031169405207037926,norway
NOR_30Y,5,LORO_ZIRP,ZIRP,loro,swap_govt_spread,total_gain,0.0,norway
NOR_30Y,5,LORO_ZIRP,ZIRP,loro,xmpca_01,total_gain,0.0,cross_market
NOR_30Y,5,LORO_ZIRP,ZIRP,loro,xmpca_02,total_gain,0.0595400333404541,cross_market
NOR_30Y,5,LORO_ZIRP,ZIRP,loro,xmpca_03,total_gain,0.0947699099779129,cross_market
NOR_30Y,5,LORO_ZIRP,ZIRP,loro,xmpca_04,total_gain,0.060347720980644226,cross_market
NOR_30Y,5,LORO_ZIRP,ZIRP,loro,xmpca_05,total_gain,0.0,cross_market
NOR_30Y,5,LORO_ZIRP,ZIRP,loro,xmpca_06,total_gain,0.08435606211423874,cross_market
NOR_30Y,5,LORO_ZIRP,ZIRP,loro,xmpca_07,total_gain,0.0,cross_market
NOR_30Y,5,LORO_ZIRP,ZIRP,loro,xmpca_08,total_gain,0.1520688533782959,cross_market
NOR_30Y,5,LORO_ZIRP,ZIRP,loro,xmpca_09,total_gain,0.20895764231681824,cross_market
NOR_30Y,5,LORO_ZIRP,ZIRP,loro,xmpca_10,total_gain,0.11481569707393646,cross_market
NOR_30Y,5,LORO_ZIRP,ZIRP,loro,xmpca_11,total_gain,0.0035509876906871796,cross_market
NOR_30Y,5,LORO_ZIRP,ZIRP,loro,xmpca_12,total_gain,0.00824398547410965,cross_market
NOR_30Y,5,LORO_ZIRP,ZIRP,loro,chg_lag1,total_cover,236.0,momentum
NOR_30Y,5,LORO_ZIRP,ZIRP,loro,chg_lag2,total_cover,65.0,momentum
NOR_30Y,5,LORO_ZIRP,ZIRP,loro,chg_lag3,total_cover,0.0,momentum
NOR_30Y,5,LORO_ZIRP,ZIRP,loro,chg_lag4,total_cover,0.0,momentum
NOR_30Y,5,LORO_ZIRP,ZIRP,loro,chg_lag5,total_cover,4.0,momentum
NOR_30Y,5,LORO_ZIRP,ZIRP,loro,carry_roll,total_cover,231.0,carry_roll
NOR_30Y,5,LORO_ZIRP,ZIRP,loro,mom_63d,total_cover,15.0,momentum
NOR_30Y,5,LORO_ZIRP,ZIRP,loro,mom_1m,total_cover,38.0,momentum
NOR_30Y,5,LORO_ZIRP,ZIRP,loro,mom_3m,total_cover,75.0,momentum
NOR_30Y,5,LORO_ZIRP,ZIRP,loro,mom_6m,total_cover,107.0,momentum
NOR_30Y,5,LORO_ZIRP,ZIRP,loro,mom_12m,total_cover,201.0,momentum
NOR_30Y,5,LORO_ZIRP,ZIRP,loro,dev_ma_3m,total_cover,3445.0,curve
NOR_30Y,5,LORO_ZIRP,ZIRP,loro,dev_ma_12m,total_cover,3125.0,curve
NOR_30Y,5,LORO_ZIRP,ZIRP,loro,vol_20d,total_cover,3514.0,vol
NOR_30Y,5,LORO_ZIRP,ZIRP,loro,vol_regime,total_cover,0.0,vol
NOR_30Y,5,LORO_ZIRP,ZIRP,loro,vol_zscore,total_cover,61.0,vol
NOR_30Y,5,LORO_ZIRP,ZIRP,loro,level_zscore,total_cover,7.0,curve
NOR_30Y,5,LORO_ZIRP,ZIRP,loro,slope_10_1,total_cover,2142.0,curve
NOR_30Y,5,LORO_ZIRP,ZIRP,loro,slope_10_5,total_cover,0.0,curve
NOR_30Y,5,LORO_ZIRP,ZIRP,loro,slope_5_1,total_cover,14.0,curve
NOR_30Y,5,LORO_ZIRP,ZIRP,loro,sofr_mom_1m,total_cover,10685.0,macro
NOR_30Y,5,LORO_ZIRP,ZIRP,loro,ibor_level,total_cover,0.0,macro
NOR_30Y,5,LORO_ZIRP,ZIRP,loro,ibor_chg_1d,total_cover,3123.0,macro
NOR_30Y,5,LORO_ZIRP,ZIRP,loro,ibor_mom_1m,total_cover,10310.0,macro
NOR_30Y,5,LORO_ZIRP,ZIRP,loro,ibor_term_slope,total_cover,2669.0,macro
NOR_30Y,5,LORO_ZIRP,ZIRP,loro,swap_ibor_basis,total_cover,175.0,curve
NOR_30Y,5,LORO_ZIRP,ZIRP,loro,move_level,total_cover,0.0,vol
NOR_30Y,5,LORO_ZIRP,ZIRP,loro,move_zscore,total_cover,230.0,vol
NOR_30Y,5,LORO_ZIRP,ZIRP,loro,vix_level,total_cover,0.0,vol
NOR_30Y,5,LORO_ZIRP,ZIRP,loro,vix_zscore,total_cover,0.0,vol
NOR_30Y,5,LORO_ZIRP,ZIRP,loro,v2x_level,total_cover,100.0,vol
NOR_30Y,5,LORO_ZIRP,ZIRP,loro,vxn_level,total_cover,27.0,vol
NOR_30Y,5,LORO_ZIRP,ZIRP,loro,ovx_level,total_cover,10.0,vol
NOR_30Y,5,LORO_ZIRP,ZIRP,loro,gvz_level,total_cover,1582.0,vol
NOR_30Y,5,LORO_ZIRP,ZIRP,loro,spx_mom_1m,total_cover,154.0,macro
NOR_30Y,5,LORO_ZIRP,ZIRP,loro,spx_mom_3m,total_cover,167.0,macro
NOR_30Y,5,LORO_ZIRP,ZIRP,loro,sx5e_mom_1m,total_cover,170.0,macro
NOR_30Y,5,LORO_ZIRP,ZIRP,loro,sx5e_mom_3m,total_cover,18.0,macro
NOR_30Y,5,LORO_ZIRP,ZIRP,loro,mxwo_mom_1m,total_cover,10.0,macro
NOR_30Y,5,LORO_ZIRP,ZIRP,loro,ndx_mom_1m,total_cover,1616.0,macro
NOR_30Y,5,LORO_ZIRP,ZIRP,loro,oil_mom_1m,total_cover,1746.0,macro
NOR_30Y,5,LORO_ZIRP,ZIRP,loro,oil_mom_3m,total_cover,21.0,macro
NOR_30Y,5,LORO_ZIRP,ZIRP,loro,copper_mom_1m,total_cover,103.0,macro
NOR_30Y,5,LORO_ZIRP,ZIRP,loro,opec_prod,total_cover,1182.0,macro
NOR_30Y,5,LORO_ZIRP,ZIRP,loro,natgas_mom_1m,total_cover,0.0,macro
NOR_30Y,5,LORO_ZIRP,ZIRP,loro,be5y_level,total_cover,1338.0,macro
NOR_30Y,5,LORO_ZIRP,ZIRP,loro,be10y_level,total_cover,0.0,macro
NOR_30Y,5,LORO_ZIRP,ZIRP,loro,be_slope,total_cover,0.0,macro
NOR_30Y,5,LORO_ZIRP,ZIRP,loro,be5y_chg_1m,total_cover,0.0,macro
NOR_30Y,5,LORO_ZIRP,ZIRP,loro,ig_spread,total_cover,0.0,credit
NOR_30Y,5,LORO_ZIRP,ZIRP,loro,hy_spread,total_cover,0.0,credit
NOR_30Y,5,LORO_ZIRP,ZIRP,loro,ig_chg_1m,total_cover,0.0,credit
NOR_30Y,5,LORO_ZIRP,ZIRP,loro,hy_chg_1m,total_cover,0.0,credit
NOR_30Y,5,LORO_ZIRP,ZIRP,loro,cpi_yoy,total_cover,0.0,macro
NOR_30Y,5,LORO_ZIRP,ZIRP,loro,pce_core_chg,total_cover,1771.0,macro
NOR_30Y,5,LORO_ZIRP,ZIRP,loro,nfp_change,total_cover,0.0,macro
NOR_30Y,5,LORO_ZIRP,ZIRP,loro,pmi_us,total_cover,0.0,macro
NOR_30Y,5,LORO_ZIRP,ZIRP,loro,pmi_eur,total_cover,1303.0,macro
NOR_30Y,5,LORO_ZIRP,ZIRP,loro,unemp_eur,total_cover,0.0,macro
NOR_30Y,5,LORO_ZIRP,ZIRP,loro,cpi_nsa_level,total_cover,0.0,macro
NOR_30Y,5,LORO_ZIRP,ZIRP,loro,pce_core_level,total_cover,0.0,macro
NOR_30Y,5,LORO_ZIRP,ZIRP,loro,eur_3m,total_cover,0.0,macro
NOR_30Y,5,LORO_ZIRP,ZIRP,loro,eur_1w,total_cover,0.0,macro
NOR_30Y,5,LORO_ZIRP,ZIRP,loro,nor_ibor_1m,total_cover,1535.0,norway
NOR_30Y,5,LORO_ZIRP,ZIRP,loro,nor_ibor_6m,total_cover,924.0,norway
NOR_30Y,5,LORO_ZIRP,ZIRP,loro,nor_ecb_dfr_chg,total_cover,0.0,norway
NOR_30Y,5,LORO_ZIRP,ZIRP,loro,nor_ecb_dfr_level,total_cover,0.0,norway
NOR_30Y,5,LORO_ZIRP,ZIRP,loro,nor_eurnok_chg_1d,total_cover,231.0,norway
NOR_30Y,5,LORO_ZIRP,ZIRP,loro,nor_eurnok_level,total_cover,201.0,norway
NOR_30Y,5,LORO_ZIRP,ZIRP,loro,nor_eurnok_mom_1m,total_cover,415.0,norway
NOR_30Y,5,LORO_ZIRP,ZIRP,loro,nor_eurnok_mom_3m,total_cover,1552.0,norway
NOR_30Y,5,LORO_ZIRP,ZIRP,loro,nor_eurnok_rvol_20d,total_cover,2899.0,norway
NOR_30Y,5,LORO_ZIRP,ZIRP,loro,nor_govt_10y,total_cover,71.0,norway
NOR_30Y,5,LORO_ZIRP,ZIRP,loro,nor_govt_3y,total_cover,0.0,norway
NOR_30Y,5,LORO_ZIRP,ZIRP,loro,nor_govt_5y,total_cover,0.0,norway
NOR_30Y,5,LORO_ZIRP,ZIRP,loro,nor_i44_chg_1d,total_cover,0.0,norway
NOR_30Y,5,LORO_ZIRP,ZIRP,loro,nor_i44_level,total_cover,1499.0,norway
NOR_30Y,5,LORO_ZIRP,ZIRP,loro,nor_i44_mom_1m,total_cover,1258.0,norway
NOR_30Y,5,LORO_ZIRP,ZIRP,loro,nor_i44_mom_3m,total_cover,0.0,norway
NOR_30Y,5,LORO_ZIRP,ZIRP,loro,nor_i44_rvol_20d,total_cover,1534.0,norway
NOR_30Y,5,LORO_ZIRP,ZIRP,loro,nor_kpi_yoy,total_cover,4948.0,norway
NOR_30Y,5,LORO_ZIRP,ZIRP,loro,nor_kpijae_yoy,total_cover,0.0,norway
NOR_30Y,5,LORO_ZIRP,ZIRP,loro,nor_nibor_nowa_spread,total_cover,0.0,norway
NOR_30Y,5,LORO_ZIRP,ZIRP,loro,nor_nowa_level,total_cover,296.0,norway
NOR_30Y,5,LORO_ZIRP,ZIRP,loro,nor_polrate_chg_1d,total_cover,0.0,norway
NOR_30Y,5,LORO_ZIRP,ZIRP,loro,nor_polrate_days_since_chg,total_cover,160.0,norway
NOR_30Y,5,LORO_ZIRP,ZIRP,loro,nor_polrate_level,total_cover,0.0,norway
NOR_30Y,5,LORO_ZIRP,ZIRP,loro,nor_rb_rate_chg,total_cover,0.0,norway
NOR_30Y,5,LORO_ZIRP,ZIRP,loro,nor_rb_rate_level,total_cover,0.0,norway
NOR_30Y,5,LORO_ZIRP,ZIRP,loro,nor_unemp,total_cover,0.0,norway
NOR_30Y,5,LORO_ZIRP,ZIRP,loro,nor_usdnok_chg_1d,total_cover,16.0,norway
NOR_30Y,5,LORO_ZIRP,ZIRP,loro,nor_usdnok_level,total_cover,2948.0,norway
NOR_30Y,5,LORO_ZIRP,ZIRP,loro,nor_usdnok_mom_1m,total_cover,1577.0,norway
NOR_30Y,5,LORO_ZIRP,ZIRP,loro,nor_usdnok_mom_3m,total_cover,25.0,norway
NOR_30Y,5,LORO_ZIRP,ZIRP,loro,nor_usdnok_rvol_20d,total_cover,39.0,norway
NOR_30Y,5,LORO_ZIRP,ZIRP,loro,swap_govt_spread,total_cover,0.0,norway
NOR_30Y,5,LORO_ZIRP,ZIRP,loro,xmpca_01,total_cover,0.0,cross_market
NOR_30Y,5,LORO_ZIRP,ZIRP,loro,xmpca_02,total_cover,35.0,cross_market
NOR_30Y,5,LORO_ZIRP,ZIRP,loro,xmpca_03,total_cover,1503.0,cross_market
NOR_30Y,5,LORO_ZIRP,ZIRP,loro,xmpca_04,total_cover,38.0,cross_market
NOR_30Y,5,LORO_ZIRP,ZIRP,loro,xmpca_05,total_cover,0.0,cross_market
NOR_30Y,5,LORO_ZIRP,ZIRP,loro,xmpca_06,total_cover,544.0,cross_market
NOR_30Y,5,LORO_ZIRP,ZIRP,loro,xmpca_07,total_cover,0.0,cross_market
NOR_30Y,5,LORO_ZIRP,ZIRP,loro,xmpca_08,total_cover,133.0,cross_market
NOR_30Y,5,LORO_ZIRP,ZIRP,loro,xmpca_09,total_cover,162.0,cross_market
NOR_30Y,5,LORO_ZIRP,ZIRP,loro,xmpca_10,total_cover,1322.0,cross_market
NOR_30Y,5,LORO_ZIRP,ZIRP,loro,xmpca_11,total_cover,7.0,cross_market
NOR_30Y,5,LORO_ZIRP,ZIRP,loro,xmpca_12,total_cover,11.0,cross_market
NOR_30Y,5,LORO_ZIRP,ZIRP,loro,chg_lag1,shap_mean_abs,0.00011582867591641843,momentum
NOR_30Y,5,LORO_ZIRP,ZIRP,loro,chg_lag2,shap_mean_abs,6.54958130326122e-05,momentum
NOR_30Y,5,LORO_ZIRP,ZIRP,loro,chg_lag3,shap_mean_abs,0.0,momentum
NOR_30Y,5,LORO_ZIRP,ZIRP,loro,chg_lag4,shap_mean_abs,0.0,momentum
NOR_30Y,5,LORO_ZIRP,ZIRP,loro,chg_lag5,shap_mean_abs,2.4730873064982006e-06,momentum
NOR_30Y,5,LORO_ZIRP,ZIRP,loro,carry_roll,shap_mean_abs,0.00039471464697271585,carry_roll
NOR_30Y,5,LORO_ZIRP,ZIRP,loro,mom_63d,shap_mean_abs,3.683781324070878e-05,momentum
NOR_30Y,5,LORO_ZIRP,ZIRP,loro,mom_1m,shap_mean_abs,0.00019409663218539208,momentum
NOR_30Y,5,LORO_ZIRP,ZIRP,loro,mom_3m,shap_mean_abs,4.1743682231754065e-05,momentum
NOR_30Y,5,LORO_ZIRP,ZIRP,loro,mom_6m,shap_mean_abs,0.0001293871900998056,momentum
NOR_30Y,5,LORO_ZIRP,ZIRP,loro,mom_12m,shap_mean_abs,2.2249278117669746e-05,momentum
NOR_30Y,5,LORO_ZIRP,ZIRP,loro,dev_ma_3m,shap_mean_abs,0.0006109100067988038,curve
NOR_30Y,5,LORO_ZIRP,ZIRP,loro,dev_ma_12m,shap_mean_abs,0.0002784878306556493,curve
NOR_30Y,5,LORO_ZIRP,ZIRP,loro,vol_20d,shap_mean_abs,0.0006035445840097964,vol
NOR_30Y,5,LORO_ZIRP,ZIRP,loro,vol_regime,shap_mean_abs,0.0,vol
NOR_30Y,5,LORO_ZIRP,ZIRP,loro,vol_zscore,shap_mean_abs,0.00013995989866089076,vol
NOR_30Y,5,LORO_ZIRP,ZIRP,loro,level_zscore,shap_mean_abs,1.0062656656373292e-05,curve
NOR_30Y,5,LORO_ZIRP,ZIRP,loro,slope_10_1,shap_mean_abs,0.00047975993948057294,curve
NOR_30Y,5,LORO_ZIRP,ZIRP,loro,slope_10_5,shap_mean_abs,0.0,curve
NOR_30Y,5,LORO_ZIRP,ZIRP,loro,slope_5_1,shap_mean_abs,2.3875421902630478e-05,curve
NOR_30Y,5,LORO_ZIRP,ZIRP,loro,sofr_mom_1m,shap_mean_abs,0.0018966523930430412,macro
NOR_30Y,5,LORO_ZIRP,ZIRP,loro,ibor_level,shap_mean_abs,0.0,macro
NOR_30Y,5,LORO_ZIRP,ZIRP,loro,ibor_chg_1d,shap_mean_abs,0.00015578503371216357,macro
NOR_30Y,5,LORO_ZIRP,ZIRP,loro,ibor_mom_1m,shap_mean_abs,0.0010193599155172706,macro
NOR_30Y,5,LORO_ZIRP,ZIRP,loro,ibor_term_slope,shap_mean_abs,0.00010049740376416594,macro
NOR_30Y,5,LORO_ZIRP,ZIRP,loro,swap_ibor_basis,shap_mean_abs,0.00017074274364858866,curve
NOR_30Y,5,LORO_ZIRP,ZIRP,loro,move_level,shap_mean_abs,0.0,vol
NOR_30Y,5,LORO_ZIRP,ZIRP,loro,move_zscore,shap_mean_abs,0.00010621382534736767,vol
NOR_30Y,5,LORO_ZIRP,ZIRP,loro,vix_level,shap_mean_abs,0.0,vol
NOR_30Y,5,LORO_ZIRP,ZIRP,loro,vix_zscore,shap_mean_abs,0.0,vol
NOR_30Y,5,LORO_ZIRP,ZIRP,loro,v2x_level,shap_mean_abs,0.00037786501343362033,vol
NOR_30Y,5,LORO_ZIRP,ZIRP,loro,vxn_level,shap_mean_abs,1.8540898963692598e-05,vol
NOR_30Y,5,LORO_ZIRP,ZIRP,loro,ovx_level,shap_mean_abs,1.792271177691873e-05,vol
NOR_30Y,5,LORO_ZIRP,ZIRP,loro,gvz_level,shap_mean_abs,0.00027118370053358376,vol
NOR_30Y,5,LORO_ZIRP,ZIRP,loro,spx_mom_1m,shap_mean_abs,5.1079441618639976e-05,macro
NOR_30Y,5,LORO_ZIRP,ZIRP,loro,spx_mom_3m,shap_mean_abs,4.904783781967126e-05,macro
NOR_30Y,5,LORO_ZIRP,ZIRP,loro,sx5e_mom_1m,shap_mean_abs,0.00016421523469034582,macro
NOR_30Y,5,LORO_ZIRP,ZIRP,loro,sx5e_mom_3m,shap_mean_abs,1.0820032002811786e-05,macro
NOR_30Y,5,LORO_ZIRP,ZIRP,loro,mxwo_mom_1m,shap_mean_abs,1.8528437067288905e-05,macro
NOR_30Y,5,LORO_ZIRP,ZIRP,loro,ndx_mom_1m,shap_mean_abs,0.00018287182319909334,macro
NOR_30Y,5,LORO_ZIRP,ZIRP,loro,oil_mom_1m,shap_mean_abs,0.00019723661534953862,macro
NOR_30Y,5,LORO_ZIRP,ZIRP,loro,oil_mom_3m,shap_mean_abs,6.868745549581945e-05,macro
NOR_30Y,5,LORO_ZIRP,ZIRP,loro,copper_mom_1m,shap_mean_abs,0.00019942325889132917,macro
NOR_30Y,5,LORO_ZIRP,ZIRP,loro,opec_prod,shap_mean_abs,0.0006578926695510745,macro
NOR_30Y,5,LORO_ZIRP,ZIRP,loro,natgas_mom_1m,shap_mean_abs,0.0,macro
NOR_30Y,5,LORO_ZIRP,ZIRP,loro,be5y_level,shap_mean_abs,0.00022197706857696176,macro
NOR_30Y,5,LORO_ZIRP,ZIRP,loro,be10y_level,shap_mean_abs,0.0,macro
NOR_30Y,5,LORO_ZIRP,ZIRP,loro,be_slope,shap_mean_abs,0.0,macro
NOR_30Y,5,LORO_ZIRP,ZIRP,loro,be5y_chg_1m,shap_mean_abs,0.0,macro
NOR_30Y,5,LORO_ZIRP,ZIRP,loro,ig_spread,shap_mean_abs,0.0,credit
NOR_30Y,5,LORO_ZIRP,ZIRP,loro,hy_spread,shap_mean_abs,0.0,credit
NOR_30Y,5,LORO_ZIRP,ZIRP,loro,ig_chg_1m,shap_mean_abs,0.0,credit
NOR_30Y,5,LORO_ZIRP,ZIRP,loro,hy_chg_1m,shap_mean_abs,0.0,credit
NOR_30Y,5,LORO_ZIRP,ZIRP,loro,cpi_yoy,shap_mean_abs,0.0,macro
NOR_30Y,5,LORO_ZIRP,ZIRP,loro,pce_core_chg,shap_mean_abs,0.00045243219938129187,macro
NOR_30Y,5,LORO_ZIRP,ZIRP,loro,nfp_change,shap_mean_abs,0.0,macro
NOR_30Y,5,LORO_ZIRP,ZIRP,loro,pmi_us,shap_mean_abs,0.0,macro
NOR_30Y,5,LORO_ZIRP,ZIRP,loro,pmi_eur,shap_mean_abs,0.0002582103479653597,macro
NOR_30Y,5,LORO_ZIRP,ZIRP,loro,unemp_eur,shap_mean_abs,0.0,macro
NOR_30Y,5,LORO_ZIRP,ZIRP,loro,cpi_nsa_level,shap_mean_abs,0.0,macro
NOR_30Y,5,LORO_ZIRP,ZIRP,loro,pce_core_level,shap_mean_abs,0.0,macro
NOR_30Y,5,LORO_ZIRP,ZIRP,loro,eur_3m,shap_mean_abs,0.0,macro
NOR_30Y,5,LORO_ZIRP,ZIRP,loro,eur_1w,shap_mean_abs,0.0,macro
NOR_30Y,5,LORO_ZIRP,ZIRP,loro,nor_ibor_1m,shap_mean_abs,6.250749720493332e-05,norway
NOR_30Y,5,LORO_ZIRP,ZIRP,loro,nor_ibor_6m,shap_mean_abs,0.00022135415929369628,norway
NOR_30Y,5,LORO_ZIRP,ZIRP,loro,nor_ecb_dfr_chg,shap_mean_abs,0.0,norway
NOR_30Y,5,LORO_ZIRP,ZIRP,loro,nor_ecb_dfr_level,shap_mean_abs,0.0,norway
NOR_30Y,5,LORO_ZIRP,ZIRP,loro,nor_eurnok_chg_1d,shap_mean_abs,0.00015010831702966243,norway
NOR_30Y,5,LORO_ZIRP,ZIRP,loro,nor_eurnok_level,shap_mean_abs,0.0003562602505553514,norway
NOR_30Y,5,LORO_ZIRP,ZIRP,loro,nor_eurnok_mom_1m,shap_mean_abs,0.00048121390864253044,norway
NOR_30Y,5,LORO_ZIRP,ZIRP,loro,nor_eurnok_mom_3m,shap_mean_abs,0.00046030033263377845,norway
NOR_30Y,5,LORO_ZIRP,ZIRP,loro,nor_eurnok_rvol_20d,shap_mean_abs,0.0008612113888375461,norway
NOR_30Y,5,LORO_ZIRP,ZIRP,loro,nor_govt_10y,shap_mean_abs,5.3442017815541476e-05,norway
NOR_30Y,5,LORO_ZIRP,ZIRP,loro,nor_govt_3y,shap_mean_abs,0.0,norway
NOR_30Y,5,LORO_ZIRP,ZIRP,loro,nor_govt_5y,shap_mean_abs,0.0,norway
NOR_30Y,5,LORO_ZIRP,ZIRP,loro,nor_i44_chg_1d,shap_mean_abs,0.0,norway
NOR_30Y,5,LORO_ZIRP,ZIRP,loro,nor_i44_level,shap_mean_abs,0.0005322545184753835,norway
NOR_30Y,5,LORO_ZIRP,ZIRP,loro,nor_i44_mom_1m,shap_mean_abs,8.89608490979299e-05,norway
NOR_30Y,5,LORO_ZIRP,ZIRP,loro,nor_i44_mom_3m,shap_mean_abs,0.0,norway
NOR_30Y,5,LORO_ZIRP,ZIRP,loro,nor_i44_rvol_20d,shap_mean_abs,0.0007872888236306608,norway
NOR_30Y,5,LORO_ZIRP,ZIRP,loro,nor_kpi_yoy,shap_mean_abs,0.0007995518390089273,norway
NOR_30Y,5,LORO_ZIRP,ZIRP,loro,nor_kpijae_yoy,shap_mean_abs,0.0,norway
NOR_30Y,5,LORO_ZIRP,ZIRP,loro,nor_nibor_nowa_spread,shap_mean_abs,0.0,norway
NOR_30Y,5,LORO_ZIRP,ZIRP,loro,nor_nowa_level,shap_mean_abs,2.7429663532529958e-05,norway
NOR_30Y,5,LORO_ZIRP,ZIRP,loro,nor_polrate_chg_1d,shap_mean_abs,0.0,norway
NOR_30Y,5,LORO_ZIRP,ZIRP,loro,nor_polrate_days_since_chg,shap_mean_abs,0.00041874582529999316,norway
NOR_30Y,5,LORO_ZIRP,ZIRP,loro,nor_polrate_level,shap_mean_abs,0.0,norway
NOR_30Y,5,LORO_ZIRP,ZIRP,loro,nor_rb_rate_chg,shap_mean_abs,0.0,norway
NOR_30Y,5,LORO_ZIRP,ZIRP,loro,nor_rb_rate_level,shap_mean_abs,0.0,norway
NOR_30Y,5,LORO_ZIRP,ZIRP,loro,nor_unemp,shap_mean_abs,0.0,norway
NOR_30Y,5,LORO_ZIRP,ZIRP,loro,nor_usdnok_chg_1d,shap_mean_abs,5.376225544750923e-06,norway
NOR_30Y,5,LORO_ZIRP,ZIRP,loro,nor_usdnok_level,shap_mean_abs,0.0006311137694865465,norway
NOR_30Y,5,LORO_ZIRP,ZIRP,loro,nor_usdnok_mom_1m,shap_mean_abs,0.00019473631982691586,norway
NOR_30Y,5,LORO_ZIRP,ZIRP,loro,nor_usdnok_mom_3m,shap_mean_abs,7.416793960146606e-05,norway
NOR_30Y,5,LORO_ZIRP,ZIRP,loro,nor_usdnok_rvol_20d,shap_mean_abs,9.897956624627113e-05,norway
NOR_30Y,5,LORO_ZIRP,ZIRP,loro,swap_govt_spread,shap_mean_abs,0.0,norway
NOR_30Y,5,LORO_ZIRP,ZIRP,loro,xmpca_01,shap_mean_abs,0.0,cross_market
NOR_30Y,5,LORO_ZIRP,ZIRP,loro,xmpca_02,shap_mean_abs,2.7712652808986604e-05,cross_market
NOR_30Y,5,LORO_ZIRP,ZIRP,loro,xmpca_03,shap_mean_abs,0.0005503539578057826,cross_market
NOR_30Y,5,LORO_ZIRP,ZIRP,loro,xmpca_04,shap_mean_abs,2.3200078430818394e-05,cross_market
NOR_30Y,5,LORO_ZIRP,ZIRP,loro,xmpca_05,shap_mean_abs,0.0,cross_market
NOR_30Y,5,LORO_ZIRP,ZIRP,loro,xmpca_06,shap_mean_abs,0.00031657019280828536,cross_market
NOR_30Y,5,LORO_ZIRP,ZIRP,loro,xmpca_07,shap_mean_abs,0.0,cross_market
NOR_30Y,5,LORO_ZIRP,ZIRP,loro,xmpca_08,shap_mean_abs,7.633956556674093e-05,cross_market
NOR_30Y,5,LORO_ZIRP,ZIRP,loro,xmpca_09,shap_mean_abs,0.000184640332008712,cross_market
NOR_30Y,5,LORO_ZIRP,ZIRP,loro,xmpca_10,shap_mean_abs,0.00021177214512135834,cross_market
NOR_30Y,5,LORO_ZIRP,ZIRP,loro,xmpca_11,shap_mean_abs,5.16836553288158e-06,cross_market
NOR_30Y,5,LORO_ZIRP,ZIRP,loro,xmpca_12,shap_mean_abs,9.916112503560726e-06,cross_market
NOR_30Y,5,LORO_COVID,COVID,loro,chg_lag1,gain,0.016397511586546898,momentum
NOR_30Y,5,LORO_COVID,COVID,loro,chg_lag2,gain,0.013503828085958958,momentum
NOR_30Y,5,LORO_COVID,COVID,loro,chg_lag3,gain,0.026012808084487915,momentum
NOR_30Y,5,LORO_COVID,COVID,loro,chg_lag4,gain,0.0,momentum
NOR_30Y,5,LORO_COVID,COVID,loro,chg_lag5,gain,0.0006660097278654575,momentum
NOR_30Y,5,LORO_COVID,COVID,loro,carry_roll,gain,0.061600930988788605,carry_roll
NOR_30Y,5,LORO_COVID,COVID,loro,mom_63d,gain,0.03674587234854698,momentum
NOR_30Y,5,LORO_COVID,COVID,loro,mom_1m,gain,0.0760510116815567,momentum
NOR_30Y,5,LORO_COVID,COVID,loro,mom_3m,gain,0.05385567620396614,momentum
NOR_30Y,5,LORO_COVID,COVID,loro,mom_6m,gain,0.08165587484836578,momentum
NOR_30Y,5,LORO_COVID,COVID,loro,mom_12m,gain,0.20590543746948242,momentum
NOR_30Y,5,LORO_COVID,COVID,loro,dev_ma_3m,gain,0.07117610424757004,curve
NOR_30Y,5,LORO_COVID,COVID,loro,dev_ma_12m,gain,0.08327136188745499,curve
NOR_30Y,5,LORO_COVID,COVID,loro,vol_20d,gain,0.10422050952911377,vol
NOR_30Y,5,LORO_COVID,COVID,loro,vol_regime,gain,0.0,vol
NOR_30Y,5,LORO_COVID,COVID,loro,vol_zscore,gain,0.005948567762970924,vol
NOR_30Y,5,LORO_COVID,COVID,loro,level_zscore,gain,0.0,curve
NOR_30Y,5,LORO_COVID,COVID,loro,slope_10_1,gain,0.05827881768345833,curve
NOR_30Y,5,LORO_COVID,COVID,loro,slope_10_5,gain,0.1295357644557953,curve
NOR_30Y,5,LORO_COVID,COVID,loro,slope_5_1,gain,0.057933416217565536,curve
NOR_30Y,5,LORO_COVID,COVID,loro,sofr_mom_1m,gain,0.06597359478473663,macro
NOR_30Y,5,LORO_COVID,COVID,loro,ibor_level,gain,0.08604803681373596,macro
NOR_30Y,5,LORO_COVID,COVID,loro,ibor_chg_1d,gain,0.03940322995185852,macro
NOR_30Y,5,LORO_COVID,COVID,loro,ibor_mom_1m,gain,0.12280379980802536,macro
NOR_30Y,5,LORO_COVID,COVID,loro,ibor_term_slope,gain,0.0,macro
NOR_30Y,5,LORO_COVID,COVID,loro,swap_ibor_basis,gain,0.08846713602542877,curve
NOR_30Y,5,LORO_COVID,COVID,loro,move_level,gain,0.03912751004099846,vol
NOR_30Y,5,LORO_COVID,COVID,loro,move_zscore,gain,0.019142644479870796,vol
NOR_30Y,5,LORO_COVID,COVID,loro,vix_level,gain,0.0,vol
NOR_30Y,5,LORO_COVID,COVID,loro,vix_zscore,gain,0.045251064002513885,vol
NOR_30Y,5,LORO_COVID,COVID,loro,v2x_level,gain,0.0675606057047844,vol
NOR_30Y,5,LORO_COVID,COVID,loro,vxn_level,gain,0.0,vol
NOR_30Y,5,LORO_COVID,COVID,loro,ovx_level,gain,0.08173801749944687,vol
NOR_30Y,5,LORO_COVID,COVID,loro,gvz_level,gain,0.04907052591443062,vol
NOR_30Y,5,LORO_COVID,COVID,loro,spx_mom_1m,gain,0.10262032598257065,macro
NOR_30Y,5,LORO_COVID,COVID,loro,spx_mom_3m,gain,0.10080954432487488,macro
NOR_30Y,5,LORO_COVID,COVID,loro,sx5e_mom_1m,gain,0.04174625128507614,macro
NOR_30Y,5,LORO_COVID,COVID,loro,sx5e_mom_3m,gain,0.07589886337518692,macro
NOR_30Y,5,LORO_COVID,COVID,loro,mxwo_mom_1m,gain,0.12452723830938339,macro
NOR_30Y,5,LORO_COVID,COVID,loro,ndx_mom_1m,gain,0.04988952353596687,macro
NOR_30Y,5,LORO_COVID,COVID,loro,oil_mom_1m,gain,0.06738509982824326,macro
NOR_30Y,5,LORO_COVID,COVID,loro,oil_mom_3m,gain,0.05549648404121399,macro
NOR_30Y,5,LORO_COVID,COVID,loro,copper_mom_1m,gain,0.0,macro
NOR_30Y,5,LORO_COVID,COVID,loro,opec_prod,gain,0.07757321745157242,macro
NOR_30Y,5,LORO_COVID,COVID,loro,natgas_mom_1m,gain,0.09161287546157837,macro
NOR_30Y,5,LORO_COVID,COVID,loro,be5y_level,gain,0.0,macro
NOR_30Y,5,LORO_COVID,COVID,loro,be10y_level,gain,0.0,macro
NOR_30Y,5,LORO_COVID,COVID,loro,be_slope,gain,0.0,macro
NOR_30Y,5,LORO_COVID,COVID,loro,be5y_chg_1m,gain,0.07658763974905014,macro
NOR_30Y,5,LORO_COVID,COVID,loro,ig_spread,gain,0.0,credit
NOR_30Y,5,LORO_COVID,COVID,loro,hy_spread,gain,0.0,credit
NOR_30Y,5,LORO_COVID,COVID,loro,ig_chg_1m,gain,0.0,credit
NOR_30Y,5,LORO_COVID,COVID,loro,hy_chg_1m,gain,0.0,credit
NOR_30Y,5,LORO_COVID,COVID,loro,cpi_yoy,gain,0.052955374121665955,macro
NOR_30Y,5,LORO_COVID,COVID,loro,pce_core_chg,gain,0.1261434257030487,macro
NOR_30Y,5,LORO_COVID,COVID,loro,nfp_change,gain,0.09320742636919022,macro
NOR_30Y,5,LORO_COVID,COVID,loro,pmi_us,gain,0.10014978051185608,macro
NOR_30Y,5,LORO_COVID,COVID,loro,pmi_eur,gain,0.0,macro
NOR_30Y,5,LORO_COVID,COVID,loro,unemp_eur,gain,0.09217271208763123,macro
NOR_30Y,5,LORO_COVID,COVID,loro,cpi_nsa_level,gain,0.0,macro
NOR_30Y,5,LORO_COVID,COVID,loro,pce_core_level,gain,0.0,macro
NOR_30Y,5,LORO_COVID,COVID,loro,eur_3m,gain,0.05986105650663376,macro
NOR_30Y,5,LORO_COVID,COVID,loro,eur_1w,gain,0.0,macro
NOR_30Y,5,LORO_COVID,COVID,loro,nor_ibor_1m,gain,0.11090454459190369,norway
NOR_30Y,5,LORO_COVID,COVID,loro,nor_ibor_6m,gain,0.0,norway
NOR_30Y,5,LORO_COVID,COVID,loro,nor_ecb_dfr_chg,gain,0.0,norway
NOR_30Y,5,LORO_COVID,COVID,loro,nor_ecb_dfr_level,gain,0.0,norway
NOR_30Y,5,LORO_COVID,COVID,loro,nor_eurnok_chg_1d,gain,0.046283792704343796,norway
NOR_30Y,5,LORO_COVID,COVID,loro,nor_eurnok_level,gain,0.0,norway
NOR_30Y,5,LORO_COVID,COVID,loro,nor_eurnok_mom_1m,gain,0.06963896751403809,norway
NOR_30Y,5,LORO_COVID,COVID,loro,nor_eurnok_mom_3m,gain,0.04058906435966492,norway
NOR_30Y,5,LORO_COVID,COVID,loro,nor_eurnok_rvol_20d,gain,0.05677184835076332,norway
NOR_30Y,5,LORO_COVID,COVID,loro,nor_govt_10y,gain,0.06678565591573715,norway
NOR_30Y,5,LORO_COVID,COVID,loro,nor_govt_3y,gain,0.0,norway
NOR_30Y,5,LORO_COVID,COVID,loro,nor_govt_5y,gain,0.0,norway
NOR_30Y,5,LORO_COVID,COVID,loro,nor_i44_chg_1d,gain,0.0,norway
NOR_30Y,5,LORO_COVID,COVID,loro,nor_i44_level,gain,0.008924044668674469,norway
NOR_30Y,5,LORO_COVID,COVID,loro,nor_i44_mom_1m,gain,0.07122975587844849,norway
NOR_30Y,5,LORO_COVID,COVID,loro,nor_i44_mom_3m,gain,0.08316706866025925,norway
NOR_30Y,5,LORO_COVID,COVID,loro,nor_i44_rvol_20d,gain,0.0,norway
NOR_30Y,5,LORO_COVID,COVID,loro,nor_kpi_yoy,gain,0.09113467484712601,norway
NOR_30Y,5,LORO_COVID,COVID,loro,nor_kpijae_yoy,gain,0.0454014390707016,norway
NOR_30Y,5,LORO_COVID,COVID,loro,nor_nibor_nowa_spread,gain,0.0,norway
NOR_30Y,5,LORO_COVID,COVID,loro,nor_nowa_level,gain,0.0,norway
NOR_30Y,5,LORO_COVID,COVID,loro,nor_polrate_chg_1d,gain,0.0,norway
NOR_30Y,5,LORO_COVID,COVID,loro,nor_polrate_days_since_chg,gain,0.0,norway
NOR_30Y,5,LORO_COVID,COVID,loro,nor_polrate_level,gain,0.0,norway
NOR_30Y,5,LORO_COVID,COVID,loro,nor_rb_rate_chg,gain,0.0,norway
NOR_30Y,5,LORO_COVID,COVID,loro,nor_rb_rate_level,gain,0.0,norway
NOR_30Y,5,LORO_COVID,COVID,loro,nor_unemp,gain,0.054702699184417725,norway
NOR_30Y,5,LORO_COVID,COVID,loro,nor_usdnok_chg_1d,gain,0.10777297616004944,norway
NOR_30Y,5,LORO_COVID,COVID,loro,nor_usdnok_level,gain,0.08517239987850189,norway
NOR_30Y,5,LORO_COVID,COVID,loro,nor_usdnok_mom_1m,gain,0.0,norway
NOR_30Y,5,LORO_COVID,COVID,loro,nor_usdnok_mom_3m,gain,0.08688031882047653,norway
NOR_30Y,5,LORO_COVID,COVID,loro,nor_usdnok_rvol_20d,gain,0.0,norway
NOR_30Y,5,LORO_COVID,COVID,loro,swap_govt_spread,gain,0.0,norway
NOR_30Y,5,LORO_COVID,COVID,loro,xmpca_01,gain,0.10170416533946991,cross_market
NOR_30Y,5,LORO_COVID,COVID,loro,xmpca_02,gain,0.05247648432850838,cross_market
NOR_30Y,5,LORO_COVID,COVID,loro,xmpca_03,gain,0.0,cross_market
NOR_30Y,5,LORO_COVID,COVID,loro,xmpca_04,gain,0.12226860225200653,cross_market
NOR_30Y,5,LORO_COVID,COVID,loro,xmpca_05,gain,0.018339235335588455,cross_market
NOR_30Y,5,LORO_COVID,COVID,loro,xmpca_06,gain,0.032299116253852844,cross_market
NOR_30Y,5,LORO_COVID,COVID,loro,xmpca_07,gain,0.06809218972921371,cross_market
NOR_30Y,5,LORO_COVID,COVID,loro,xmpca_08,gain,0.022703101858496666,cross_market
NOR_30Y,5,LORO_COVID,COVID,loro,xmpca_09,gain,0.09324458241462708,cross_market
NOR_30Y,5,LORO_COVID,COVID,loro,xmpca_10,gain,0.008739590644836426,cross_market
NOR_30Y,5,LORO_COVID,COVID,loro,xmpca_11,gain,0.0,cross_market
NOR_30Y,5,LORO_COVID,COVID,loro,xmpca_12,gain,0.06085433065891266,cross_market
NOR_30Y,5,LORO_COVID,COVID,loro,chg_lag1,weight,14.0,momentum
NOR_30Y,5,LORO_COVID,COVID,loro,chg_lag2,weight,12.0,momentum
NOR_30Y,5,LORO_COVID,COVID,loro,chg_lag3,weight,4.0,momentum
NOR_30Y,5,LORO_COVID,COVID,loro,chg_lag4,weight,0.0,momentum
NOR_30Y,5,LORO_COVID,COVID,loro,chg_lag5,weight,1.0,momentum
NOR_30Y,5,LORO_COVID,COVID,loro,carry_roll,weight,7.0,carry_roll
NOR_30Y,5,LORO_COVID,COVID,loro,mom_63d,weight,7.0,momentum
NOR_30Y,5,LORO_COVID,COVID,loro,mom_1m,weight,4.0,momentum
NOR_30Y,5,LORO_COVID,COVID,loro,mom_3m,weight,2.0,momentum
NOR_30Y,5,LORO_COVID,COVID,loro,mom_6m,weight,5.0,momentum
NOR_30Y,5,LORO_COVID,COVID,loro,mom_12m,weight,1.0,momentum
NOR_30Y,5,LORO_COVID,COVID,loro,dev_ma_3m,weight,8.0,curve
NOR_30Y,5,LORO_COVID,COVID,loro,dev_ma_12m,weight,3.0,curve
NOR_30Y,5,LORO_COVID,COVID,loro,vol_20d,weight,4.0,vol
NOR_30Y,5,LORO_COVID,COVID,loro,vol_regime,weight,0.0,vol
NOR_30Y,5,LORO_COVID,COVID,loro,vol_zscore,weight,1.0,vol
NOR_30Y,5,LORO_COVID,COVID,loro,level_zscore,weight,0.0,curve
NOR_30Y,5,LORO_COVID,COVID,loro,slope_10_1,weight,4.0,curve
NOR_30Y,5,LORO_COVID,COVID,loro,slope_10_5,weight,1.0,curve
NOR_30Y,5,LORO_COVID,COVID,loro,slope_5_1,weight,2.0,curve
NOR_30Y,5,LORO_COVID,COVID,loro,sofr_mom_1m,weight,7.0,macro
NOR_30Y,5,LORO_COVID,COVID,loro,ibor_level,weight,1.0,macro
NOR_30Y,5,LORO_COVID,COVID,loro,ibor_chg_1d,weight,5.0,macro
NOR_30Y,5,LORO_COVID,COVID,loro,ibor_mom_1m,weight,7.0,macro
NOR_30Y,5,LORO_COVID,COVID,loro,ibor_term_slope,weight,0.0,macro
NOR_30Y,5,LORO_COVID,COVID,loro,swap_ibor_basis,weight,2.0,curve
NOR_30Y,5,LORO_COVID,COVID,loro,move_level,weight,2.0,vol
NOR_30Y,5,LORO_COVID,COVID,loro,move_zscore,weight,2.0,vol
NOR_30Y,5,LORO_COVID,COVID,loro,vix_level,weight,0.0,vol
NOR_30Y,5,LORO_COVID,COVID,loro,vix_zscore,weight,2.0,vol
NOR_30Y,5,LORO_COVID,COVID,loro,v2x_level,weight,4.0,vol
NOR_30Y,5,LORO_COVID,COVID,loro,vxn_level,weight,0.0,vol
NOR_30Y,5,LORO_COVID,COVID,loro,ovx_level,weight,3.0,vol
NOR_30Y,5,LORO_COVID,COVID,loro,gvz_level,weight,2.0,vol
NOR_30Y,5,LORO_COVID,COVID,loro,spx_mom_1m,weight,1.0,macro
NOR_30Y,5,LORO_COVID,COVID,loro,spx_mom_3m,weight,2.0,macro
NOR_30Y,5,LORO_COVID,COVID,loro,sx5e_mom_1m,weight,2.0,macro
NOR_30Y,5,LORO_COVID,COVID,loro,sx5e_mom_3m,weight,3.0,macro
NOR_30Y,5,LORO_COVID,COVID,loro,mxwo_mom_1m,weight,3.0,macro
NOR_30Y,5,LORO_COVID,COVID,loro,ndx_mom_1m,weight,2.0,macro
NOR_30Y,5,LORO_COVID,COVID,loro,oil_mom_1m,weight,3.0,macro
NOR_30Y,5,LORO_COVID,COVID,loro,oil_mom_3m,weight,3.0,macro
NOR_30Y,5,LORO_COVID,COVID,loro,copper_mom_1m,weight,0.0,macro
NOR_30Y,5,LORO_COVID,COVID,loro,opec_prod,weight,1.0,macro
NOR_30Y,5,LORO_COVID,COVID,loro,natgas_mom_1m,weight,2.0,macro
NOR_30Y,5,LORO_COVID,COVID,loro,be5y_level,weight,0.0,macro
NOR_30Y,5,LORO_COVID,COVID,loro,be10y_level,weight,0.0,macro
NOR_30Y,5,LORO_COVID,COVID,loro,be_slope,weight,0.0,macro
NOR_30Y,5,LORO_COVID,COVID,loro,be5y_chg_1m,weight,1.0,macro
NOR_30Y,5,LORO_COVID,COVID,loro,ig_spread,weight,0.0,credit
NOR_30Y,5,LORO_COVID,COVID,loro,hy_spread,weight,0.0,credit
NOR_30Y,5,LORO_COVID,COVID,loro,ig_chg_1m,weight,0.0,credit
NOR_30Y,5,LORO_COVID,COVID,loro,hy_chg_1m,weight,0.0,credit
NOR_30Y,5,LORO_COVID,COVID,loro,cpi_yoy,weight,1.0,macro
NOR_30Y,5,LORO_COVID,COVID,loro,pce_core_chg,weight,2.0,macro
NOR_30Y,5,LORO_COVID,COVID,loro,nfp_change,weight,7.0,macro
NOR_30Y,5,LORO_COVID,COVID,loro,pmi_us,weight,1.0,macro
NOR_30Y,5,LORO_COVID,COVID,loro,pmi_eur,weight,0.0,macro
NOR_30Y,5,LORO_COVID,COVID,loro,unemp_eur,weight,1.0,macro
NOR_30Y,5,LORO_COVID,COVID,loro,cpi_nsa_level,weight,0.0,macro
NOR_30Y,5,LORO_COVID,COVID,loro,pce_core_level,weight,0.0,macro
NOR_30Y,5,LORO_COVID,COVID,loro,eur_3m,weight,1.0,macro
NOR_30Y,5,LORO_COVID,COVID,loro,eur_1w,weight,0.0,macro
NOR_30Y,5,LORO_COVID,COVID,loro,nor_ibor_1m,weight,1.0,norway
NOR_30Y,5,LORO_COVID,COVID,loro,nor_ibor_6m,weight,0.0,norway
NOR_30Y,5,LORO_COVID,COVID,loro,nor_ecb_dfr_chg,weight,0.0,norway
NOR_30Y,5,LORO_COVID,COVID,loro,nor_ecb_dfr_level,weight,0.0,norway
NOR_30Y,5,LORO_COVID,COVID,loro,nor_eurnok_chg_1d,weight,5.0,norway
NOR_30Y,5,LORO_COVID,COVID,loro,nor_eurnok_level,weight,0.0,norway
NOR_30Y,5,LORO_COVID,COVID,loro,nor_eurnok_mom_1m,weight,4.0,norway
NOR_30Y,5,LORO_COVID,COVID,loro,nor_eurnok_mom_3m,weight,1.0,norway
NOR_30Y,5,LORO_COVID,COVID,loro,nor_eurnok_rvol_20d,weight,4.0,norway
NOR_30Y,5,LORO_COVID,COVID,loro,nor_govt_10y,weight,3.0,norway
NOR_30Y,5,LORO_COVID,COVID,loro,nor_govt_3y,weight,0.0,norway
NOR_30Y,5,LORO_COVID,COVID,loro,nor_govt_5y,weight,0.0,norway
NOR_30Y,5,LORO_COVID,COVID,loro,nor_i44_chg_1d,weight,0.0,norway
NOR_30Y,5,LORO_COVID,COVID,loro,nor_i44_level,weight,1.0,norway
NOR_30Y,5,LORO_COVID,COVID,loro,nor_i44_mom_1m,weight,3.0,norway
NOR_30Y,5,LORO_COVID,COVID,loro,nor_i44_mom_3m,weight,4.0,norway
NOR_30Y,5,LORO_COVID,COVID,loro,nor_i44_rvol_20d,weight,0.0,norway
NOR_30Y,5,LORO_COVID,COVID,loro,nor_kpi_yoy,weight,3.0,norway
NOR_30Y,5,LORO_COVID,COVID,loro,nor_kpijae_yoy,weight,1.0,norway
NOR_30Y,5,LORO_COVID,COVID,loro,nor_nibor_nowa_spread,weight,0.0,norway
NOR_30Y,5,LORO_COVID,COVID,loro,nor_nowa_level,weight,0.0,norway
NOR_30Y,5,LORO_COVID,COVID,loro,nor_polrate_chg_1d,weight,0.0,norway
NOR_30Y,5,LORO_COVID,COVID,loro,nor_polrate_days_since_chg,weight,0.0,norway
NOR_30Y,5,LORO_COVID,COVID,loro,nor_polrate_level,weight,0.0,norway
NOR_30Y,5,LORO_COVID,COVID,loro,nor_rb_rate_chg,weight,0.0,norway
NOR_30Y,5,LORO_COVID,COVID,loro,nor_rb_rate_level,weight,0.0,norway
NOR_30Y,5,LORO_COVID,COVID,loro,nor_unemp,weight,1.0,norway
NOR_30Y,5,LORO_COVID,COVID,loro,nor_usdnok_chg_1d,weight,1.0,norway
NOR_30Y,5,LORO_COVID,COVID,loro,nor_usdnok_level,weight,2.0,norway
NOR_30Y,5,LORO_COVID,COVID,loro,nor_usdnok_mom_1m,weight,0.0,norway
NOR_30Y,5,LORO_COVID,COVID,loro,nor_usdnok_mom_3m,weight,2.0,norway
NOR_30Y,5,LORO_COVID,COVID,loro,nor_usdnok_rvol_20d,weight,0.0,norway
NOR_30Y,5,LORO_COVID,COVID,loro,swap_govt_spread,weight,0.0,norway
NOR_30Y,5,LORO_COVID,COVID,loro,xmpca_01,weight,2.0,cross_market
NOR_30Y,5,LORO_COVID,COVID,loro,xmpca_02,weight,3.0,cross_market
NOR_30Y,5,LORO_COVID,COVID,loro,xmpca_03,weight,0.0,cross_market
NOR_30Y,5,LORO_COVID,COVID,loro,xmpca_04,weight,1.0,cross_market
NOR_30Y,5,LORO_COVID,COVID,loro,xmpca_05,weight,1.0,cross_market
NOR_30Y,5,LORO_COVID,COVID,loro,xmpca_06,weight,2.0,cross_market
NOR_30Y,5,LORO_COVID,COVID,loro,xmpca_07,weight,1.0,cross_market
NOR_30Y,5,LORO_COVID,COVID,loro,xmpca_08,weight,2.0,cross_market
NOR_30Y,5,LORO_COVID,COVID,loro,xmpca_09,weight,4.0,cross_market
NOR_30Y,5,LORO_COVID,COVID,loro,xmpca_10,weight,1.0,cross_market
NOR_30Y,5,LORO_COVID,COVID,loro,xmpca_11,weight,0.0,cross_market
NOR_30Y,5,LORO_COVID,COVID,loro,xmpca_12,weight,1.0,cross_market
NOR_30Y,5,LORO_COVID,COVID,loro,chg_lag1,cover,10.0,momentum
NOR_30Y,5,LORO_COVID,COVID,loro,chg_lag2,cover,6.666666507720947,momentum
NOR_30Y,5,LORO_COVID,COVID,loro,chg_lag3,cover,16.75,momentum
NOR_30Y,5,LORO_COVID,COVID,loro,chg_lag4,cover,0.0,momentum
NOR_30Y,5,LORO_COVID,COVID,loro,chg_lag5,cover,3.0,momentum
NOR_30Y,5,LORO_COVID,COVID,loro,carry_roll,cover,769.2857055664062,carry_roll
NOR_30Y,5,LORO_COVID,COVID,loro,mom_63d,cover,131.57142639160156,momentum
NOR_30Y,5,LORO_COVID,COVID,loro,mom_1m,cover,541.75,momentum
NOR_30Y,5,LORO_COVID,COVID,loro,mom_3m,cover,64.5,momentum
NOR_30Y,5,LORO_COVID,COVID,loro,mom_6m,cover,927.0,momentum
NOR_30Y,5,LORO_COVID,COVID,loro,mom_12m,cover,8.0,momentum
NOR_30Y,5,LORO_COVID,COVID,loro,dev_ma_3m,cover,512.875,curve
NOR_30Y,5,LORO_COVID,COVID,loro,dev_ma_12m,cover,733.0,curve
NOR_30Y,5,LORO_COVID,COVID,loro,vol_20d,cover,474.5,vol
NOR_30Y,5,LORO_COVID,COVID,loro,vol_regime,cover,0.0,vol
NOR_30Y,5,LORO_COVID,COVID,loro,vol_zscore,cover,7.0,vol
NOR_30Y,5,LORO_COVID,COVID,loro,level_zscore,cover,0.0,curve
NOR_30Y,5,LORO_COVID,COVID,loro,slope_10_1,cover,48.5,curve
NOR_30Y,5,LORO_COVID,COVID,loro,slope_10_5,cover,32.0,curve
NOR_30Y,5,LORO_COVID,COVID,loro,slope_5_1,cover,1104.5,curve
NOR_30Y,5,LORO_COVID,COVID,loro,sofr_mom_1m,cover,805.5714111328125,macro
NOR_30Y,5,LORO_COVID,COVID,loro,ibor_level,cover,85.0,macro
NOR_30Y,5,LORO_COVID,COVID,loro,ibor_chg_1d,cover,450.3999938964844,macro
NOR_30Y,5,LORO_COVID,COVID,loro,ibor_mom_1m,cover,1759.5714111328125,macro
NOR_30Y,5,LORO_COVID,COVID,loro,ibor_term_slope,cover,0.0,macro
NOR_30Y,5,LORO_COVID,COVID,loro,swap_ibor_basis,cover,1009.5,curve
NOR_30Y,5,LORO_COVID,COVID,loro,move_level,cover,61.0,vol
NOR_30Y,5,LORO_COVID,COVID,loro,move_zscore,cover,12.0,vol
NOR_30Y,5,LORO_COVID,COVID,loro,vix_level,cover,0.0,vol
NOR_30Y,5,LORO_COVID,COVID,loro,vix_zscore,cover,23.5,vol
NOR_30Y,5,LORO_COVID,COVID,loro,v2x_level,cover,1107.75,vol
NOR_30Y,5,LORO_COVID,COVID,loro,vxn_level,cover,0.0,vol
NOR_30Y,5,LORO_COVID,COVID,loro,ovx_level,cover,110.66666412353516,vol
NOR_30Y,5,LORO_COVID,COVID,loro,gvz_level,cover,81.0,vol
NOR_30Y,5,LORO_COVID,COVID,loro,spx_mom_1m,cover,85.0,macro
NOR_30Y,5,LORO_COVID,COVID,loro,spx_mom_3m,cover,1376.5,macro
NOR_30Y,5,LORO_COVID,COVID,loro,sx5e_mom_1m,cover,13.5,macro
NOR_30Y,5,LORO_COVID,COVID,loro,sx5e_mom_3m,cover,37.66666793823242,macro
NOR_30Y,5,LORO_COVID,COVID,loro,mxwo_mom_1m,cover,1367.3333740234375,macro
NOR_30Y,5,LORO_COVID,COVID,loro,ndx_mom_1m,cover,45.0,macro
NOR_30Y,5,LORO_COVID,COVID,loro,oil_mom_1m,cover,114.33333587646484,macro
NOR_30Y,5,LORO_COVID,COVID,loro,oil_mom_3m,cover,744.3333129882812,macro
NOR_30Y,5,LORO_COVID,COVID,loro,copper_mom_1m,cover,0.0,macro
NOR_30Y,5,LORO_COVID,COVID,loro,opec_prod,cover,1185.0,macro
NOR_30Y,5,LORO_COVID,COVID,loro,natgas_mom_1m,cover,1118.5,macro
NOR_30Y,5,LORO_COVID,COVID,loro,be5y_level,cover,0.0,macro
NOR_30Y,5,LORO_COVID,COVID,loro,be10y_level,cover,0.0,macro
NOR_30Y,5,LORO_COVID,COVID,loro,be_slope,cover,0.0,macro
NOR_30Y,5,LORO_COVID,COVID,loro,be5y_chg_1m,cover,1481.0,macro
NOR_30Y,5,LORO_COVID,COVID,loro,ig_spread,cover,0.0,credit
NOR_30Y,5,LORO_COVID,COVID,loro,hy_spread,cover,0.0,credit
NOR_30Y,5,LORO_COVID,COVID,loro,ig_chg_1m,cover,0.0,credit
NOR_30Y,5,LORO_COVID,COVID,loro,hy_chg_1m,cover,0.0,credit
NOR_30Y,5,LORO_COVID,COVID,loro,cpi_yoy,cover,28.0,macro
NOR_30Y,5,LORO_COVID,COVID,loro,pce_core_chg,cover,2145.5,macro
NOR_30Y,5,LORO_COVID,COVID,loro,nfp_change,cover,1342.7142333984375,macro
NOR_30Y,5,LORO_COVID,COVID,loro,pmi_us,cover,277.0,macro
NOR_30Y,5,LORO_COVID,COVID,loro,pmi_eur,cover,0.0,macro
NOR_30Y,5,LORO_COVID,COVID,loro,unemp_eur,cover,2144.0,macro
NOR_30Y,5,LORO_COVID,COVID,loro,cpi_nsa_level,cover,0.0,macro
NOR_30Y,5,LORO_COVID,COVID,loro,pce_core_level,cover,0.0,macro
NOR_30Y,5,LORO_COVID,COVID,loro,eur_3m,cover,329.0,macro
NOR_30Y,5,LORO_COVID,COVID,loro,eur_1w,cover,0.0,macro
NOR_30Y,5,LORO_COVID,COVID,loro,nor_ibor_1m,cover,2140.0,norway
NOR_30Y,5,LORO_COVID,COVID,loro,nor_ibor_6m,cover,0.0,norway
NOR_30Y,5,LORO_COVID,COVID,loro,nor_ecb_dfr_chg,cover,0.0,norway
NOR_30Y,5,LORO_COVID,COVID,loro,nor_ecb_dfr_level,cover,0.0,norway
NOR_30Y,5,LORO_COVID,COVID,loro,nor_eurnok_chg_1d,cover,112.80000305175781,norway
NOR_30Y,5,LORO_COVID,COVID,loro,nor_eurnok_level,cover,0.0,norway
NOR_30Y,5,LORO_COVID,COVID,loro,nor_eurnok_mom_1m,cover,499.5,norway
NOR_30Y,5,LORO_COVID,COVID,loro,nor_eurnok_mom_3m,cover,13.0,norway
NOR_30Y,5,LORO_COVID,COVID,loro,nor_eurnok_rvol_20d,cover,500.25,norway
NOR_30Y,5,LORO_COVID,COVID,loro,nor_govt_10y,cover,114.0,norway
NOR_30Y,5,LORO_COVID,COVID,loro,nor_govt_3y,cover,0.0,norway
NOR_30Y,5,LORO_COVID,COVID,loro,nor_govt_5y,cover,0.0,norway
NOR_30Y,5,LORO_COVID,COVID,loro,nor_i44_chg_1d,cover,0.0,norway
NOR_30Y,5,LORO_COVID,COVID,loro,nor_i44_level,cover,19.0,norway
NOR_30Y,5,LORO_COVID,COVID,loro,nor_i44_mom_1m,cover,94.66666412353516,norway
NOR_30Y,5,LORO_COVID,COVID,loro,nor_i44_mom_3m,cover,1545.5,norway
NOR_30Y,5,LORO_COVID,COVID,loro,nor_i44_rvol_20d,cover,0.0,norway
NOR_30Y,5,LORO_COVID,COVID,loro,nor_kpi_yoy,cover,890.3333129882812,norway
NOR_30Y,5,LORO_COVID,COVID,loro,nor_kpijae_yoy,cover,56.0,norway
NOR_30Y,5,LORO_COVID,COVID,loro,nor_nibor_nowa_spread,cover,0.0,norway
NOR_30Y,5,LORO_COVID,COVID,loro,nor_nowa_level,cover,0.0,norway
NOR_30Y,5,LORO_COVID,COVID,loro,nor_polrate_chg_1d,cover,0.0,norway
NOR_30Y,5,LORO_COVID,COVID,loro,nor_polrate_days_since_chg,cover,0.0,norway
NOR_30Y,5,LORO_COVID,COVID,loro,nor_polrate_level,cover,0.0,norway
NOR_30Y,5,LORO_COVID,COVID,loro,nor_rb_rate_chg,cover,0.0,norway
NOR_30Y,5,LORO_COVID,COVID,loro,nor_rb_rate_level,cover,0.0,norway
NOR_30Y,5,LORO_COVID,COVID,loro,nor_unemp,cover,1543.0,norway
NOR_30Y,5,LORO_COVID,COVID,loro,nor_usdnok_chg_1d,cover,24.0,norway
NOR_30Y,5,LORO_COVID,COVID,loro,nor_usdnok_level,cover,718.5,norway
NOR_30Y,5,LORO_COVID,COVID,loro,nor_usdnok_mom_1m,cover,0.0,norway
NOR_30Y,5,LORO_COVID,COVID,loro,nor_usdnok_mom_3m,cover,1749.5,norway
NOR_30Y,5,LORO_COVID,COVID,loro,nor_usdnok_rvol_20d,cover,0.0,norway
NOR_30Y,5,LORO_COVID,COVID,loro,swap_govt_spread,cover,0.0,norway
NOR_30Y,5,LORO_COVID,COVID,loro,xmpca_01,cover,329.5,cross_market
NOR_30Y,5,LORO_COVID,COVID,loro,xmpca_02,cover,1018.3333129882812,cross_market
NOR_30Y,5,LORO_COVID,COVID,loro,xmpca_03,cover,0.0,cross_market
NOR_30Y,5,LORO_COVID,COVID,loro,xmpca_04,cover,16.0,cross_market
NOR_30Y,5,LORO_COVID,COVID,loro,xmpca_05,cover,5.0,cross_market
NOR_30Y,5,LORO_COVID,COVID,loro,xmpca_06,cover,16.5,cross_market
NOR_30Y,5,LORO_COVID,COVID,loro,xmpca_07,cover,2152.0,cross_market
NOR_30Y,5,LORO_COVID,COVID,loro,xmpca_08,cover,11.5,cross_market
NOR_30Y,5,LORO_COVID,COVID,loro,xmpca_09,cover,1929.25,cross_market
NOR_30Y,5,LORO_COVID,COVID,loro,xmpca_10,cover,18.0,cross_market
NOR_30Y,5,LORO_COVID,COVID,loro,xmpca_11,cover,0.0,cross_market
NOR_30Y,5,LORO_COVID,COVID,loro,xmpca_12,cover,23.0,cross_market
NOR_30Y,5,LORO_COVID,COVID,loro,chg_lag1,total_gain,0.22956517338752747,momentum
NOR_30Y,5,LORO_COVID,COVID,loro,chg_lag2,total_gain,0.1620459407567978,momentum
NOR_30Y,5,LORO_COVID,COVID,loro,chg_lag3,total_gain,0.10405123233795166,momentum
NOR_30Y,5,LORO_COVID,COVID,loro,chg_lag4,total_gain,0.0,momentum
NOR_30Y,5,LORO_COVID,COVID,loro,chg_lag5,total_gain,0.0006660097278654575,momentum
NOR_30Y,5,LORO_COVID,COVID,loro,carry_roll,total_gain,0.43120652437210083,carry_roll
NOR_30Y,5,LORO_COVID,COVID,loro,mom_63d,total_gain,0.2572211027145386,momentum
NOR_30Y,5,LORO_COVID,COVID,loro,mom_1m,total_gain,0.3042040467262268,momentum
NOR_30Y,5,LORO_COVID,COVID,loro,mom_3m,total_gain,0.10771135240793228,momentum
NOR_30Y,5,LORO_COVID,COVID,loro,mom_6m,total_gain,0.4082793891429901,momentum
NOR_30Y,5,LORO_COVID,COVID,loro,mom_12m,total_gain,0.20590543746948242,momentum
NOR_30Y,5,LORO_COVID,COVID,loro,dev_ma_3m,total_gain,0.5694088339805603,curve
NOR_30Y,5,LORO_COVID,COVID,loro,dev_ma_12m,total_gain,0.24981409311294556,curve
NOR_30Y,5,LORO_COVID,COVID,loro,vol_20d,total_gain,0.4168820381164551,vol
NOR_30Y,5,LORO_COVID,COVID,loro,vol_regime,total_gain,0.0,vol
NOR_30Y,5,LORO_COVID,COVID,loro,vol_zscore,total_gain,0.005948567762970924,vol
NOR_30Y,5,LORO_COVID,COVID,loro,level_zscore,total_gain,0.0,curve
NOR_30Y,5,LORO_COVID,COVID,loro,slope_10_1,total_gain,0.2331152707338333,curve
NOR_30Y,5,LORO_COVID,COVID,loro,slope_10_5,total_gain,0.1295357644557953,curve
NOR_30Y,5,LORO_COVID,COVID,loro,slope_5_1,total_gain,0.11586683243513107,curve
NOR_30Y,5,LORO_COVID,COVID,loro,sofr_mom_1m,total_gain,0.4618151783943176,macro
NOR_30Y,5,LORO_COVID,COVID,loro,ibor_level,total_gain,0.08604803681373596,macro
NOR_30Y,5,LORO_COVID,COVID,loro,ibor_chg_1d,total_gain,0.1970161497592926,macro
NOR_30Y,5,LORO_COVID,COVID,loro,ibor_mom_1m,total_gain,0.8596265912055969,macro
NOR_30Y,5,LORO_COVID,COVID,loro,ibor_term_slope,total_gain,0.0,macro
NOR_30Y,5,LORO_COVID,COVID,loro,swap_ibor_basis,total_gain,0.17693427205085754,curve
NOR_30Y,5,LORO_COVID,COVID,loro,move_level,total_gain,0.07825502008199692,vol
NOR_30Y,5,LORO_COVID,COVID,loro,move_zscore,total_gain,0.03828528895974159,vol
NOR_30Y,5,LORO_COVID,COVID,loro,vix_level,total_gain,0.0,vol
NOR_30Y,5,LORO_COVID,COVID,loro,vix_zscore,total_gain,0.09050212800502777,vol
NOR_30Y,5,LORO_COVID,COVID,loro,v2x_level,total_gain,0.2702424228191376,vol
NOR_30Y,5,LORO_COVID,COVID,loro,vxn_level,total_gain,0.0,vol
NOR_30Y,5,LORO_COVID,COVID,loro,ovx_level,total_gain,0.24521404504776,vol
NOR_30Y,5,LORO_COVID,COVID,loro,gvz_level,total_gain,0.09814105182886124,vol
NOR_30Y,5,LORO_COVID,COVID,loro,spx_mom_1m,total_gain,0.10262032598257065,macro
NOR_30Y,5,LORO_COVID,COVID,loro,spx_mom_3m,total_gain,0.20161908864974976,macro
NOR_30Y,5,LORO_COVID,COVID,loro,sx5e_mom_1m,total_gain,0.08349250257015228,macro
NOR_30Y,5,LORO_COVID,COVID,loro,sx5e_mom_3m,total_gain,0.22769659757614136,macro
NOR_30Y,5,LORO_COVID,COVID,loro,mxwo_mom_1m,total_gain,0.3735817074775696,macro
NOR_30Y,5,LORO_COVID,COVID,loro,ndx_mom_1m,total_gain,0.09977904707193375,macro
NOR_30Y,5,LORO_COVID,COVID,loro,oil_mom_1m,total_gain,0.20215529203414917,macro
NOR_30Y,5,LORO_COVID,COVID,loro,oil_mom_3m,total_gain,0.16648945212364197,macro
NOR_30Y,5,LORO_COVID,COVID,loro,copper_mom_1m,total_gain,0.0,macro
NOR_30Y,5,LORO_COVID,COVID,loro,opec_prod,total_gain,0.07757321745157242,macro
NOR_30Y,5,LORO_COVID,COVID,loro,natgas_mom_1m,total_gain,0.18322575092315674,macro
NOR_30Y,5,LORO_COVID,COVID,loro,be5y_level,total_gain,0.0,macro
NOR_30Y,5,LORO_COVID,COVID,loro,be10y_level,total_gain,0.0,macro
NOR_30Y,5,LORO_COVID,COVID,loro,be_slope,total_gain,0.0,macro
NOR_30Y,5,LORO_COVID,COVID,loro,be5y_chg_1m,total_gain,0.07658763974905014,macro
NOR_30Y,5,LORO_COVID,COVID,loro,ig_spread,total_gain,0.0,credit
NOR_30Y,5,LORO_COVID,COVID,loro,hy_spread,total_gain,0.0,credit
NOR_30Y,5,LORO_COVID,COVID,loro,ig_chg_1m,total_gain,0.0,credit
NOR_30Y,5,LORO_COVID,COVID,loro,hy_chg_1m,total_gain,0.0,credit
NOR_30Y,5,LORO_COVID,COVID,loro,cpi_yoy,total_gain,0.052955374121665955,macro
NOR_30Y,5,LORO_COVID,COVID,loro,pce_core_chg,total_gain,0.2522868514060974,macro
NOR_30Y,5,LORO_COVID,COVID,loro,nfp_change,total_gain,0.6524519920349121,macro
NOR_30Y,5,LORO_COVID,COVID,loro,pmi_us,total_gain,0.10014978051185608,macro
NOR_30Y,5,LORO_COVID,COVID,loro,pmi_eur,total_gain,0.0,macro
NOR_30Y,5,LORO_COVID,COVID,loro,unemp_eur,total_gain,0.09217271208763123,macro
NOR_30Y,5,LORO_COVID,COVID,loro,cpi_nsa_level,total_gain,0.0,macro
NOR_30Y,5,LORO_COVID,COVID,loro,pce_core_level,total_gain,0.0,macro
NOR_30Y,5,LORO_COVID,COVID,loro,eur_3m,total_gain,0.05986105650663376,macro
NOR_30Y,5,LORO_COVID,COVID,loro,eur_1w,total_gain,0.0,macro
NOR_30Y,5,LORO_COVID,COVID,loro,nor_ibor_1m,total_gain,0.11090454459190369,norway
NOR_30Y,5,LORO_COVID,COVID,loro,nor_ibor_6m,total_gain,0.0,norway
NOR_30Y,5,LORO_COVID,COVID,loro,nor_ecb_dfr_chg,total_gain,0.0,norway
NOR_30Y,5,LORO_COVID,COVID,loro,nor_ecb_dfr_level,total_gain,0.0,norway
NOR_30Y,5,LORO_COVID,COVID,loro,nor_eurnok_chg_1d,total_gain,0.23141896724700928,norway
NOR_30Y,5,LORO_COVID,COVID,loro,nor_eurnok_level,total_gain,0.0,norway
NOR_30Y,5,LORO_COVID,COVID,loro,nor_eurnok_mom_1m,total_gain,0.27855587005615234,norway
NOR_30Y,5,LORO_COVID,COVID,loro,nor_eurnok_mom_3m,total_gain,0.04058906435966492,norway
NOR_30Y,5,LORO_COVID,COVID,loro,nor_eurnok_rvol_20d,total_gain,0.22708739340305328,norway
NOR_30Y,5,LORO_COVID,COVID,loro,nor_govt_10y,total_gain,0.20035696029663086,norway
NOR_30Y,5,LORO_COVID,COVID,loro,nor_govt_3y,total_gain,0.0,norway
NOR_30Y,5,LORO_COVID,COVID,loro,nor_govt_5y,total_gain,0.0,norway
NOR_30Y,5,LORO_COVID,COVID,loro,nor_i44_chg_1d,total_gain,0.0,norway
NOR_30Y,5,LORO_COVID,COVID,loro,nor_i44_level,total_gain,0.008924044668674469,norway
NOR_30Y,5,LORO_COVID,COVID,loro,nor_i44_mom_1m,total_gain,0.21368926763534546,norway
NOR_30Y,5,LORO_COVID,COVID,loro,nor_i44_mom_3m,total_gain,0.332668274641037,norway
NOR_30Y,5,LORO_COVID,COVID,loro,nor_i44_rvol_20d,total_gain,0.0,norway
NOR_30Y,5,LORO_COVID,COVID,loro,nor_kpi_yoy,total_gain,0.2734040319919586,norway
NOR_30Y,5,LORO_COVID,COVID,loro,nor_kpijae_yoy,total_gain,0.0454014390707016,norway
NOR_30Y,5,LORO_COVID,COVID,loro,nor_nibor_nowa_spread,total_gain,0.0,norway
NOR_30Y,5,LORO_COVID,COVID,loro,nor_nowa_level,total_gain,0.0,norway
NOR_30Y,5,LORO_COVID,COVID,loro,nor_polrate_chg_1d,total_gain,0.0,norway
NOR_30Y,5,LORO_COVID,COVID,loro,nor_polrate_days_since_chg,total_gain,0.0,norway
NOR_30Y,5,LORO_COVID,COVID,loro,nor_polrate_level,total_gain,0.0,norway
NOR_30Y,5,LORO_COVID,COVID,loro,nor_rb_rate_chg,total_gain,0.0,norway
NOR_30Y,5,LORO_COVID,COVID,loro,nor_rb_rate_level,total_gain,0.0,norway
NOR_30Y,5,LORO_COVID,COVID,loro,nor_unemp,total_gain,0.054702699184417725,norway
NOR_30Y,5,LORO_COVID,COVID,loro,nor_usdnok_chg_1d,total_gain,0.10777297616004944,norway
NOR_30Y,5,LORO_COVID,COVID,loro,nor_usdnok_level,total_gain,0.17034479975700378,norway
NOR_30Y,5,LORO_COVID,COVID,loro,nor_usdnok_mom_1m,total_gain,0.0,norway
NOR_30Y,5,LORO_COVID,COVID,loro,nor_usdnok_mom_3m,total_gain,0.17376063764095306,norway
NOR_30Y,5,LORO_COVID,COVID,loro,nor_usdnok_rvol_20d,total_gain,0.0,norway
NOR_30Y,5,LORO_COVID,COVID,loro,swap_govt_spread,total_gain,0.0,norway
NOR_30Y,5,LORO_COVID,COVID,loro,xmpca_01,total_gain,0.20340833067893982,cross_market
NOR_30Y,5,LORO_COVID,COVID,loro,xmpca_02,total_gain,0.15742945671081543,cross_market
NOR_30Y,5,LORO_COVID,COVID,loro,xmpca_03,total_gain,0.0,cross_market
NOR_30Y,5,LORO_COVID,COVID,loro,xmpca_04,total_gain,0.12226860225200653,cross_market
NOR_30Y,5,LORO_COVID,COVID,loro,xmpca_05,total_gain,0.018339235335588455,cross_market
NOR_30Y,5,LORO_COVID,COVID,loro,xmpca_06,total_gain,0.06459823250770569,cross_market
NOR_30Y,5,LORO_COVID,COVID,loro,xmpca_07,total_gain,0.06809218972921371,cross_market
NOR_30Y,5,LORO_COVID,COVID,loro,xmpca_08,total_gain,0.04540620371699333,cross_market
NOR_30Y,5,LORO_COVID,COVID,loro,xmpca_09,total_gain,0.3729783296585083,cross_market
NOR_30Y,5,LORO_COVID,COVID,loro,xmpca_10,total_gain,0.008739590644836426,cross_market
NOR_30Y,5,LORO_COVID,COVID,loro,xmpca_11,total_gain,0.0,cross_market
NOR_30Y,5,LORO_COVID,COVID,loro,xmpca_12,total_gain,0.06085433065891266,cross_market
NOR_30Y,5,LORO_COVID,COVID,loro,chg_lag1,total_cover,140.0,momentum
NOR_30Y,5,LORO_COVID,COVID,loro,chg_lag2,total_cover,80.0,momentum
NOR_30Y,5,LORO_COVID,COVID,loro,chg_lag3,total_cover,67.0,momentum
NOR_30Y,5,LORO_COVID,COVID,loro,chg_lag4,total_cover,0.0,momentum
NOR_30Y,5,LORO_COVID,COVID,loro,chg_lag5,total_cover,3.0,momentum
NOR_30Y,5,LORO_COVID,COVID,loro,carry_roll,total_cover,5385.0,carry_roll
NOR_30Y,5,LORO_COVID,COVID,loro,mom_63d,total_cover,921.0,momentum
NOR_30Y,5,LORO_COVID,COVID,loro,mom_1m,total_cover,2167.0,momentum
NOR_30Y,5,LORO_COVID,COVID,loro,mom_3m,total_cover,129.0,momentum
NOR_30Y,5,LORO_COVID,COVID,loro,mom_6m,total_cover,4635.0,momentum
NOR_30Y,5,LORO_COVID,COVID,loro,mom_12m,total_cover,8.0,momentum
NOR_30Y,5,LORO_COVID,COVID,loro,dev_ma_3m,total_cover,4103.0,curve
NOR_30Y,5,LORO_COVID,COVID,loro,dev_ma_12m,total_cover,2199.0,curve
NOR_30Y,5,LORO_COVID,COVID,loro,vol_20d,total_cover,1898.0,vol
NOR_30Y,5,LORO_COVID,COVID,loro,vol_regime,total_cover,0.0,vol
NOR_30Y,5,LORO_COVID,COVID,loro,vol_zscore,total_cover,7.0,vol
NOR_30Y,5,LORO_COVID,COVID,loro,level_zscore,total_cover,0.0,curve
NOR_30Y,5,LORO_COVID,COVID,loro,slope_10_1,total_cover,194.0,curve
NOR_30Y,5,LORO_COVID,COVID,loro,slope_10_5,total_cover,32.0,curve
NOR_30Y,5,LORO_COVID,COVID,loro,slope_5_1,total_cover,2209.0,curve
NOR_30Y,5,LORO_COVID,COVID,loro,sofr_mom_1m,total_cover,5639.0,macro
NOR_30Y,5,LORO_COVID,COVID,loro,ibor_level,total_cover,85.0,macro
NOR_30Y,5,LORO_COVID,COVID,loro,ibor_chg_1d,total_cover,2252.0,macro
NOR_30Y,5,LORO_COVID,COVID,loro,ibor_mom_1m,total_cover,12317.0,macro
NOR_30Y,5,LORO_COVID,COVID,loro,ibor_term_slope,total_cover,0.0,macro
NOR_30Y,5,LORO_COVID,COVID,loro,swap_ibor_basis,total_cover,2019.0,curve
NOR_30Y,5,LORO_COVID,COVID,loro,move_level,total_cover,122.0,vol
NOR_30Y,5,LORO_COVID,COVID,loro,move_zscore,total_cover,24.0,vol
NOR_30Y,5,LORO_COVID,COVID,loro,vix_level,total_cover,0.0,vol
NOR_30Y,5,LORO_COVID,COVID,loro,vix_zscore,total_cover,47.0,vol
NOR_30Y,5,LORO_COVID,COVID,loro,v2x_level,total_cover,4431.0,vol
NOR_30Y,5,LORO_COVID,COVID,loro,vxn_level,total_cover,0.0,vol
NOR_30Y,5,LORO_COVID,COVID,loro,ovx_level,total_cover,332.0,vol
NOR_30Y,5,LORO_COVID,COVID,loro,gvz_level,total_cover,162.0,vol
NOR_30Y,5,LORO_COVID,COVID,loro,spx_mom_1m,total_cover,85.0,macro
NOR_30Y,5,LORO_COVID,COVID,loro,spx_mom_3m,total_cover,2753.0,macro
NOR_30Y,5,LORO_COVID,COVID,loro,sx5e_mom_1m,total_cover,27.0,macro
NOR_30Y,5,LORO_COVID,COVID,loro,sx5e_mom_3m,total_cover,113.0,macro
NOR_30Y,5,LORO_COVID,COVID,loro,mxwo_mom_1m,total_cover,4102.0,macro
NOR_30Y,5,LORO_COVID,COVID,loro,ndx_mom_1m,total_cover,90.0,macro
NOR_30Y,5,LORO_COVID,COVID,loro,oil_mom_1m,total_cover,343.0,macro
NOR_30Y,5,LORO_COVID,COVID,loro,oil_mom_3m,total_cover,2233.0,macro
NOR_30Y,5,LORO_COVID,COVID,loro,copper_mom_1m,total_cover,0.0,macro
NOR_30Y,5,LORO_COVID,COVID,loro,opec_prod,total_cover,1185.0,macro
NOR_30Y,5,LORO_COVID,COVID,loro,natgas_mom_1m,total_cover,2237.0,macro
NOR_30Y,5,LORO_COVID,COVID,loro,be5y_level,total_cover,0.0,macro
NOR_30Y,5,LORO_COVID,COVID,loro,be10y_level,total_cover,0.0,macro
NOR_30Y,5,LORO_COVID,COVID,loro,be_slope,total_cover,0.0,macro
NOR_30Y,5,LORO_COVID,COVID,loro,be5y_chg_1m,total_cover,1481.0,macro
NOR_30Y,5,LORO_COVID,COVID,loro,ig_spread,total_cover,0.0,credit
NOR_30Y,5,LORO_COVID,COVID,loro,hy_spread,total_cover,0.0,credit
NOR_30Y,5,LORO_COVID,COVID,loro,ig_chg_1m,total_cover,0.0,credit
NOR_30Y,5,LORO_COVID,COVID,loro,hy_chg_1m,total_cover,0.0,credit
NOR_30Y,5,LORO_COVID,COVID,loro,cpi_yoy,total_cover,28.0,macro
NOR_30Y,5,LORO_COVID,COVID,loro,pce_core_chg,total_cover,4291.0,macro
NOR_30Y,5,LORO_COVID,COVID,loro,nfp_change,total_cover,9399.0,macro
NOR_30Y,5,LORO_COVID,COVID,loro,pmi_us,total_cover,277.0,macro
NOR_30Y,5,LORO_COVID,COVID,loro,pmi_eur,total_cover,0.0,macro
NOR_30Y,5,LORO_COVID,COVID,loro,unemp_eur,total_cover,2144.0,macro
NOR_30Y,5,LORO_COVID,COVID,loro,cpi_nsa_level,total_cover,0.0,macro
NOR_30Y,5,LORO_COVID,COVID,loro,pce_core_level,total_cover,0.0,macro
NOR_30Y,5,LORO_COVID,COVID,loro,eur_3m,total_cover,329.0,macro
NOR_30Y,5,LORO_COVID,COVID,loro,eur_1w,total_cover,0.0,macro
NOR_30Y,5,LORO_COVID,COVID,loro,nor_ibor_1m,total_cover,2140.0,norway
NOR_30Y,5,LORO_COVID,COVID,loro,nor_ibor_6m,total_cover,0.0,norway
NOR_30Y,5,LORO_COVID,COVID,loro,nor_ecb_dfr_chg,total_cover,0.0,norway
NOR_30Y,5,LORO_COVID,COVID,loro,nor_ecb_dfr_level,total_cover,0.0,norway
NOR_30Y,5,LORO_COVID,COVID,loro,nor_eurnok_chg_1d,total_cover,564.0,norway
NOR_30Y,5,LORO_COVID,COVID,loro,nor_eurnok_level,total_cover,0.0,norway
NOR_30Y,5,LORO_COVID,COVID,loro,nor_eurnok_mom_1m,total_cover,1998.0,norway
NOR_30Y,5,LORO_COVID,COVID,loro,nor_eurnok_mom_3m,total_cover,13.0,norway
NOR_30Y,5,LORO_COVID,COVID,loro,nor_eurnok_rvol_20d,total_cover,2001.0,norway
NOR_30Y,5,LORO_COVID,COVID,loro,nor_govt_10y,total_cover,342.0,norway
NOR_30Y,5,LORO_COVID,COVID,loro,nor_govt_3y,total_cover,0.0,norway
NOR_30Y,5,LORO_COVID,COVID,loro,nor_govt_5y,total_cover,0.0,norway
NOR_30Y,5,LORO_COVID,COVID,loro,nor_i44_chg_1d,total_cover,0.0,norway
NOR_30Y,5,LORO_COVID,COVID,loro,nor_i44_level,total_cover,19.0,norway
NOR_30Y,5,LORO_COVID,COVID,loro,nor_i44_mom_1m,total_cover,284.0,norway
NOR_30Y,5,LORO_COVID,COVID,loro,nor_i44_mom_3m,total_cover,6182.0,norway
NOR_30Y,5,LORO_COVID,COVID,loro,nor_i44_rvol_20d,total_cover,0.0,norway
NOR_30Y,5,LORO_COVID,COVID,loro,nor_kpi_yoy,total_cover,2671.0,norway
NOR_30Y,5,LORO_COVID,COVID,loro,nor_kpijae_yoy,total_cover,56.0,norway
NOR_30Y,5,LORO_COVID,COVID,loro,nor_nibor_nowa_spread,total_cover,0.0,norway
NOR_30Y,5,LORO_COVID,COVID,loro,nor_nowa_level,total_cover,0.0,norway
NOR_30Y,5,LORO_COVID,COVID,loro,nor_polrate_chg_1d,total_cover,0.0,norway
NOR_30Y,5,LORO_COVID,COVID,loro,nor_polrate_days_since_chg,total_cover,0.0,norway
NOR_30Y,5,LORO_COVID,COVID,loro,nor_polrate_level,total_cover,0.0,norway
NOR_30Y,5,LORO_COVID,COVID,loro,nor_rb_rate_chg,total_cover,0.0,norway
NOR_30Y,5,LORO_COVID,COVID,loro,nor_rb_rate_level,total_cover,0.0,norway
NOR_30Y,5,LORO_COVID,COVID,loro,nor_unemp,total_cover,1543.0,norway
NOR_30Y,5,LORO_COVID,COVID,loro,nor_usdnok_chg_1d,total_cover,24.0,norway
NOR_30Y,5,LORO_COVID,COVID,loro,nor_usdnok_level,total_cover,1437.0,norway
NOR_30Y,5,LORO_COVID,COVID,loro,nor_usdnok_mom_1m,total_cover,0.0,norway
NOR_30Y,5,LORO_COVID,COVID,loro,nor_usdnok_mom_3m,total_cover,3499.0,norway
NOR_30Y,5,LORO_COVID,COVID,loro,nor_usdnok_rvol_20d,total_cover,0.0,norway
NOR_30Y,5,LORO_COVID,COVID,loro,swap_govt_spread,total_cover,0.0,norway
NOR_30Y,5,LORO_COVID,COVID,loro,xmpca_01,total_cover,659.0,cross_market
NOR_30Y,5,LORO_COVID,COVID,loro,xmpca_02,total_cover,3055.0,cross_market
NOR_30Y,5,LORO_COVID,COVID,loro,xmpca_03,total_cover,0.0,cross_market
NOR_30Y,5,LORO_COVID,COVID,loro,xmpca_04,total_cover,16.0,cross_market
NOR_30Y,5,LORO_COVID,COVID,loro,xmpca_05,total_cover,5.0,cross_market
NOR_30Y,5,LORO_COVID,COVID,loro,xmpca_06,total_cover,33.0,cross_market
NOR_30Y,5,LORO_COVID,COVID,loro,xmpca_07,total_cover,2152.0,cross_market
NOR_30Y,5,LORO_COVID,COVID,loro,xmpca_08,total_cover,23.0,cross_market
NOR_30Y,5,LORO_COVID,COVID,loro,xmpca_09,total_cover,7717.0,cross_market
NOR_30Y,5,LORO_COVID,COVID,loro,xmpca_10,total_cover,18.0,cross_market
NOR_30Y,5,LORO_COVID,COVID,loro,xmpca_11,total_cover,0.0,cross_market
NOR_30Y,5,LORO_COVID,COVID,loro,xmpca_12,total_cover,23.0,cross_market
NOR_30Y,5,LORO_COVID,COVID,loro,chg_lag1,shap_mean_abs,0.00017146779282484204,momentum
NOR_30Y,5,LORO_COVID,COVID,loro,chg_lag2,shap_mean_abs,0.0003334674402140081,momentum
NOR_30Y,5,LORO_COVID,COVID,loro,chg_lag3,shap_mean_abs,6.250899605220184e-05,momentum
NOR_30Y,5,LORO_COVID,COVID,loro,chg_lag4,shap_mean_abs,0.0,momentum
NOR_30Y,5,LORO_COVID,COVID,loro,chg_lag5,shap_mean_abs,2.495816488590208e-06,momentum
NOR_30Y,5,LORO_COVID,COVID,loro,carry_roll,shap_mean_abs,0.0001902810181491077,carry_roll
NOR_30Y,5,LORO_COVID,COVID,loro,mom_63d,shap_mean_abs,0.00045063873403705657,momentum
NOR_30Y,5,LORO_COVID,COVID,loro,mom_1m,shap_mean_abs,0.0006579902255907655,momentum
NOR_30Y,5,LORO_COVID,COVID,loro,mom_3m,shap_mean_abs,0.00027058360865339637,momentum
NOR_30Y,5,LORO_COVID,COVID,loro,mom_6m,shap_mean_abs,0.0014427200658246875,momentum
NOR_30Y,5,LORO_COVID,COVID,loro,mom_12m,shap_mean_abs,0.00014552351785823703,momentum
NOR_30Y,5,LORO_COVID,COVID,loro,dev_ma_3m,shap_mean_abs,0.0007163688424043357,curve
NOR_30Y,5,LORO_COVID,COVID,loro,dev_ma_12m,shap_mean_abs,0.0002455166250001639,curve
NOR_30Y,5,LORO_COVID,COVID,loro,vol_20d,shap_mean_abs,0.0007224054425023496,vol
NOR_30Y,5,LORO_COVID,COVID,loro,vol_regime,shap_mean_abs,0.0,vol
NOR_30Y,5,LORO_COVID,COVID,loro,vol_zscore,shap_mean_abs,1.5156327208387665e-05,vol
NOR_30Y,5,LORO_COVID,COVID,loro,level_zscore,shap_mean_abs,0.0,curve
NOR_30Y,5,LORO_COVID,COVID,loro,slope_10_1,shap_mean_abs,0.001537966076284647,curve
NOR_30Y,5,LORO_COVID,COVID,loro,slope_10_5,shap_mean_abs,3.822699363809079e-05,curve
NOR_30Y,5,LORO_COVID,COVID,loro,slope_5_1,shap_mean_abs,0.0001667892065597698,curve
NOR_30Y,5,LORO_COVID,COVID,loro,sofr_mom_1m,shap_mean_abs,0.0009609605767764151,macro
NOR_30Y,5,LORO_COVID,COVID,loro,ibor_level,shap_mean_abs,5.996502659399994e-05,macro
NOR_30Y,5,LORO_COVID,COVID,loro,ibor_chg_1d,shap_mean_abs,8.934499055612832e-05,macro
NOR_30Y,5,LORO_COVID,COVID,loro,ibor_mom_1m,shap_mean_abs,0.0005215705605223775,macro
NOR_30Y,5,LORO_COVID,COVID,loro,ibor_term_slope,shap_mean_abs,0.0,macro
NOR_30Y,5,LORO_COVID,COVID,loro,swap_ibor_basis,shap_mean_abs,7.099306822055951e-05,curve
NOR_30Y,5,LORO_COVID,COVID,loro,move_level,shap_mean_abs,0.0001396702282363549,vol
NOR_30Y,5,LORO_COVID,COVID,loro,move_zscore,shap_mean_abs,1.8040978829958476e-05,vol
NOR_30Y,5,LORO_COVID,COVID,loro,vix_level,shap_mean_abs,0.0,vol
NOR_30Y,5,LORO_COVID,COVID,loro,vix_zscore,shap_mean_abs,0.0002609246876090765,vol
NOR_30Y,5,LORO_COVID,COVID,loro,v2x_level,shap_mean_abs,0.00046121954801492393,vol
NOR_30Y,5,LORO_COVID,COVID,loro,vxn_level,shap_mean_abs,0.0,vol
NOR_30Y,5,LORO_COVID,COVID,loro,ovx_level,shap_mean_abs,0.0002183323522331193,vol
NOR_30Y,5,LORO_COVID,COVID,loro,gvz_level,shap_mean_abs,0.00028311775531619787,vol
NOR_30Y,5,LORO_COVID,COVID,loro,spx_mom_1m,shap_mean_abs,0.00014683745393995196,macro
NOR_30Y,5,LORO_COVID,COVID,loro,spx_mom_3m,shap_mean_abs,0.00010987255518557504,macro
NOR_30Y,5,LORO_COVID,COVID,loro,sx5e_mom_1m,shap_mean_abs,0.00011842005187645555,macro
NOR_30Y,5,LORO_COVID,COVID,loro,sx5e_mom_3m,shap_mean_abs,0.0002574968384578824,macro
NOR_30Y,5,LORO_COVID,COVID,loro,mxwo_mom_1m,shap_mean_abs,0.0003028017526958138,macro
NOR_30Y,5,LORO_COVID,COVID,loro,ndx_mom_1m,shap_mean_abs,7.554491457995027e-05,macro
NOR_30Y,5,LORO_COVID,COVID,loro,oil_mom_1m,shap_mean_abs,0.00046762952115386724,macro
NOR_30Y,5,LORO_COVID,COVID,loro,oil_mom_3m,shap_mean_abs,0.0009527616784907877,macro
NOR_30Y,5,LORO_COVID,COVID,loro,copper_mom_1m,shap_mean_abs,0.0,macro
NOR_30Y,5,LORO_COVID,COVID,loro,opec_prod,shap_mean_abs,0.0001808140950743109,macro
NOR_30Y,5,LORO_COVID,COVID,loro,natgas_mom_1m,shap_mean_abs,0.0008823969983495772,macro
NOR_30Y,5,LORO_COVID,COVID,loro,be5y_level,shap_mean_abs,0.0,macro
NOR_30Y,5,LORO_COVID,COVID,loro,be10y_level,shap_mean_abs,0.0,macro
NOR_30Y,5,LORO_COVID,COVID,loro,be_slope,shap_mean_abs,0.0,macro
NOR_30Y,5,LORO_COVID,COVID,loro,be5y_chg_1m,shap_mean_abs,1.8877297407016158e-05,macro
NOR_30Y,5,LORO_COVID,COVID,loro,ig_spread,shap_mean_abs,0.0,credit
NOR_30Y,5,LORO_COVID,COVID,loro,hy_spread,shap_mean_abs,0.0,credit
NOR_30Y,5,LORO_COVID,COVID,loro,ig_chg_1m,shap_mean_abs,0.0,credit
NOR_30Y,5,LORO_COVID,COVID,loro,hy_chg_1m,shap_mean_abs,0.0,credit
NOR_30Y,5,LORO_COVID,COVID,loro,cpi_yoy,shap_mean_abs,1.794370291463565e-05,macro
NOR_30Y,5,LORO_COVID,COVID,loro,pce_core_chg,shap_mean_abs,0.0012707667192444205,macro
NOR_30Y,5,LORO_COVID,COVID,loro,nfp_change,shap_mean_abs,0.008340382017195225,macro
NOR_30Y,5,LORO_COVID,COVID,loro,pmi_us,shap_mean_abs,0.000386544648790732,macro
NOR_30Y,5,LORO_COVID,COVID,loro,pmi_eur,shap_mean_abs,0.0,macro
NOR_30Y,5,LORO_COVID,COVID,loro,unemp_eur,shap_mean_abs,0.0010486907558515668,macro
NOR_30Y,5,LORO_COVID,COVID,loro,cpi_nsa_level,shap_mean_abs,0.0,macro
NOR_30Y,5,LORO_COVID,COVID,loro,pce_core_level,shap_mean_abs,0.0,macro
NOR_30Y,5,LORO_COVID,COVID,loro,eur_3m,shap_mean_abs,5.093590516480617e-05,macro
NOR_30Y,5,LORO_COVID,COVID,loro,eur_1w,shap_mean_abs,0.0,macro
NOR_30Y,5,LORO_COVID,COVID,loro,nor_ibor_1m,shap_mean_abs,4.452017674339004e-05,norway
NOR_30Y,5,LORO_COVID,COVID,loro,nor_ibor_6m,shap_mean_abs,0.0,norway
NOR_30Y,5,LORO_COVID,COVID,loro,nor_ecb_dfr_chg,shap_mean_abs,0.0,norway
NOR_30Y,5,LORO_COVID,COVID,loro,nor_ecb_dfr_level,shap_mean_abs,0.0,norway
NOR_30Y,5,LORO_COVID,COVID,loro,nor_eurnok_chg_1d,shap_mean_abs,0.0009947152575477958,norway
NOR_30Y,5,LORO_COVID,COVID,loro,nor_eurnok_level,shap_mean_abs,0.0,norway
NOR_30Y,5,LORO_COVID,COVID,loro,nor_eurnok_mom_1m,shap_mean_abs,0.0005823501269333065,norway
NOR_30Y,5,LORO_COVID,COVID,loro,nor_eurnok_mom_3m,shap_mean_abs,4.031606295029633e-05,norway
NOR_30Y,5,LORO_COVID,COVID,loro,nor_eurnok_rvol_20d,shap_mean_abs,0.00018657016335055232,norway
NOR_30Y,5,LORO_COVID,COVID,loro,nor_govt_10y,shap_mean_abs,0.00022324948804453015,norway
NOR_30Y,5,LORO_COVID,COVID,loro,nor_govt_3y,shap_mean_abs,0.0,norway
NOR_30Y,5,LORO_COVID,COVID,loro,nor_govt_5y,shap_mean_abs,0.0,norway
NOR_30Y,5,LORO_COVID,COVID,loro,nor_i44_chg_1d,shap_mean_abs,0.0,norway
NOR_30Y,5,LORO_COVID,COVID,loro,nor_i44_level,shap_mean_abs,0.0002797795459628105,norway
NOR_30Y,5,LORO_COVID,COVID,loro,nor_i44_mom_1m,shap_mean_abs,0.00014918058877810836,norway
NOR_30Y,5,LORO_COVID,COVID,loro,nor_i44_mom_3m,shap_mean_abs,0.0005710117984563112,norway
NOR_30Y,5,LORO_COVID,COVID,loro,nor_i44_rvol_20d,shap_mean_abs,0.0,norway
NOR_30Y,5,LORO_COVID,COVID,loro,nor_kpi_yoy,shap_mean_abs,0.00014641604502685368,norway
NOR_30Y,5,LORO_COVID,COVID,loro,nor_kpijae_yoy,shap_mean_abs,9.010124631458893e-05,norway
NOR_30Y,5,LORO_COVID,COVID,loro,nor_nibor_nowa_spread,shap_mean_abs,0.0,norway
NOR_30Y,5,LORO_COVID,COVID,loro,nor_nowa_level,shap_mean_abs,0.0,norway
NOR_30Y,5,LORO_COVID,COVID,loro,nor_polrate_chg_1d,shap_mean_abs,0.0,norway
NOR_30Y,5,LORO_COVID,COVID,loro,nor_polrate_days_since_chg,shap_mean_abs,0.0,norway
NOR_30Y,5,LORO_COVID,COVID,loro,nor_polrate_level,shap_mean_abs,0.0,norway
NOR_30Y,5,LORO_COVID,COVID,loro,nor_rb_rate_chg,shap_mean_abs,0.0,norway
NOR_30Y,5,LORO_COVID,COVID,loro,nor_rb_rate_level,shap_mean_abs,0.0,norway
NOR_30Y,5,LORO_COVID,COVID,loro,nor_unemp,shap_mean_abs,0.0002816140477079898,norway
NOR_30Y,5,LORO_COVID,COVID,loro,nor_usdnok_chg_1d,shap_mean_abs,4.720948345493525e-05,norway
NOR_30Y,5,LORO_COVID,COVID,loro,nor_usdnok_level,shap_mean_abs,0.00021741981618106365,norway
NOR_30Y,5,LORO_COVID,COVID,loro,nor_usdnok_mom_1m,shap_mean_abs,0.0,norway
NOR_30Y,5,LORO_COVID,COVID,loro,nor_usdnok_mom_3m,shap_mean_abs,0.0006804513977840543,norway
NOR_30Y,5,LORO_COVID,COVID,loro,nor_usdnok_rvol_20d,shap_mean_abs,0.0,norway
NOR_30Y,5,LORO_COVID,COVID,loro,swap_govt_spread,shap_mean_abs,0.0,norway
NOR_30Y,5,LORO_COVID,COVID,loro,xmpca_01,shap_mean_abs,0.0005981147987768054,cross_market
NOR_30Y,5,LORO_COVID,COVID,loro,xmpca_02,shap_mean_abs,0.0003419264394324273,cross_market
NOR_30Y,5,LORO_COVID,COVID,loro,xmpca_03,shap_mean_abs,0.0,cross_market
NOR_30Y,5,LORO_COVID,COVID,loro,xmpca_04,shap_mean_abs,8.430550224147737e-05,cross_market
NOR_30Y,5,LORO_COVID,COVID,loro,xmpca_05,shap_mean_abs,1.610763865755871e-05,cross_market
NOR_30Y,5,LORO_COVID,COVID,loro,xmpca_06,shap_mean_abs,0.0007595632341690361,cross_market
NOR_30Y,5,LORO_COVID,COVID,loro,xmpca_07,shap_mean_abs,0.00018903118325397372,cross_market
NOR_30Y,5,LORO_COVID,COVID,loro,xmpca_08,shap_mean_abs,0.00032699352595955133,cross_market
NOR_30Y,5,LORO_COVID,COVID,loro,xmpca_09,shap_mean_abs,0.00043724029092118144,cross_market
NOR_30Y,5,LORO_COVID,COVID,loro,xmpca_10,shap_mean_abs,0.0005978127592243254,cross_market
NOR_30Y,5,LORO_COVID,COVID,loro,xmpca_11,shap_mean_abs,0.0,cross_market
NOR_30Y,5,LORO_COVID,COVID,loro,xmpca_12,shap_mean_abs,0.00011248824739595875,cross_market
NOR_30Y,5,LORO_Hiking,Hiking,loro,chg_lag1,gain,0.009795719757676125,momentum
NOR_30Y,5,LORO_Hiking,Hiking,loro,chg_lag2,gain,0.008785826154053211,momentum
NOR_30Y,5,LORO_Hiking,Hiking,loro,chg_lag3,gain,0.0016640126705169678,momentum
NOR_30Y,5,LORO_Hiking,Hiking,loro,chg_lag4,gain,0.0,momentum
NOR_30Y,5,LORO_Hiking,Hiking,loro,chg_lag5,gain,0.02034713327884674,momentum
NOR_30Y,5,LORO_Hiking,Hiking,loro,carry_roll,gain,0.07098817080259323,carry_roll
NOR_30Y,5,LORO_Hiking,Hiking,loro,mom_63d,gain,0.02392762154340744,momentum
NOR_30Y,5,LORO_Hiking,Hiking,loro,mom_1m,gain,0.05656266212463379,momentum
NOR_30Y,5,LORO_Hiking,Hiking,loro,mom_3m,gain,0.0,momentum
NOR_30Y,5,LORO_Hiking,Hiking,loro,mom_6m,gain,0.07670967280864716,momentum
NOR_30Y,5,LORO_Hiking,Hiking,loro,mom_12m,gain,0.08463047444820404,momentum
NOR_30Y,5,LORO_Hiking,Hiking,loro,dev_ma_3m,gain,0.09239411354064941,curve
NOR_30Y,5,LORO_Hiking,Hiking,loro,dev_ma_12m,gain,0.18925423920154572,curve
NOR_30Y,5,LORO_Hiking,Hiking,loro,vol_20d,gain,0.04943908005952835,vol
NOR_30Y,5,LORO_Hiking,Hiking,loro,vol_regime,gain,0.0,vol
NOR_30Y,5,LORO_Hiking,Hiking,loro,vol_zscore,gain,0.03145955502986908,vol
NOR_30Y,5,LORO_Hiking,Hiking,loro,level_zscore,gain,0.05839992314577103,curve
NOR_30Y,5,LORO_Hiking,Hiking,loro,slope_10_1,gain,0.0,curve
NOR_30Y,5,LORO_Hiking,Hiking,loro,slope_10_5,gain,0.0456819050014019,curve
NOR_30Y,5,LORO_Hiking,Hiking,loro,slope_5_1,gain,0.0,curve
NOR_30Y,5,LORO_Hiking,Hiking,loro,sofr_mom_1m,gain,0.061743076890707016,macro
NOR_30Y,5,LORO_Hiking,Hiking,loro,ibor_level,gain,0.0,macro
NOR_30Y,5,LORO_Hiking,Hiking,loro,ibor_chg_1d,gain,0.10101958364248276,macro
NOR_30Y,5,LORO_Hiking,Hiking,loro,ibor_mom_1m,gain,0.08486704528331757,macro
NOR_30Y,5,LORO_Hiking,Hiking,loro,ibor_term_slope,gain,0.06771436333656311,macro
NOR_30Y,5,LORO_Hiking,Hiking,loro,swap_ibor_basis,gain,0.05104541778564453,curve
NOR_30Y,5,LORO_Hiking,Hiking,loro,move_level,gain,0.08821257948875427,vol
NOR_30Y,5,LORO_Hiking,Hiking,loro,move_zscore,gain,0.0,vol
NOR_30Y,5,LORO_Hiking,Hiking,loro,vix_level,gain,0.0,vol
NOR_30Y,5,LORO_Hiking,Hiking,loro,vix_zscore,gain,0.0,vol
NOR_30Y,5,LORO_Hiking,Hiking,loro,v2x_level,gain,0.059770505875349045,vol
NOR_30Y,5,LORO_Hiking,Hiking,loro,vxn_level,gain,0.1109989583492279,vol
NOR_30Y,5,LORO_Hiking,Hiking,loro,ovx_level,gain,0.058293502777814865,vol
NOR_30Y,5,LORO_Hiking,Hiking,loro,gvz_level,gain,0.059045836329460144,vol
NOR_30Y,5,LORO_Hiking,Hiking,loro,spx_mom_1m,gain,0.06436604261398315,macro
NOR_30Y,5,LORO_Hiking,Hiking,loro,spx_mom_3m,gain,0.11848004162311554,macro
NOR_30Y,5,LORO_Hiking,Hiking,loro,sx5e_mom_1m,gain,0.04082473739981651,macro
NOR_30Y,5,LORO_Hiking,Hiking,loro,sx5e_mom_3m,gain,0.0,macro
NOR_30Y,5,LORO_Hiking,Hiking,loro,mxwo_mom_1m,gain,0.07640426605939865,macro
NOR_30Y,5,LORO_Hiking,Hiking,loro,ndx_mom_1m,gain,0.10729781538248062,macro
NOR_30Y,5,LORO_Hiking,Hiking,loro,oil_mom_1m,gain,0.09755703061819077,macro
NOR_30Y,5,LORO_Hiking,Hiking,loro,oil_mom_3m,gain,0.0849098488688469,macro
NOR_30Y,5,LORO_Hiking,Hiking,loro,copper_mom_1m,gain,0.057064931839704514,macro
NOR_30Y,5,LORO_Hiking,Hiking,loro,opec_prod,gain,0.06908257305622101,macro
NOR_30Y,5,LORO_Hiking,Hiking,loro,natgas_mom_1m,gain,0.0,macro
NOR_30Y,5,LORO_Hiking,Hiking,loro,be5y_level,gain,0.029641475528478622,macro
NOR_30Y,5,LORO_Hiking,Hiking,loro,be10y_level,gain,0.0,macro
NOR_30Y,5,LORO_Hiking,Hiking,loro,be_slope,gain,0.0,macro
NOR_30Y,5,LORO_Hiking,Hiking,loro,be5y_chg_1m,gain,0.0,macro
NOR_30Y,5,LORO_Hiking,Hiking,loro,ig_spread,gain,0.0,credit
NOR_30Y,5,LORO_Hiking,Hiking,loro,hy_spread,gain,0.0,credit
NOR_30Y,5,LORO_Hiking,Hiking,loro,ig_chg_1m,gain,0.0,credit
NOR_30Y,5,LORO_Hiking,Hiking,loro,hy_chg_1m,gain,0.0,credit
NOR_30Y,5,LORO_Hiking,Hiking,loro,cpi_yoy,gain,0.05910233035683632,macro
NOR_30Y,5,LORO_Hiking,Hiking,loro,pce_core_chg,gain,0.0,macro
NOR_30Y,5,LORO_Hiking,Hiking,loro,nfp_change,gain,0.0,macro
NOR_30Y,5,LORO_Hiking,Hiking,loro,pmi_us,gain,0.07831324636936188,macro
NOR_30Y,5,LORO_Hiking,Hiking,loro,pmi_eur,gain,0.0,macro
NOR_30Y,5,LORO_Hiking,Hiking,loro,unemp_eur,gain,0.0588657408952713,macro
NOR_30Y,5,LORO_Hiking,Hiking,loro,cpi_nsa_level,gain,0.0,macro
NOR_30Y,5,LORO_Hiking,Hiking,loro,pce_core_level,gain,0.0,macro
NOR_30Y,5,LORO_Hiking,Hiking,loro,eur_3m,gain,0.06689271330833435,macro
NOR_30Y,5,LORO_Hiking,Hiking,loro,eur_1w,gain,0.0,macro
NOR_30Y,5,LORO_Hiking,Hiking,loro,nor_ibor_1m,gain,0.0,norway
NOR_30Y,5,LORO_Hiking,Hiking,loro,nor_ibor_6m,gain,0.02999420464038849,norway
NOR_30Y,5,LORO_Hiking,Hiking,loro,nor_ecb_dfr_chg,gain,0.0,norway
NOR_30Y,5,LORO_Hiking,Hiking,loro,nor_ecb_dfr_level,gain,0.0,norway
NOR_30Y,5,LORO_Hiking,Hiking,loro,nor_eurnok_chg_1d,gain,0.0,norway
NOR_30Y,5,LORO_Hiking,Hiking,loro,nor_eurnok_level,gain,0.057500019669532776,norway
NOR_30Y,5,LORO_Hiking,Hiking,loro,nor_eurnok_mom_1m,gain,0.0,norway
NOR_30Y,5,LORO_Hiking,Hiking,loro,nor_eurnok_mom_3m,gain,0.060816626995801926,norway
NOR_30Y,5,LORO_Hiking,Hiking,loro,nor_eurnok_rvol_20d,gain,0.0,norway
NOR_30Y,5,LORO_Hiking,Hiking,loro,nor_govt_10y,gain,0.0,norway
NOR_30Y,5,LORO_Hiking,Hiking,loro,nor_govt_3y,gain,0.0,norway
NOR_30Y,5,LORO_Hiking,Hiking,loro,nor_govt_5y,gain,0.0,norway
NOR_30Y,5,LORO_Hiking,Hiking,loro,nor_i44_chg_1d,gain,0.0,norway
NOR_30Y,5,LORO_Hiking,Hiking,loro,nor_i44_level,gain,0.10250510275363922,norway
NOR_30Y,5,LORO_Hiking,Hiking,loro,nor_i44_mom_1m,gain,0.04194817692041397,norway
NOR_30Y,5,LORO_Hiking,Hiking,loro,nor_i44_mom_3m,gain,0.06064879521727562,norway
NOR_30Y,5,LORO_Hiking,Hiking,loro,nor_i44_rvol_20d,gain,0.0,norway
NOR_30Y,5,LORO_Hiking,Hiking,loro,nor_kpi_yoy,gain,0.1799890100955963,norway
NOR_30Y,5,LORO_Hiking,Hiking,loro,nor_kpijae_yoy,gain,0.0,norway
NOR_30Y,5,LORO_Hiking,Hiking,loro,nor_nibor_nowa_spread,gain,0.0,norway
NOR_30Y,5,LORO_Hiking,Hiking,loro,nor_nowa_level,gain,0.0,norway
NOR_30Y,5,LORO_Hiking,Hiking,loro,nor_polrate_chg_1d,gain,0.0,norway
NOR_30Y,5,LORO_Hiking,Hiking,loro,nor_polrate_days_since_chg,gain,0.0,norway
NOR_30Y,5,LORO_Hiking,Hiking,loro,nor_polrate_level,gain,0.0,norway
NOR_30Y,5,LORO_Hiking,Hiking,loro,nor_rb_rate_chg,gain,0.0,norway
NOR_30Y,5,LORO_Hiking,Hiking,loro,nor_rb_rate_level,gain,0.0,norway
NOR_30Y,5,LORO_Hiking,Hiking,loro,nor_unemp,gain,0.0,norway
NOR_30Y,5,LORO_Hiking,Hiking,loro,nor_usdnok_chg_1d,gain,0.0,norway
NOR_30Y,5,LORO_Hiking,Hiking,loro,nor_usdnok_level,gain,0.0705394521355629,norway
NOR_30Y,5,LORO_Hiking,Hiking,loro,nor_usdnok_mom_1m,gain,0.0,norway
NOR_30Y,5,LORO_Hiking,Hiking,loro,nor_usdnok_mom_3m,gain,0.1074904054403305,norway
NOR_30Y,5,LORO_Hiking,Hiking,loro,nor_usdnok_rvol_20d,gain,0.0,norway
NOR_30Y,5,LORO_Hiking,Hiking,loro,swap_govt_spread,gain,0.0,norway
NOR_30Y,5,LORO_Hiking,Hiking,loro,xmpca_01,gain,0.0625336617231369,cross_market
NOR_30Y,5,LORO_Hiking,Hiking,loro,xmpca_02,gain,0.10706603527069092,cross_market
NOR_30Y,5,LORO_Hiking,Hiking,loro,xmpca_03,gain,0.04047612100839615,cross_market
NOR_30Y,5,LORO_Hiking,Hiking,loro,xmpca_04,gain,0.07443349063396454,cross_market
NOR_30Y,5,LORO_Hiking,Hiking,loro,xmpca_05,gain,0.0,cross_market
NOR_30Y,5,LORO_Hiking,Hiking,loro,xmpca_06,gain,0.050137363374233246,cross_market
NOR_30Y,5,LORO_Hiking,Hiking,loro,xmpca_07,gain,0.0,cross_market
NOR_30Y,5,LORO_Hiking,Hiking,loro,xmpca_08,gain,0.053608279675245285,cross_market
NOR_30Y,5,LORO_Hiking,Hiking,loro,xmpca_09,gain,0.0,cross_market
NOR_30Y,5,LORO_Hiking,Hiking,loro,xmpca_10,gain,0.06839350610971451,cross_market
NOR_30Y,5,LORO_Hiking,Hiking,loro,xmpca_11,gain,0.042602356523275375,cross_market
NOR_30Y,5,LORO_Hiking,Hiking,loro,xmpca_12,gain,0.0,cross_market
NOR_30Y,5,LORO_Hiking,Hiking,loro,chg_lag1,weight,6.0,momentum
NOR_30Y,5,LORO_Hiking,Hiking,loro,chg_lag2,weight,3.0,momentum
NOR_30Y,5,LORO_Hiking,Hiking,loro,chg_lag3,weight,1.0,momentum
NOR_30Y,5,LORO_Hiking,Hiking,loro,chg_lag4,weight,0.0,momentum
NOR_30Y,5,LORO_Hiking,Hiking,loro,chg_lag5,weight,3.0,momentum
NOR_30Y,5,LORO_Hiking,Hiking,loro,carry_roll,weight,5.0,carry_roll
NOR_30Y,5,LORO_Hiking,Hiking,loro,mom_63d,weight,3.0,momentum
NOR_30Y,5,LORO_Hiking,Hiking,loro,mom_1m,weight,3.0,momentum
NOR_30Y,5,LORO_Hiking,Hiking,loro,mom_3m,weight,0.0,momentum
NOR_30Y,5,LORO_Hiking,Hiking,loro,mom_6m,weight,4.0,momentum
NOR_30Y,5,LORO_Hiking,Hiking,loro,mom_12m,weight,4.0,momentum
NOR_30Y,5,LORO_Hiking,Hiking,loro,dev_ma_3m,weight,5.0,curve
NOR_30Y,5,LORO_Hiking,Hiking,loro,dev_ma_12m,weight,1.0,curve
NOR_30Y,5,LORO_Hiking,Hiking,loro,vol_20d,weight,4.0,vol
NOR_30Y,5,LORO_Hiking,Hiking,loro,vol_regime,weight,0.0,vol
NOR_30Y,5,LORO_Hiking,Hiking,loro,vol_zscore,weight,1.0,vol
NOR_30Y,5,LORO_Hiking,Hiking,loro,level_zscore,weight,4.0,curve
NOR_30Y,5,LORO_Hiking,Hiking,loro,slope_10_1,weight,0.0,curve
NOR_30Y,5,LORO_Hiking,Hiking,loro,slope_10_5,weight,2.0,curve
NOR_30Y,5,LORO_Hiking,Hiking,loro,slope_5_1,weight,0.0,curve
NOR_30Y,5,LORO_Hiking,Hiking,loro,sofr_mom_1m,weight,7.0,macro
NOR_30Y,5,LORO_Hiking,Hiking,loro,ibor_level,weight,0.0,macro
NOR_30Y,5,LORO_Hiking,Hiking,loro,ibor_chg_1d,weight,5.0,macro
NOR_30Y,5,LORO_Hiking,Hiking,loro,ibor_mom_1m,weight,5.0,macro
NOR_30Y,5,LORO_Hiking,Hiking,loro,ibor_term_slope,weight,4.0,macro
NOR_30Y,5,LORO_Hiking,Hiking,loro,swap_ibor_basis,weight,1.0,curve
NOR_30Y,5,LORO_Hiking,Hiking,loro,move_level,weight,1.0,vol
NOR_30Y,5,LORO_Hiking,Hiking,loro,move_zscore,weight,0.0,vol
NOR_30Y,5,LORO_Hiking,Hiking,loro,vix_level,weight,0.0,vol
NOR_30Y,5,LORO_Hiking,Hiking,loro,vix_zscore,weight,0.0,vol
NOR_30Y,5,LORO_Hiking,Hiking,loro,v2x_level,weight,3.0,vol
NOR_30Y,5,LORO_Hiking,Hiking,loro,vxn_level,weight,1.0,vol
NOR_30Y,5,LORO_Hiking,Hiking,loro,ovx_level,weight,2.0,vol
NOR_30Y,5,LORO_Hiking,Hiking,loro,gvz_level,weight,2.0,vol
NOR_30Y,5,LORO_Hiking,Hiking,loro,spx_mom_1m,weight,4.0,macro
NOR_30Y,5,LORO_Hiking,Hiking,loro,spx_mom_3m,weight,1.0,macro
NOR_30Y,5,LORO_Hiking,Hiking,loro,sx5e_mom_1m,weight,2.0,macro
NOR_30Y,5,LORO_Hiking,Hiking,loro,sx5e_mom_3m,weight,0.0,macro
NOR_30Y,5,LORO_Hiking,Hiking,loro,mxwo_mom_1m,weight,2.0,macro
NOR_30Y,5,LORO_Hiking,Hiking,loro,ndx_mom_1m,weight,1.0,macro
NOR_30Y,5,LORO_Hiking,Hiking,loro,oil_mom_1m,weight,2.0,macro
NOR_30Y,5,LORO_Hiking,Hiking,loro,oil_mom_3m,weight,1.0,macro
NOR_30Y,5,LORO_Hiking,Hiking,loro,copper_mom_1m,weight,3.0,macro
NOR_30Y,5,LORO_Hiking,Hiking,loro,opec_prod,weight,1.0,macro
NOR_30Y,5,LORO_Hiking,Hiking,loro,natgas_mom_1m,weight,0.0,macro
NOR_30Y,5,LORO_Hiking,Hiking,loro,be5y_level,weight,2.0,macro
NOR_30Y,5,LORO_Hiking,Hiking,loro,be10y_level,weight,0.0,macro
NOR_30Y,5,LORO_Hiking,Hiking,loro,be_slope,weight,0.0,macro
NOR_30Y,5,LORO_Hiking,Hiking,loro,be5y_chg_1m,weight,0.0,macro
NOR_30Y,5,LORO_Hiking,Hiking,loro,ig_spread,weight,0.0,credit
NOR_30Y,5,LORO_Hiking,Hiking,loro,hy_spread,weight,0.0,credit
NOR_30Y,5,LORO_Hiking,Hiking,loro,ig_chg_1m,weight,0.0,credit
NOR_30Y,5,LORO_Hiking,Hiking,loro,hy_chg_1m,weight,0.0,credit
NOR_30Y,5,LORO_Hiking,Hiking,loro,cpi_yoy,weight,2.0,macro
NOR_30Y,5,LORO_Hiking,Hiking,loro,pce_core_chg,weight,0.0,macro
NOR_30Y,5,LORO_Hiking,Hiking,loro,nfp_change,weight,0.0,macro
NOR_30Y,5,LORO_Hiking,Hiking,loro,pmi_us,weight,1.0,macro
NOR_30Y,5,LORO_Hiking,Hiking,loro,pmi_eur,weight,0.0,macro
NOR_30Y,5,LORO_Hiking,Hiking,loro,unemp_eur,weight,1.0,macro
NOR_30Y,5,LORO_Hiking,Hiking,loro,cpi_nsa_level,weight,0.0,macro
NOR_30Y,5,LORO_Hiking,Hiking,loro,pce_core_level,weight,0.0,macro
NOR_30Y,5,LORO_Hiking,Hiking,loro,eur_3m,weight,1.0,macro
NOR_30Y,5,LORO_Hiking,Hiking,loro,eur_1w,weight,0.0,macro
NOR_30Y,5,LORO_Hiking,Hiking,loro,nor_ibor_1m,weight,0.0,norway
NOR_30Y,5,LORO_Hiking,Hiking,loro,nor_ibor_6m,weight,1.0,norway
NOR_30Y,5,LORO_Hiking,Hiking,loro,nor_ecb_dfr_chg,weight,0.0,norway
NOR_30Y,5,LORO_Hiking,Hiking,loro,nor_ecb_dfr_level,weight,0.0,norway
NOR_30Y,5,LORO_Hiking,Hiking,loro,nor_eurnok_chg_1d,weight,0.0,norway
NOR_30Y,5,LORO_Hiking,Hiking,loro,nor_eurnok_level,weight,2.0,norway
NOR_30Y,5,LORO_Hiking,Hiking,loro,nor_eurnok_mom_1m,weight,0.0,norway
NOR_30Y,5,LORO_Hiking,Hiking,loro,nor_eurnok_mom_3m,weight,3.0,norway
NOR_30Y,5,LORO_Hiking,Hiking,loro,nor_eurnok_rvol_20d,weight,0.0,norway
NOR_30Y,5,LORO_Hiking,Hiking,loro,nor_govt_10y,weight,0.0,norway
NOR_30Y,5,LORO_Hiking,Hiking,loro,nor_govt_3y,weight,0.0,norway
NOR_30Y,5,LORO_Hiking,Hiking,loro,nor_govt_5y,weight,0.0,norway
NOR_30Y,5,LORO_Hiking,Hiking,loro,nor_i44_chg_1d,weight,0.0,norway
NOR_30Y,5,LORO_Hiking,Hiking,loro,nor_i44_level,weight,1.0,norway
NOR_30Y,5,LORO_Hiking,Hiking,loro,nor_i44_mom_1m,weight,1.0,norway
NOR_30Y,5,LORO_Hiking,Hiking,loro,nor_i44_mom_3m,weight,3.0,norway
NOR_30Y,5,LORO_Hiking,Hiking,loro,nor_i44_rvol_20d,weight,0.0,norway
NOR_30Y,5,LORO_Hiking,Hiking,loro,nor_kpi_yoy,weight,1.0,norway
NOR_30Y,5,LORO_Hiking,Hiking,loro,nor_kpijae_yoy,weight,0.0,norway
NOR_30Y,5,LORO_Hiking,Hiking,loro,nor_nibor_nowa_spread,weight,0.0,norway
NOR_30Y,5,LORO_Hiking,Hiking,loro,nor_nowa_level,weight,0.0,norway
NOR_30Y,5,LORO_Hiking,Hiking,loro,nor_polrate_chg_1d,weight,0.0,norway
NOR_30Y,5,LORO_Hiking,Hiking,loro,nor_polrate_days_since_chg,weight,0.0,norway
NOR_30Y,5,LORO_Hiking,Hiking,loro,nor_polrate_level,weight,0.0,norway
NOR_30Y,5,LORO_Hiking,Hiking,loro,nor_rb_rate_chg,weight,0.0,norway
NOR_30Y,5,LORO_Hiking,Hiking,loro,nor_rb_rate_level,weight,0.0,norway
NOR_30Y,5,LORO_Hiking,Hiking,loro,nor_unemp,weight,0.0,norway
NOR_30Y,5,LORO_Hiking,Hiking,loro,nor_usdnok_chg_1d,weight,0.0,norway
NOR_30Y,5,LORO_Hiking,Hiking,loro,nor_usdnok_level,weight,1.0,norway
NOR_30Y,5,LORO_Hiking,Hiking,loro,nor_usdnok_mom_1m,weight,0.0,norway
NOR_30Y,5,LORO_Hiking,Hiking,loro,nor_usdnok_mom_3m,weight,4.0,norway
NOR_30Y,5,LORO_Hiking,Hiking,loro,nor_usdnok_rvol_20d,weight,0.0,norway
NOR_30Y,5,LORO_Hiking,Hiking,loro,swap_govt_spread,weight,0.0,norway
NOR_30Y,5,LORO_Hiking,Hiking,loro,xmpca_01,weight,1.0,cross_market
NOR_30Y,5,LORO_Hiking,Hiking,loro,xmpca_02,weight,2.0,cross_market
NOR_30Y,5,LORO_Hiking,Hiking,loro,xmpca_03,weight,1.0,cross_market
NOR_30Y,5,LORO_Hiking,Hiking,loro,xmpca_04,weight,1.0,cross_market
NOR_30Y,5,LORO_Hiking,Hiking,loro,xmpca_05,weight,0.0,cross_market
NOR_30Y,5,LORO_Hiking,Hiking,loro,xmpca_06,weight,1.0,cross_market
NOR_30Y,5,LORO_Hiking,Hiking,loro,xmpca_07,weight,0.0,cross_market
NOR_30Y,5,LORO_Hiking,Hiking,loro,xmpca_08,weight,3.0,cross_market
NOR_30Y,5,LORO_Hiking,Hiking,loro,xmpca_09,weight,0.0,cross_market
NOR_30Y,5,LORO_Hiking,Hiking,loro,xmpca_10,weight,1.0,cross_market
NOR_30Y,5,LORO_Hiking,Hiking,loro,xmpca_11,weight,1.0,cross_market
NOR_30Y,5,LORO_Hiking,Hiking,loro,xmpca_12,weight,0.0,cross_market
NOR_30Y,5,LORO_Hiking,Hiking,loro,chg_lag1,cover,4.5,momentum
NOR_30Y,5,LORO_Hiking,Hiking,loro,chg_lag2,cover,6.0,momentum
NOR_30Y,5,LORO_Hiking,Hiking,loro,chg_lag3,cover,9.0,momentum
NOR_30Y,5,LORO_Hiking,Hiking,loro,chg_lag4,cover,0.0,momentum
NOR_30Y,5,LORO_Hiking,Hiking,loro,chg_lag5,cover,11.0,momentum
NOR_30Y,5,LORO_Hiking,Hiking,loro,carry_roll,cover,1729.5999755859375,carry_roll
NOR_30Y,5,LORO_Hiking,Hiking,loro,mom_63d,cover,306.0,momentum
NOR_30Y,5,LORO_Hiking,Hiking,loro,mom_1m,cover,934.3333129882812,momentum
NOR_30Y,5,LORO_Hiking,Hiking,loro,mom_3m,cover,0.0,momentum
NOR_30Y,5,LORO_Hiking,Hiking,loro,mom_6m,cover,1333.25,momentum
NOR_30Y,5,LORO_Hiking,Hiking,loro,mom_12m,cover,969.75,momentum
NOR_30Y,5,LORO_Hiking,Hiking,loro,dev_ma_3m,cover,902.4000244140625,curve
NOR_30Y,5,LORO_Hiking,Hiking,loro,dev_ma_12m,cover,1928.0,curve
NOR_30Y,5,LORO_Hiking,Hiking,loro,vol_20d,cover,916.0,vol
NOR_30Y,5,LORO_Hiking,Hiking,loro,vol_regime,cover,0.0,vol
NOR_30Y,5,LORO_Hiking,Hiking,loro,vol_zscore,cover,33.0,vol
NOR_30Y,5,LORO_Hiking,Hiking,loro,level_zscore,cover,1132.0,curve
NOR_30Y,5,LORO_Hiking,Hiking,loro,slope_10_1,cover,0.0,curve
NOR_30Y,5,LORO_Hiking,Hiking,loro,slope_10_5,cover,1026.0,curve
NOR_30Y,5,LORO_Hiking,Hiking,loro,slope_5_1,cover,0.0,curve
NOR_30Y,5,LORO_Hiking,Hiking,loro,sofr_mom_1m,cover,1127.857177734375,macro
NOR_30Y,5,LORO_Hiking,Hiking,loro,ibor_level,cover,0.0,macro
NOR_30Y,5,LORO_Hiking,Hiking,loro,ibor_chg_1d,cover,1575.800048828125,macro
NOR_30Y,5,LORO_Hiking,Hiking,loro,ibor_mom_1m,cover,1445.5999755859375,macro
NOR_30Y,5,LORO_Hiking,Hiking,loro,ibor_term_slope,cover,1189.25,macro
NOR_30Y,5,LORO_Hiking,Hiking,loro,swap_ibor_basis,cover,312.0,curve
NOR_30Y,5,LORO_Hiking,Hiking,loro,move_level,cover,1069.0,vol
NOR_30Y,5,LORO_Hiking,Hiking,loro,move_zscore,cover,0.0,vol
NOR_30Y,5,LORO_Hiking,Hiking,loro,vix_level,cover,0.0,vol
NOR_30Y,5,LORO_Hiking,Hiking,loro,vix_zscore,cover,0.0,vol
NOR_30Y,5,LORO_Hiking,Hiking,loro,v2x_level,cover,741.3333129882812,vol
NOR_30Y,5,LORO_Hiking,Hiking,loro,vxn_level,cover,1852.0,vol
NOR_30Y,5,LORO_Hiking,Hiking,loro,ovx_level,cover,15.5,vol
NOR_30Y,5,LORO_Hiking,Hiking,loro,gvz_level,cover,293.0,vol
NOR_30Y,5,LORO_Hiking,Hiking,loro,spx_mom_1m,cover,156.0,macro
NOR_30Y,5,LORO_Hiking,Hiking,loro,spx_mom_3m,cover,1893.0,macro
NOR_30Y,5,LORO_Hiking,Hiking,loro,sx5e_mom_1m,cover,949.5,macro
NOR_30Y,5,LORO_Hiking,Hiking,loro,sx5e_mom_3m,cover,0.0,macro
NOR_30Y,5,LORO_Hiking,Hiking,loro,mxwo_mom_1m,cover,1919.0,macro
NOR_30Y,5,LORO_Hiking,Hiking,loro,ndx_mom_1m,cover,26.0,macro
NOR_30Y,5,LORO_Hiking,Hiking,loro,oil_mom_1m,cover,1912.5,macro
NOR_30Y,5,LORO_Hiking,Hiking,loro,oil_mom_3m,cover,1897.0,macro
NOR_30Y,5,LORO_Hiking,Hiking,loro,copper_mom_1m,cover,535.0,macro
NOR_30Y,5,LORO_Hiking,Hiking,loro,opec_prod,cover,871.0,macro
NOR_30Y,5,LORO_Hiking,Hiking,loro,natgas_mom_1m,cover,0.0,macro
NOR_30Y,5,LORO_Hiking,Hiking,loro,be5y_level,cover,36.5,macro
NOR_30Y,5,LORO_Hiking,Hiking,loro,be10y_level,cover,0.0,macro
NOR_30Y,5,LORO_Hiking,Hiking,loro,be_slope,cover,0.0,macro
NOR_30Y,5,LORO_Hiking,Hiking,loro,be5y_chg_1m,cover,0.0,macro
NOR_30Y,5,LORO_Hiking,Hiking,loro,ig_spread,cover,0.0,credit
NOR_30Y,5,LORO_Hiking,Hiking,loro,hy_spread,cover,0.0,credit
NOR_30Y,5,LORO_Hiking,Hiking,loro,ig_chg_1m,cover,0.0,credit
NOR_30Y,5,LORO_Hiking,Hiking,loro,hy_chg_1m,cover,0.0,credit
NOR_30Y,5,LORO_Hiking,Hiking,loro,cpi_yoy,cover,1420.0,macro
NOR_30Y,5,LORO_Hiking,Hiking,loro,pce_core_chg,cover,0.0,macro
NOR_30Y,5,LORO_Hiking,Hiking,loro,nfp_change,cover,0.0,macro
NOR_30Y,5,LORO_Hiking,Hiking,loro,pmi_us,cover,36.0,macro
NOR_30Y,5,LORO_Hiking,Hiking,loro,pmi_eur,cover,0.0,macro
NOR_30Y,5,LORO_Hiking,Hiking,loro,unemp_eur,cover,438.0,macro
NOR_30Y,5,LORO_Hiking,Hiking,loro,cpi_nsa_level,cover,0.0,macro
NOR_30Y,5,LORO_Hiking,Hiking,loro,pce_core_level,cover,0.0,macro
NOR_30Y,5,LORO_Hiking,Hiking,loro,eur_3m,cover,1911.0,macro
NOR_30Y,5,LORO_Hiking,Hiking,loro,eur_1w,cover,0.0,macro
NOR_30Y,5,LORO_Hiking,Hiking,loro,nor_ibor_1m,cover,0.0,norway
NOR_30Y,5,LORO_Hiking,Hiking,loro,nor_ibor_6m,cover,11.0,norway
NOR_30Y,5,LORO_Hiking,Hiking,loro,nor_ecb_dfr_chg,cover,0.0,norway
NOR_30Y,5,LORO_Hiking,Hiking,loro,nor_ecb_dfr_level,cover,0.0,norway
NOR_30Y,5,LORO_Hiking,Hiking,loro,nor_eurnok_chg_1d,cover,0.0,norway
NOR_30Y,5,LORO_Hiking,Hiking,loro,nor_eurnok_level,cover,38.5,norway
NOR_30Y,5,LORO_Hiking,Hiking,loro,nor_eurnok_mom_1m,cover,0.0,norway
NOR_30Y,5,LORO_Hiking,Hiking,loro,nor_eurnok_mom_3m,cover,1369.6666259765625,norway
NOR_30Y,5,LORO_Hiking,Hiking,loro,nor_eurnok_rvol_20d,cover,0.0,norway
NOR_30Y,5,LORO_Hiking,Hiking,loro,nor_govt_10y,cover,0.0,norway
NOR_30Y,5,LORO_Hiking,Hiking,loro,nor_govt_3y,cover,0.0,norway
NOR_30Y,5,LORO_Hiking,Hiking,loro,nor_govt_5y,cover,0.0,norway
NOR_30Y,5,LORO_Hiking,Hiking,loro,nor_i44_chg_1d,cover,0.0,norway
NOR_30Y,5,LORO_Hiking,Hiking,loro,nor_i44_level,cover,57.0,norway
NOR_30Y,5,LORO_Hiking,Hiking,loro,nor_i44_mom_1m,cover,16.0,norway
NOR_30Y,5,LORO_Hiking,Hiking,loro,nor_i44_mom_3m,cover,1888.0,norway
NOR_30Y,5,LORO_Hiking,Hiking,loro,nor_i44_rvol_20d,cover,0.0,norway
NOR_30Y,5,LORO_Hiking,Hiking,loro,nor_kpi_yoy,cover,1903.0,norway
NOR_30Y,5,LORO_Hiking,Hiking,loro,nor_kpijae_yoy,cover,0.0,norway
NOR_30Y,5,LORO_Hiking,Hiking,loro,nor_nibor_nowa_spread,cover,0.0,norway
NOR_30Y,5,LORO_Hiking,Hiking,loro,nor_nowa_level,cover,0.0,norway
NOR_30Y,5,LORO_Hiking,Hiking,loro,nor_polrate_chg_1d,cover,0.0,norway
NOR_30Y,5,LORO_Hiking,Hiking,loro,nor_polrate_days_since_chg,cover,0.0,norway
NOR_30Y,5,LORO_Hiking,Hiking,loro,nor_polrate_level,cover,0.0,norway
NOR_30Y,5,LORO_Hiking,Hiking,loro,nor_rb_rate_chg,cover,0.0,norway
NOR_30Y,5,LORO_Hiking,Hiking,loro,nor_rb_rate_level,cover,0.0,norway
NOR_30Y,5,LORO_Hiking,Hiking,loro,nor_unemp,cover,0.0,norway
NOR_30Y,5,LORO_Hiking,Hiking,loro,nor_usdnok_chg_1d,cover,0.0,norway
NOR_30Y,5,LORO_Hiking,Hiking,loro,nor_usdnok_level,cover,1820.0,norway
NOR_30Y,5,LORO_Hiking,Hiking,loro,nor_usdnok_mom_1m,cover,0.0,norway
NOR_30Y,5,LORO_Hiking,Hiking,loro,nor_usdnok_mom_3m,cover,1875.0,norway
NOR_30Y,5,LORO_Hiking,Hiking,loro,nor_usdnok_rvol_20d,cover,0.0,norway
NOR_30Y,5,LORO_Hiking,Hiking,loro,swap_govt_spread,cover,0.0,norway
NOR_30Y,5,LORO_Hiking,Hiking,loro,xmpca_01,cover,23.0,cross_market
NOR_30Y,5,LORO_Hiking,Hiking,loro,xmpca_02,cover,1527.0,cross_market
NOR_30Y,5,LORO_Hiking,Hiking,loro,xmpca_03,cover,60.0,cross_market
NOR_30Y,5,LORO_Hiking,Hiking,loro,xmpca_04,cover,52.0,cross_market
NOR_30Y,5,LORO_Hiking,Hiking,loro,xmpca_05,cover,0.0,cross_market
NOR_30Y,5,LORO_Hiking,Hiking,loro,xmpca_06,cover,22.0,cross_market
NOR_30Y,5,LORO_Hiking,Hiking,loro,xmpca_07,cover,0.0,cross_market
NOR_30Y,5,LORO_Hiking,Hiking,loro,xmpca_08,cover,113.0,cross_market
NOR_30Y,5,LORO_Hiking,Hiking,loro,xmpca_09,cover,0.0,cross_market
NOR_30Y,5,LORO_Hiking,Hiking,loro,xmpca_10,cover,898.0,cross_market
NOR_30Y,5,LORO_Hiking,Hiking,loro,xmpca_11,cover,96.0,cross_market
NOR_30Y,5,LORO_Hiking,Hiking,loro,xmpca_12,cover,0.0,cross_market
NOR_30Y,5,LORO_Hiking,Hiking,loro,chg_lag1,total_gain,0.05877431854605675,momentum
NOR_30Y,5,LORO_Hiking,Hiking,loro,chg_lag2,total_gain,0.026357479393482208,momentum
NOR_30Y,5,LORO_Hiking,Hiking,loro,chg_lag3,total_gain,0.0016640126705169678,momentum
NOR_30Y,5,LORO_Hiking,Hiking,loro,chg_lag4,total_gain,0.0,momentum
NOR_30Y,5,LORO_Hiking,Hiking,loro,chg_lag5,total_gain,0.06104139983654022,momentum
NOR_30Y,5,LORO_Hiking,Hiking,loro,carry_roll,total_gain,0.35494086146354675,carry_roll
NOR_30Y,5,LORO_Hiking,Hiking,loro,mom_63d,total_gain,0.07178286463022232,momentum
NOR_30Y,5,LORO_Hiking,Hiking,loro,mom_1m,total_gain,0.16968798637390137,momentum
NOR_30Y,5,LORO_Hiking,Hiking,loro,mom_3m,total_gain,0.0,momentum
NOR_30Y,5,LORO_Hiking,Hiking,loro,mom_6m,total_gain,0.3068386912345886,momentum
NOR_30Y,5,LORO_Hiking,Hiking,loro,mom_12m,total_gain,0.33852189779281616,momentum
NOR_30Y,5,LORO_Hiking,Hiking,loro,dev_ma_3m,total_gain,0.46197056770324707,curve
NOR_30Y,5,LORO_Hiking,Hiking,loro,dev_ma_12m,total_gain,0.18925423920154572,curve
NOR_30Y,5,LORO_Hiking,Hiking,loro,vol_20d,total_gain,0.1977563202381134,vol
NOR_30Y,5,LORO_Hiking,Hiking,loro,vol_regime,total_gain,0.0,vol
NOR_30Y,5,LORO_Hiking,Hiking,loro,vol_zscore,total_gain,0.03145955502986908,vol
NOR_30Y,5,LORO_Hiking,Hiking,loro,level_zscore,total_gain,0.2335996925830841,curve
NOR_30Y,5,LORO_Hiking,Hiking,loro,slope_10_1,total_gain,0.0,curve
NOR_30Y,5,LORO_Hiking,Hiking,loro,slope_10_5,total_gain,0.0913638100028038,curve
NOR_30Y,5,LORO_Hiking,Hiking,loro,slope_5_1,total_gain,0.0,curve
NOR_30Y,5,LORO_Hiking,Hiking,loro,sofr_mom_1m,total_gain,0.4322015345096588,macro
NOR_30Y,5,LORO_Hiking,Hiking,loro,ibor_level,total_gain,0.0,macro
NOR_30Y,5,LORO_Hiking,Hiking,loro,ibor_chg_1d,total_gain,0.5050979256629944,macro
NOR_30Y,5,LORO_Hiking,Hiking,loro,ibor_mom_1m,total_gain,0.424335241317749,macro
NOR_30Y,5,LORO_Hiking,Hiking,loro,ibor_term_slope,total_gain,0.27085745334625244,macro
NOR_30Y,5,LORO_Hiking,Hiking,loro,swap_ibor_basis,total_gain,0.05104541778564453,curve
NOR_30Y,5,LORO_Hiking,Hiking,loro,move_level,total_gain,0.08821257948875427,vol
NOR_30Y,5,LORO_Hiking,Hiking,loro,move_zscore,total_gain,0.0,vol
NOR_30Y,5,LORO_Hiking,Hiking,loro,vix_level,total_gain,0.0,vol
NOR_30Y,5,LORO_Hiking,Hiking,loro,vix_zscore,total_gain,0.0,vol
NOR_30Y,5,LORO_Hiking,Hiking,loro,v2x_level,total_gain,0.17931151390075684,vol
NOR_30Y,5,LORO_Hiking,Hiking,loro,vxn_level,total_gain,0.1109989583492279,vol
NOR_30Y,5,LORO_Hiking,Hiking,loro,ovx_level,total_gain,0.11658700555562973,vol
NOR_30Y,5,LORO_Hiking,Hiking,loro,gvz_level,total_gain,0.11809167265892029,vol
NOR_30Y,5,LORO_Hiking,Hiking,loro,spx_mom_1m,total_gain,0.2574641704559326,macro
NOR_30Y,5,LORO_Hiking,Hiking,loro,spx_mom_3m,total_gain,0.11848004162311554,macro
NOR_30Y,5,LORO_Hiking,Hiking,loro,sx5e_mom_1m,total_gain,0.08164947479963303,macro
NOR_30Y,5,LORO_Hiking,Hiking,loro,sx5e_mom_3m,total_gain,0.0,macro
NOR_30Y,5,LORO_Hiking,Hiking,loro,mxwo_mom_1m,total_gain,0.1528085321187973,macro
NOR_30Y,5,LORO_Hiking,Hiking,loro,ndx_mom_1m,total_gain,0.10729781538248062,macro
NOR_30Y,5,LORO_Hiking,Hiking,loro,oil_mom_1m,total_gain,0.19511406123638153,macro
NOR_30Y,5,LORO_Hiking,Hiking,loro,oil_mom_3m,total_gain,0.0849098488688469,macro
NOR_30Y,5,LORO_Hiking,Hiking,loro,copper_mom_1m,total_gain,0.17119479179382324,macro
NOR_30Y,5,LORO_Hiking,Hiking,loro,opec_prod,total_gain,0.06908257305622101,macro
NOR_30Y,5,LORO_Hiking,Hiking,loro,natgas_mom_1m,total_gain,0.0,macro
NOR_30Y,5,LORO_Hiking,Hiking,loro,be5y_level,total_gain,0.059282951056957245,macro
NOR_30Y,5,LORO_Hiking,Hiking,loro,be10y_level,total_gain,0.0,macro
NOR_30Y,5,LORO_Hiking,Hiking,loro,be_slope,total_gain,0.0,macro
NOR_30Y,5,LORO_Hiking,Hiking,loro,be5y_chg_1m,total_gain,0.0,macro
NOR_30Y,5,LORO_Hiking,Hiking,loro,ig_spread,total_gain,0.0,credit
NOR_30Y,5,LORO_Hiking,Hiking,loro,hy_spread,total_gain,0.0,credit
NOR_30Y,5,LORO_Hiking,Hiking,loro,ig_chg_1m,total_gain,0.0,credit
NOR_30Y,5,LORO_Hiking,Hiking,loro,hy_chg_1m,total_gain,0.0,credit
NOR_30Y,5,LORO_Hiking,Hiking,loro,cpi_yoy,total_gain,0.11820466071367264,macro
NOR_30Y,5,LORO_Hiking,Hiking,loro,pce_core_chg,total_gain,0.0,macro
NOR_30Y,5,LORO_Hiking,Hiking,loro,nfp_change,total_gain,0.0,macro
NOR_30Y,5,LORO_Hiking,Hiking,loro,pmi_us,total_gain,0.07831324636936188,macro
NOR_30Y,5,LORO_Hiking,Hiking,loro,pmi_eur,total_gain,0.0,macro
NOR_30Y,5,LORO_Hiking,Hiking,loro,unemp_eur,total_gain,0.0588657408952713,macro
NOR_30Y,5,LORO_Hiking,Hiking,loro,cpi_nsa_level,total_gain,0.0,macro
NOR_30Y,5,LORO_Hiking,Hiking,loro,pce_core_level,total_gain,0.0,macro
NOR_30Y,5,LORO_Hiking,Hiking,loro,eur_3m,total_gain,0.06689271330833435,macro
NOR_30Y,5,LORO_Hiking,Hiking,loro,eur_1w,total_gain,0.0,macro
NOR_30Y,5,LORO_Hiking,Hiking,loro,nor_ibor_1m,total_gain,0.0,norway
NOR_30Y,5,LORO_Hiking,Hiking,loro,nor_ibor_6m,total_gain,0.02999420464038849,norway
NOR_30Y,5,LORO_Hiking,Hiking,loro,nor_ecb_dfr_chg,total_gain,0.0,norway
NOR_30Y,5,LORO_Hiking,Hiking,loro,nor_ecb_dfr_level,total_gain,0.0,norway
NOR_30Y,5,LORO_Hiking,Hiking,loro,nor_eurnok_chg_1d,total_gain,0.0,norway
NOR_30Y,5,LORO_Hiking,Hiking,loro,nor_eurnok_level,total_gain,0.11500003933906555,norway
NOR_30Y,5,LORO_Hiking,Hiking,loro,nor_eurnok_mom_1m,total_gain,0.0,norway
NOR_30Y,5,LORO_Hiking,Hiking,loro,nor_eurnok_mom_3m,total_gain,0.18244987726211548,norway
NOR_30Y,5,LORO_Hiking,Hiking,loro,nor_eurnok_rvol_20d,total_gain,0.0,norway
NOR_30Y,5,LORO_Hiking,Hiking,loro,nor_govt_10y,total_gain,0.0,norway
NOR_30Y,5,LORO_Hiking,Hiking,loro,nor_govt_3y,total_gain,0.0,norway
NOR_30Y,5,LORO_Hiking,Hiking,loro,nor_govt_5y,total_gain,0.0,norway
NOR_30Y,5,LORO_Hiking,Hiking,loro,nor_i44_chg_1d,total_gain,0.0,norway
NOR_30Y,5,LORO_Hiking,Hiking,loro,nor_i44_level,total_gain,0.10250510275363922,norway
NOR_30Y,5,LORO_Hiking,Hiking,loro,nor_i44_mom_1m,total_gain,0.04194817692041397,norway
NOR_30Y,5,LORO_Hiking,Hiking,loro,nor_i44_mom_3m,total_gain,0.18194638192653656,norway
NOR_30Y,5,LORO_Hiking,Hiking,loro,nor_i44_rvol_20d,total_gain,0.0,norway
NOR_30Y,5,LORO_Hiking,Hiking,loro,nor_kpi_yoy,total_gain,0.1799890100955963,norway
NOR_30Y,5,LORO_Hiking,Hiking,loro,nor_kpijae_yoy,total_gain,0.0,norway
NOR_30Y,5,LORO_Hiking,Hiking,loro,nor_nibor_nowa_spread,total_gain,0.0,norway
NOR_30Y,5,LORO_Hiking,Hiking,loro,nor_nowa_level,total_gain,0.0,norway
NOR_30Y,5,LORO_Hiking,Hiking,loro,nor_polrate_chg_1d,total_gain,0.0,norway
NOR_30Y,5,LORO_Hiking,Hiking,loro,nor_polrate_days_since_chg,total_gain,0.0,norway
NOR_30Y,5,LORO_Hiking,Hiking,loro,nor_polrate_level,total_gain,0.0,norway
NOR_30Y,5,LORO_Hiking,Hiking,loro,nor_rb_rate_chg,total_gain,0.0,norway
NOR_30Y,5,LORO_Hiking,Hiking,loro,nor_rb_rate_level,total_gain,0.0,norway
NOR_30Y,5,LORO_Hiking,Hiking,loro,nor_unemp,total_gain,0.0,norway
NOR_30Y,5,LORO_Hiking,Hiking,loro,nor_usdnok_chg_1d,total_gain,0.0,norway
NOR_30Y,5,LORO_Hiking,Hiking,loro,nor_usdnok_level,total_gain,0.0705394521355629,norway
NOR_30Y,5,LORO_Hiking,Hiking,loro,nor_usdnok_mom_1m,total_gain,0.0,norway
NOR_30Y,5,LORO_Hiking,Hiking,loro,nor_usdnok_mom_3m,total_gain,0.429961621761322,norway
NOR_30Y,5,LORO_Hiking,Hiking,loro,nor_usdnok_rvol_20d,total_gain,0.0,norway
NOR_30Y,5,LORO_Hiking,Hiking,loro,swap_govt_spread,total_gain,0.0,norway
NOR_30Y,5,LORO_Hiking,Hiking,loro,xmpca_01,total_gain,0.0625336617231369,cross_market
NOR_30Y,5,LORO_Hiking,Hiking,loro,xmpca_02,total_gain,0.21413207054138184,cross_market
NOR_30Y,5,LORO_Hiking,Hiking,loro,xmpca_03,total_gain,0.04047612100839615,cross_market
NOR_30Y,5,LORO_Hiking,Hiking,loro,xmpca_04,total_gain,0.07443349063396454,cross_market
NOR_30Y,5,LORO_Hiking,Hiking,loro,xmpca_05,total_gain,0.0,cross_market
NOR_30Y,5,LORO_Hiking,Hiking,loro,xmpca_06,total_gain,0.050137363374233246,cross_market
NOR_30Y,5,LORO_Hiking,Hiking,loro,xmpca_07,total_gain,0.0,cross_market
NOR_30Y,5,LORO_Hiking,Hiking,loro,xmpca_08,total_gain,0.16082483530044556,cross_market
NOR_30Y,5,LORO_Hiking,Hiking,loro,xmpca_09,total_gain,0.0,cross_market
NOR_30Y,5,LORO_Hiking,Hiking,loro,xmpca_10,total_gain,0.06839350610971451,cross_market
NOR_30Y,5,LORO_Hiking,Hiking,loro,xmpca_11,total_gain,0.042602356523275375,cross_market
NOR_30Y,5,LORO_Hiking,Hiking,loro,xmpca_12,total_gain,0.0,cross_market
NOR_30Y,5,LORO_Hiking,Hiking,loro,chg_lag1,total_cover,27.0,momentum
NOR_30Y,5,LORO_Hiking,Hiking,loro,chg_lag2,total_cover,18.0,momentum
NOR_30Y,5,LORO_Hiking,Hiking,loro,chg_lag3,total_cover,9.0,momentum
NOR_30Y,5,LORO_Hiking,Hiking,loro,chg_lag4,total_cover,0.0,momentum
NOR_30Y,5,LORO_Hiking,Hiking,loro,chg_lag5,total_cover,33.0,momentum
NOR_30Y,5,LORO_Hiking,Hiking,loro,carry_roll,total_cover,8648.0,carry_roll
NOR_30Y,5,LORO_Hiking,Hiking,loro,mom_63d,total_cover,918.0,momentum
NOR_30Y,5,LORO_Hiking,Hiking,loro,mom_1m,total_cover,2803.0,momentum
NOR_30Y,5,LORO_Hiking,Hiking,loro,mom_3m,total_cover,0.0,momentum
NOR_30Y,5,LORO_Hiking,Hiking,loro,mom_6m,total_cover,5333.0,momentum
NOR_30Y,5,LORO_Hiking,Hiking,loro,mom_12m,total_cover,3879.0,momentum
NOR_30Y,5,LORO_Hiking,Hiking,loro,dev_ma_3m,total_cover,4512.0,curve
NOR_30Y,5,LORO_Hiking,Hiking,loro,dev_ma_12m,total_cover,1928.0,curve
NOR_30Y,5,LORO_Hiking,Hiking,loro,vol_20d,total_cover,3664.0,vol
NOR_30Y,5,LORO_Hiking,Hiking,loro,vol_regime,total_cover,0.0,vol
NOR_30Y,5,LORO_Hiking,Hiking,loro,vol_zscore,total_cover,33.0,vol
NOR_30Y,5,LORO_Hiking,Hiking,loro,level_zscore,total_cover,4528.0,curve
NOR_30Y,5,LORO_Hiking,Hiking,loro,slope_10_1,total_cover,0.0,curve
NOR_30Y,5,LORO_Hiking,Hiking,loro,slope_10_5,total_cover,2052.0,curve
NOR_30Y,5,LORO_Hiking,Hiking,loro,slope_5_1,total_cover,0.0,curve
NOR_30Y,5,LORO_Hiking,Hiking,loro,sofr_mom_1m,total_cover,7895.0,macro
NOR_30Y,5,LORO_Hiking,Hiking,loro,ibor_level,total_cover,0.0,macro
NOR_30Y,5,LORO_Hiking,Hiking,loro,ibor_chg_1d,total_cover,7879.0,macro
NOR_30Y,5,LORO_Hiking,Hiking,loro,ibor_mom_1m,total_cover,7228.0,macro
NOR_30Y,5,LORO_Hiking,Hiking,loro,ibor_term_slope,total_cover,4757.0,macro
NOR_30Y,5,LORO_Hiking,Hiking,loro,swap_ibor_basis,total_cover,312.0,curve
NOR_30Y,5,LORO_Hiking,Hiking,loro,move_level,total_cover,1069.0,vol
NOR_30Y,5,LORO_Hiking,Hiking,loro,move_zscore,total_cover,0.0,vol
NOR_30Y,5,LORO_Hiking,Hiking,loro,vix_level,total_cover,0.0,vol
NOR_30Y,5,LORO_Hiking,Hiking,loro,vix_zscore,total_cover,0.0,vol
NOR_30Y,5,LORO_Hiking,Hiking,loro,v2x_level,total_cover,2224.0,vol
NOR_30Y,5,LORO_Hiking,Hiking,loro,vxn_level,total_cover,1852.0,vol
NOR_30Y,5,LORO_Hiking,Hiking,loro,ovx_level,total_cover,31.0,vol
NOR_30Y,5,LORO_Hiking,Hiking,loro,gvz_level,total_cover,586.0,vol
NOR_30Y,5,LORO_Hiking,Hiking,loro,spx_mom_1m,total_cover,624.0,macro
NOR_30Y,5,LORO_Hiking,Hiking,loro,spx_mom_3m,total_cover,1893.0,macro
NOR_30Y,5,LORO_Hiking,Hiking,loro,sx5e_mom_1m,total_cover,1899.0,macro
NOR_30Y,5,LORO_Hiking,Hiking,loro,sx5e_mom_3m,total_cover,0.0,macro
NOR_30Y,5,LORO_Hiking,Hiking,loro,mxwo_mom_1m,total_cover,3838.0,macro
NOR_30Y,5,LORO_Hiking,Hiking,loro,ndx_mom_1m,total_cover,26.0,macro
NOR_30Y,5,LORO_Hiking,Hiking,loro,oil_mom_1m,total_cover,3825.0,macro
NOR_30Y,5,LORO_Hiking,Hiking,loro,oil_mom_3m,total_cover,1897.0,macro
NOR_30Y,5,LORO_Hiking,Hiking,loro,copper_mom_1m,total_cover,1605.0,macro
NOR_30Y,5,LORO_Hiking,Hiking,loro,opec_prod,total_cover,871.0,macro
NOR_30Y,5,LORO_Hiking,Hiking,loro,natgas_mom_1m,total_cover,0.0,macro
NOR_30Y,5,LORO_Hiking,Hiking,loro,be5y_level,total_cover,73.0,macro
NOR_30Y,5,LORO_Hiking,Hiking,loro,be10y_level,total_cover,0.0,macro
NOR_30Y,5,LORO_Hiking,Hiking,loro,be_slope,total_cover,0.0,macro
NOR_30Y,5,LORO_Hiking,Hiking,loro,be5y_chg_1m,total_cover,0.0,macro
NOR_30Y,5,LORO_Hiking,Hiking,loro,ig_spread,total_cover,0.0,credit
NOR_30Y,5,LORO_Hiking,Hiking,loro,hy_spread,total_cover,0.0,credit
NOR_30Y,5,LORO_Hiking,Hiking,loro,ig_chg_1m,total_cover,0.0,credit
NOR_30Y,5,LORO_Hiking,Hiking,loro,hy_chg_1m,total_cover,0.0,credit
NOR_30Y,5,LORO_Hiking,Hiking,loro,cpi_yoy,total_cover,2840.0,macro
NOR_30Y,5,LORO_Hiking,Hiking,loro,pce_core_chg,total_cover,0.0,macro
NOR_30Y,5,LORO_Hiking,Hiking,loro,nfp_change,total_cover,0.0,macro
NOR_30Y,5,LORO_Hiking,Hiking,loro,pmi_us,total_cover,36.0,macro
NOR_30Y,5,LORO_Hiking,Hiking,loro,pmi_eur,total_cover,0.0,macro
NOR_30Y,5,LORO_Hiking,Hiking,loro,unemp_eur,total_cover,438.0,macro
NOR_30Y,5,LORO_Hiking,Hiking,loro,cpi_nsa_level,total_cover,0.0,macro
NOR_30Y,5,LORO_Hiking,Hiking,loro,pce_core_level,total_cover,0.0,macro
NOR_30Y,5,LORO_Hiking,Hiking,loro,eur_3m,total_cover,1911.0,macro
NOR_30Y,5,LORO_Hiking,Hiking,loro,eur_1w,total_cover,0.0,macro
NOR_30Y,5,LORO_Hiking,Hiking,loro,nor_ibor_1m,total_cover,0.0,norway
NOR_30Y,5,LORO_Hiking,Hiking,loro,nor_ibor_6m,total_cover,11.0,norway
NOR_30Y,5,LORO_Hiking,Hiking,loro,nor_ecb_dfr_chg,total_cover,0.0,norway
NOR_30Y,5,LORO_Hiking,Hiking,loro,nor_ecb_dfr_level,total_cover,0.0,norway
NOR_30Y,5,LORO_Hiking,Hiking,loro,nor_eurnok_chg_1d,total_cover,0.0,norway
NOR_30Y,5,LORO_Hiking,Hiking,loro,nor_eurnok_level,total_cover,77.0,norway
NOR_30Y,5,LORO_Hiking,Hiking,loro,nor_eurnok_mom_1m,total_cover,0.0,norway
NOR_30Y,5,LORO_Hiking,Hiking,loro,nor_eurnok_mom_3m,total_cover,4109.0,norway
NOR_30Y,5,LORO_Hiking,Hiking,loro,nor_eurnok_rvol_20d,total_cover,0.0,norway
NOR_30Y,5,LORO_Hiking,Hiking,loro,nor_govt_10y,total_cover,0.0,norway
NOR_30Y,5,LORO_Hiking,Hiking,loro,nor_govt_3y,total_cover,0.0,norway
NOR_30Y,5,LORO_Hiking,Hiking,loro,nor_govt_5y,total_cover,0.0,norway
NOR_30Y,5,LORO_Hiking,Hiking,loro,nor_i44_chg_1d,total_cover,0.0,norway
NOR_30Y,5,LORO_Hiking,Hiking,loro,nor_i44_level,total_cover,57.0,norway
NOR_30Y,5,LORO_Hiking,Hiking,loro,nor_i44_mom_1m,total_cover,16.0,norway
NOR_30Y,5,LORO_Hiking,Hiking,loro,nor_i44_mom_3m,total_cover,5664.0,norway
NOR_30Y,5,LORO_Hiking,Hiking,loro,nor_i44_rvol_20d,total_cover,0.0,norway
NOR_30Y,5,LORO_Hiking,Hiking,loro,nor_kpi_yoy,total_cover,1903.0,norway
NOR_30Y,5,LORO_Hiking,Hiking,loro,nor_kpijae_yoy,total_cover,0.0,norway
NOR_30Y,5,LORO_Hiking,Hiking,loro,nor_nibor_nowa_spread,total_cover,0.0,norway
NOR_30Y,5,LORO_Hiking,Hiking,loro,nor_nowa_level,total_cover,0.0,norway
NOR_30Y,5,LORO_Hiking,Hiking,loro,nor_polrate_chg_1d,total_cover,0.0,norway
NOR_30Y,5,LORO_Hiking,Hiking,loro,nor_polrate_days_since_chg,total_cover,0.0,norway
NOR_30Y,5,LORO_Hiking,Hiking,loro,nor_polrate_level,total_cover,0.0,norway
NOR_30Y,5,LORO_Hiking,Hiking,loro,nor_rb_rate_chg,total_cover,0.0,norway
NOR_30Y,5,LORO_Hiking,Hiking,loro,nor_rb_rate_level,total_cover,0.0,norway
NOR_30Y,5,LORO_Hiking,Hiking,loro,nor_unemp,total_cover,0.0,norway
NOR_30Y,5,LORO_Hiking,Hiking,loro,nor_usdnok_chg_1d,total_cover,0.0,norway
NOR_30Y,5,LORO_Hiking,Hiking,loro,nor_usdnok_level,total_cover,1820.0,norway
NOR_30Y,5,LORO_Hiking,Hiking,loro,nor_usdnok_mom_1m,total_cover,0.0,norway
NOR_30Y,5,LORO_Hiking,Hiking,loro,nor_usdnok_mom_3m,total_cover,7500.0,norway
NOR_30Y,5,LORO_Hiking,Hiking,loro,nor_usdnok_rvol_20d,total_cover,0.0,norway
NOR_30Y,5,LORO_Hiking,Hiking,loro,swap_govt_spread,total_cover,0.0,norway
NOR_30Y,5,LORO_Hiking,Hiking,loro,xmpca_01,total_cover,23.0,cross_market
NOR_30Y,5,LORO_Hiking,Hiking,loro,xmpca_02,total_cover,3054.0,cross_market
NOR_30Y,5,LORO_Hiking,Hiking,loro,xmpca_03,total_cover,60.0,cross_market
NOR_30Y,5,LORO_Hiking,Hiking,loro,xmpca_04,total_cover,52.0,cross_market
NOR_30Y,5,LORO_Hiking,Hiking,loro,xmpca_05,total_cover,0.0,cross_market
NOR_30Y,5,LORO_Hiking,Hiking,loro,xmpca_06,total_cover,22.0,cross_market
NOR_30Y,5,LORO_Hiking,Hiking,loro,xmpca_07,total_cover,0.0,cross_market
NOR_30Y,5,LORO_Hiking,Hiking,loro,xmpca_08,total_cover,339.0,cross_market
NOR_30Y,5,LORO_Hiking,Hiking,loro,xmpca_09,total_cover,0.0,cross_market
NOR_30Y,5,LORO_Hiking,Hiking,loro,xmpca_10,total_cover,898.0,cross_market
NOR_30Y,5,LORO_Hiking,Hiking,loro,xmpca_11,total_cover,96.0,cross_market
NOR_30Y,5,LORO_Hiking,Hiking,loro,xmpca_12,total_cover,0.0,cross_market
NOR_30Y,5,LORO_Hiking,Hiking,loro,chg_lag1,shap_mean_abs,2.458425296936184e-05,momentum
NOR_30Y,5,LORO_Hiking,Hiking,loro,chg_lag2,shap_mean_abs,6.715596100548282e-06,momentum
NOR_30Y,5,LORO_Hiking,Hiking,loro,chg_lag3,shap_mean_abs,5.8352461564936675e-06,momentum
NOR_30Y,5,LORO_Hiking,Hiking,loro,chg_lag4,shap_mean_abs,0.0,momentum
NOR_30Y,5,LORO_Hiking,Hiking,loro,chg_lag5,shap_mean_abs,0.0008767578401602805,momentum
NOR_30Y,5,LORO_Hiking,Hiking,loro,carry_roll,shap_mean_abs,0.006674918346107006,carry_roll
NOR_30Y,5,LORO_Hiking,Hiking,loro,mom_63d,shap_mean_abs,0.0003736452490556985,momentum
NOR_30Y,5,LORO_Hiking,Hiking,loro,mom_1m,shap_mean_abs,0.0004998567746952176,momentum
NOR_30Y,5,LORO_Hiking,Hiking,loro,mom_3m,shap_mean_abs,0.0,momentum
NOR_30Y,5,LORO_Hiking,Hiking,loro,mom_6m,shap_mean_abs,0.0009269818547181785,momentum
NOR_30Y,5,LORO_Hiking,Hiking,loro,mom_12m,shap_mean_abs,0.0001888113038148731,momentum
NOR_30Y,5,LORO_Hiking,Hiking,loro,dev_ma_3m,shap_mean_abs,0.0007299185381270945,curve
NOR_30Y,5,LORO_Hiking,Hiking,loro,dev_ma_12m,shap_mean_abs,6.790123006794602e-05,curve
NOR_30Y,5,LORO_Hiking,Hiking,loro,vol_20d,shap_mean_abs,0.0011586853070184588,vol
NOR_30Y,5,LORO_Hiking,Hiking,loro,vol_regime,shap_mean_abs,0.0,vol
NOR_30Y,5,LORO_Hiking,Hiking,loro,vol_zscore,shap_mean_abs,6.083049811422825e-05,vol
NOR_30Y,5,LORO_Hiking,Hiking,loro,level_zscore,shap_mean_abs,0.0006442155572585762,curve
NOR_30Y,5,LORO_Hiking,Hiking,loro,slope_10_1,shap_mean_abs,0.0,curve
NOR_30Y,5,LORO_Hiking,Hiking,loro,slope_10_5,shap_mean_abs,0.0002993561211042106,curve
NOR_30Y,5,LORO_Hiking,Hiking,loro,slope_5_1,shap_mean_abs,0.0,curve
NOR_30Y,5,LORO_Hiking,Hiking,loro,sofr_mom_1m,shap_mean_abs,0.0017842284869402647,macro
NOR_30Y,5,LORO_Hiking,Hiking,loro,ibor_level,shap_mean_abs,0.0,macro
NOR_30Y,5,LORO_Hiking,Hiking,loro,ibor_chg_1d,shap_mean_abs,0.00034250388853251934,macro
NOR_30Y,5,LORO_Hiking,Hiking,loro,ibor_mom_1m,shap_mean_abs,2.9811311833327636e-05,macro
NOR_30Y,5,LORO_Hiking,Hiking,loro,ibor_term_slope,shap_mean_abs,0.0017193909734487534,macro
NOR_30Y,5,LORO_Hiking,Hiking,loro,swap_ibor_basis,shap_mean_abs,0.00016559976211283356,curve
NOR_30Y,5,LORO_Hiking,Hiking,loro,move_level,shap_mean_abs,0.0005750290583819151,vol
NOR_30Y,5,LORO_Hiking,Hiking,loro,move_zscore,shap_mean_abs,0.0,vol
NOR_30Y,5,LORO_Hiking,Hiking,loro,vix_level,shap_mean_abs,0.0,vol
NOR_30Y,5,LORO_Hiking,Hiking,loro,vix_zscore,shap_mean_abs,0.0,vol
NOR_30Y,5,LORO_Hiking,Hiking,loro,v2x_level,shap_mean_abs,0.000822483969386667,vol
NOR_30Y,5,LORO_Hiking,Hiking,loro,vxn_level,shap_mean_abs,3.7689085729653016e-05,vol
NOR_30Y,5,LORO_Hiking,Hiking,loro,ovx_level,shap_mean_abs,0.00037395558319985867,vol
NOR_30Y,5,LORO_Hiking,Hiking,loro,gvz_level,shap_mean_abs,0.00015156094741541892,vol
NOR_30Y,5,LORO_Hiking,Hiking,loro,spx_mom_1m,shap_mean_abs,0.0002814647741615772,macro
NOR_30Y,5,LORO_Hiking,Hiking,loro,spx_mom_3m,shap_mean_abs,5.738535401178524e-05,macro
NOR_30Y,5,LORO_Hiking,Hiking,loro,sx5e_mom_1m,shap_mean_abs,0.000271372904535383,macro
NOR_30Y,5,LORO_Hiking,Hiking,loro,sx5e_mom_3m,shap_mean_abs,0.0,macro
NOR_30Y,5,LORO_Hiking,Hiking,loro,mxwo_mom_1m,shap_mean_abs,0.00034679213422350585,macro
NOR_30Y,5,LORO_Hiking,Hiking,loro,ndx_mom_1m,shap_mean_abs,0.00011150001228088513,macro
NOR_30Y,5,LORO_Hiking,Hiking,loro,oil_mom_1m,shap_mean_abs,0.0011237888829782605,macro
NOR_30Y,5,LORO_Hiking,Hiking,loro,oil_mom_3m,shap_mean_abs,0.0008572782971896231,macro
NOR_30Y,5,LORO_Hiking,Hiking,loro,copper_mom_1m,shap_mean_abs,0.0003455822297837585,macro
NOR_30Y,5,LORO_Hiking,Hiking,loro,opec_prod,shap_mean_abs,0.00042731763096526265,macro
NOR_30Y,5,LORO_Hiking,Hiking,loro,natgas_mom_1m,shap_mean_abs,0.0,macro
NOR_30Y,5,LORO_Hiking,Hiking,loro,be5y_level,shap_mean_abs,5.060823241365142e-05,macro
NOR_30Y,5,LORO_Hiking,Hiking,loro,be10y_level,shap_mean_abs,0.0,macro
NOR_30Y,5,LORO_Hiking,Hiking,loro,be_slope,shap_mean_abs,0.0,macro
NOR_30Y,5,LORO_Hiking,Hiking,loro,be5y_chg_1m,shap_mean_abs,0.0,macro
NOR_30Y,5,LORO_Hiking,Hiking,loro,ig_spread,shap_mean_abs,0.0,credit
NOR_30Y,5,LORO_Hiking,Hiking,loro,hy_spread,shap_mean_abs,0.0,credit
NOR_30Y,5,LORO_Hiking,Hiking,loro,ig_chg_1m,shap_mean_abs,0.0,credit
NOR_30Y,5,LORO_Hiking,Hiking,loro,hy_chg_1m,shap_mean_abs,0.0,credit
NOR_30Y,5,LORO_Hiking,Hiking,loro,cpi_yoy,shap_mean_abs,0.001466838177293539,macro
NOR_30Y,5,LORO_Hiking,Hiking,loro,pce_core_chg,shap_mean_abs,0.0,macro
NOR_30Y,5,LORO_Hiking,Hiking,loro,nfp_change,shap_mean_abs,0.0,macro
NOR_30Y,5,LORO_Hiking,Hiking,loro,pmi_us,shap_mean_abs,3.857282717945054e-05,macro
NOR_30Y,5,LORO_Hiking,Hiking,loro,pmi_eur,shap_mean_abs,0.0,macro
NOR_30Y,5,LORO_Hiking,Hiking,loro,unemp_eur,shap_mean_abs,0.0004986987914890051,macro
NOR_30Y,5,LORO_Hiking,Hiking,loro,cpi_nsa_level,shap_mean_abs,0.0,macro
NOR_30Y,5,LORO_Hiking,Hiking,loro,pce_core_level,shap_mean_abs,0.0,macro
NOR_30Y,5,LORO_Hiking,Hiking,loro,eur_3m,shap_mean_abs,0.0001563217374496162,macro
NOR_30Y,5,LORO_Hiking,Hiking,loro,eur_1w,shap_mean_abs,0.0,macro
NOR_30Y,5,LORO_Hiking,Hiking,loro,nor_ibor_1m,shap_mean_abs,0.0,norway
NOR_30Y,5,LORO_Hiking,Hiking,loro,nor_ibor_6m,shap_mean_abs,6.241901246539783e-06,norway
NOR_30Y,5,LORO_Hiking,Hiking,loro,nor_ecb_dfr_chg,shap_mean_abs,0.0,norway
NOR_30Y,5,LORO_Hiking,Hiking,loro,nor_ecb_dfr_level,shap_mean_abs,0.0,norway
NOR_30Y,5,LORO_Hiking,Hiking,loro,nor_eurnok_chg_1d,shap_mean_abs,0.0,norway
NOR_30Y,5,LORO_Hiking,Hiking,loro,nor_eurnok_level,shap_mean_abs,0.00025056596496142447,norway
NOR_30Y,5,LORO_Hiking,Hiking,loro,nor_eurnok_mom_1m,shap_mean_abs,0.0,norway
NOR_30Y,5,LORO_Hiking,Hiking,loro,nor_eurnok_mom_3m,shap_mean_abs,0.0008009160519577563,norway
NOR_30Y,5,LORO_Hiking,Hiking,loro,nor_eurnok_rvol_20d,shap_mean_abs,0.0,norway
NOR_30Y,5,LORO_Hiking,Hiking,loro,nor_govt_10y,shap_mean_abs,0.0,norway
NOR_30Y,5,LORO_Hiking,Hiking,loro,nor_govt_3y,shap_mean_abs,0.0,norway
NOR_30Y,5,LORO_Hiking,Hiking,loro,nor_govt_5y,shap_mean_abs,0.0,norway
NOR_30Y,5,LORO_Hiking,Hiking,loro,nor_i44_chg_1d,shap_mean_abs,0.0,norway
NOR_30Y,5,LORO_Hiking,Hiking,loro,nor_i44_level,shap_mean_abs,7.639783143531531e-05,norway
NOR_30Y,5,LORO_Hiking,Hiking,loro,nor_i44_mom_1m,shap_mean_abs,2.4060305804596283e-05,norway
NOR_30Y,5,LORO_Hiking,Hiking,loro,nor_i44_mom_3m,shap_mean_abs,0.000912186864297837,norway
NOR_30Y,5,LORO_Hiking,Hiking,loro,nor_i44_rvol_20d,shap_mean_abs,0.0,norway
NOR_30Y,5,LORO_Hiking,Hiking,loro,nor_kpi_yoy,shap_mean_abs,0.0030807850416749716,norway
NOR_30Y,5,LORO_Hiking,Hiking,loro,nor_kpijae_yoy,shap_mean_abs,0.0,norway
NOR_30Y,5,LORO_Hiking,Hiking,loro,nor_nibor_nowa_spread,shap_mean_abs,0.0,norway
NOR_30Y,5,LORO_Hiking,Hiking,loro,nor_nowa_level,shap_mean_abs,0.0,norway
NOR_30Y,5,LORO_Hiking,Hiking,loro,nor_polrate_chg_1d,shap_mean_abs,0.0,norway
NOR_30Y,5,LORO_Hiking,Hiking,loro,nor_polrate_days_since_chg,shap_mean_abs,0.0,norway
NOR_30Y,5,LORO_Hiking,Hiking,loro,nor_polrate_level,shap_mean_abs,0.0,norway
NOR_30Y,5,LORO_Hiking,Hiking,loro,nor_rb_rate_chg,shap_mean_abs,0.0,norway
NOR_30Y,5,LORO_Hiking,Hiking,loro,nor_rb_rate_level,shap_mean_abs,0.0,norway
NOR_30Y,5,LORO_Hiking,Hiking,loro,nor_unemp,shap_mean_abs,0.0,norway
NOR_30Y,5,LORO_Hiking,Hiking,loro,nor_usdnok_chg_1d,shap_mean_abs,0.0,norway
NOR_30Y,5,LORO_Hiking,Hiking,loro,nor_usdnok_level,shap_mean_abs,0.0003142951463814825,norway
NOR_30Y,5,LORO_Hiking,Hiking,loro,nor_usdnok_mom_1m,shap_mean_abs,0.0,norway
NOR_30Y,5,LORO_Hiking,Hiking,loro,nor_usdnok_mom_3m,shap_mean_abs,0.0008033211925067008,norway
NOR_30Y,5,LORO_Hiking,Hiking,loro,nor_usdnok_rvol_20d,shap_mean_abs,0.0,norway
NOR_30Y,5,LORO_Hiking,Hiking,loro,swap_govt_spread,shap_mean_abs,0.0,norway
NOR_30Y,5,LORO_Hiking,Hiking,loro,xmpca_01,shap_mean_abs,2.1578738596872427e-05,cross_market
NOR_30Y,5,LORO_Hiking,Hiking,loro,xmpca_02,shap_mean_abs,0.0009250418515875936,cross_market
NOR_30Y,5,LORO_Hiking,Hiking,loro,xmpca_03,shap_mean_abs,4.447339961188845e-05,cross_market
NOR_30Y,5,LORO_Hiking,Hiking,loro,xmpca_04,shap_mean_abs,4.136976713198237e-05,cross_market
NOR_30Y,5,LORO_Hiking,Hiking,loro,xmpca_05,shap_mean_abs,0.0,cross_market
NOR_30Y,5,LORO_Hiking,Hiking,loro,xmpca_06,shap_mean_abs,0.001170734059996903,cross_market
NOR_30Y,5,LORO_Hiking,Hiking,loro,xmpca_07,shap_mean_abs,0.0,cross_market
NOR_30Y,5,LORO_Hiking,Hiking,loro,xmpca_08,shap_mean_abs,1.8981238099513575e-05,cross_market
NOR_30Y,5,LORO_Hiking,Hiking,loro,xmpca_09,shap_mean_abs,0.0,cross_market
NOR_30Y,5,LORO_Hiking,Hiking,loro,xmpca_10,shap_mean_abs,8.883657574187964e-05,cross_market
NOR_30Y,5,LORO_Hiking,Hiking,loro,xmpca_11,shap_mean_abs,0.00014199451834429055,cross_market
NOR_30Y,5,LORO_Hiking,Hiking,loro,xmpca_12,shap_mean_abs,0.0,cross_market
NOR_5Y,5,LORO_GFC,GFC,loro,chg_lag1,gain,0.07140738517045975,momentum
NOR_5Y,5,LORO_GFC,GFC,loro,chg_lag2,gain,0.0,momentum
NOR_5Y,5,LORO_GFC,GFC,loro,chg_lag3,gain,0.0,momentum
NOR_5Y,5,LORO_GFC,GFC,loro,chg_lag4,gain,0.0,momentum
NOR_5Y,5,LORO_GFC,GFC,loro,chg_lag5,gain,0.0,momentum
NOR_5Y,5,LORO_GFC,GFC,loro,carry_roll,gain,0.0,carry_roll
NOR_5Y,5,LORO_GFC,GFC,loro,mom_63d,gain,0.0,momentum
NOR_5Y,5,LORO_GFC,GFC,loro,mom_1m,gain,0.0,momentum
NOR_5Y,5,LORO_GFC,GFC,loro,mom_3m,gain,0.3405008018016815,momentum
NOR_5Y,5,LORO_GFC,GFC,loro,mom_6m,gain,0.0,momentum
NOR_5Y,5,LORO_GFC,GFC,loro,mom_12m,gain,0.0,momentum
NOR_5Y,5,LORO_GFC,GFC,loro,dev_ma_3m,gain,0.08499723672866821,curve
NOR_5Y,5,LORO_GFC,GFC,loro,dev_ma_12m,gain,0.0,curve
NOR_5Y,5,LORO_GFC,GFC,loro,vol_20d,gain,0.0,vol
NOR_5Y,5,LORO_GFC,GFC,loro,vol_regime,gain,0.0,vol
NOR_5Y,5,LORO_GFC,GFC,loro,vol_zscore,gain,0.0,vol
NOR_5Y,5,LORO_GFC,GFC,loro,level_zscore,gain,0.0,curve
NOR_5Y,5,LORO_GFC,GFC,loro,slope_10_1,gain,0.0,curve
NOR_5Y,5,LORO_GFC,GFC,loro,slope_10_5,gain,0.0,curve
NOR_5Y,5,LORO_GFC,GFC,loro,slope_5_1,gain,0.0,curve
NOR_5Y,5,LORO_GFC,GFC,loro,sofr_mom_1m,gain,0.0,macro
NOR_5Y,5,LORO_GFC,GFC,loro,ibor_level,gain,0.0,macro
NOR_5Y,5,LORO_GFC,GFC,loro,ibor_chg_1d,gain,0.0,macro
NOR_5Y,5,LORO_GFC,GFC,loro,ibor_mom_1m,gain,0.0,macro
NOR_5Y,5,LORO_GFC,GFC,loro,ibor_term_slope,gain,0.0,macro
NOR_5Y,5,LORO_GFC,GFC,loro,swap_ibor_basis,gain,0.0,curve
NOR_5Y,5,LORO_GFC,GFC,loro,move_level,gain,0.0,vol
NOR_5Y,5,LORO_GFC,GFC,loro,move_zscore,gain,0.0,vol
NOR_5Y,5,LORO_GFC,GFC,loro,vix_level,gain,0.0,vol
NOR_5Y,5,LORO_GFC,GFC,loro,vix_zscore,gain,0.0,vol
NOR_5Y,5,LORO_GFC,GFC,loro,v2x_level,gain,0.0,vol
NOR_5Y,5,LORO_GFC,GFC,loro,vxn_level,gain,0.0,vol
NOR_5Y,5,LORO_GFC,GFC,loro,ovx_level,gain,0.0,vol
NOR_5Y,5,LORO_GFC,GFC,loro,gvz_level,gain,0.13717031478881836,vol
NOR_5Y,5,LORO_GFC,GFC,loro,spx_mom_1m,gain,0.0,macro
NOR_5Y,5,LORO_GFC,GFC,loro,spx_mom_3m,gain,0.0,macro
NOR_5Y,5,LORO_GFC,GFC,loro,sx5e_mom_1m,gain,0.0,macro
NOR_5Y,5,LORO_GFC,GFC,loro,sx5e_mom_3m,gain,0.0,macro
NOR_5Y,5,LORO_GFC,GFC,loro,mxwo_mom_1m,gain,0.0,macro
NOR_5Y,5,LORO_GFC,GFC,loro,ndx_mom_1m,gain,0.1433894783258438,macro
NOR_5Y,5,LORO_GFC,GFC,loro,oil_mom_1m,gain,0.08062034845352173,macro
NOR_5Y,5,LORO_GFC,GFC,loro,oil_mom_3m,gain,0.0,macro
NOR_5Y,5,LORO_GFC,GFC,loro,copper_mom_1m,gain,0.0,macro
NOR_5Y,5,LORO_GFC,GFC,loro,opec_prod,gain,0.0,macro
NOR_5Y,5,LORO_GFC,GFC,loro,natgas_mom_1m,gain,0.0,macro
NOR_5Y,5,LORO_GFC,GFC,loro,be5y_level,gain,0.0,macro
NOR_5Y,5,LORO_GFC,GFC,loro,be10y_level,gain,0.0,macro
NOR_5Y,5,LORO_GFC,GFC,loro,be_slope,gain,0.0,macro
NOR_5Y,5,LORO_GFC,GFC,loro,be5y_chg_1m,gain,0.0,macro
NOR_5Y,5,LORO_GFC,GFC,loro,ig_spread,gain,0.0,credit
NOR_5Y,5,LORO_GFC,GFC,loro,hy_spread,gain,0.0,credit
NOR_5Y,5,LORO_GFC,GFC,loro,ig_chg_1m,gain,0.0,credit
NOR_5Y,5,LORO_GFC,GFC,loro,hy_chg_1m,gain,0.0,credit
NOR_5Y,5,LORO_GFC,GFC,loro,cpi_yoy,gain,0.0,macro
NOR_5Y,5,LORO_GFC,GFC,loro,pce_core_chg,gain,0.0,macro
NOR_5Y,5,LORO_GFC,GFC,loro,nfp_change,gain,0.0,macro
NOR_5Y,5,LORO_GFC,GFC,loro,pmi_us,gain,0.0,macro
NOR_5Y,5,LORO_GFC,GFC,loro,pmi_eur,gain,0.19389580190181732,macro
NOR_5Y,5,LORO_GFC,GFC,loro,unemp_eur,gain,0.0,macro
NOR_5Y,5,LORO_GFC,GFC,loro,cpi_nsa_level,gain,0.0,macro
NOR_5Y,5,LORO_GFC,GFC,loro,pce_core_level,gain,0.0,macro
NOR_5Y,5,LORO_GFC,GFC,loro,eur_3m,gain,0.0,macro
NOR_5Y,5,LORO_GFC,GFC,loro,eur_1w,gain,0.0,macro
NOR_5Y,5,LORO_GFC,GFC,loro,nor_ibor_1m,gain,0.0,norway
NOR_5Y,5,LORO_GFC,GFC,loro,nor_ibor_6m,gain,0.0,norway
NOR_5Y,5,LORO_GFC,GFC,loro,nor_ecb_dfr_chg,gain,0.0,norway
NOR_5Y,5,LORO_GFC,GFC,loro,nor_ecb_dfr_level,gain,0.0,norway
NOR_5Y,5,LORO_GFC,GFC,loro,nor_eurnok_chg_1d,gain,0.0,norway
NOR_5Y,5,LORO_GFC,GFC,loro,nor_eurnok_level,gain,0.0,norway
NOR_5Y,5,LORO_GFC,GFC,loro,nor_eurnok_mom_1m,gain,0.0,norway
NOR_5Y,5,LORO_GFC,GFC,loro,nor_eurnok_mom_3m,gain,0.0,norway
NOR_5Y,5,LORO_GFC,GFC,loro,nor_eurnok_rvol_20d,gain,0.0,norway
NOR_5Y,5,LORO_GFC,GFC,loro,nor_govt_10y,gain,0.0,norway
NOR_5Y,5,LORO_GFC,GFC,loro,nor_govt_3y,gain,0.0,norway
NOR_5Y,5,LORO_GFC,GFC,loro,nor_govt_5y,gain,0.0,norway
NOR_5Y,5,LORO_GFC,GFC,loro,nor_i44_chg_1d,gain,0.0,norway
NOR_5Y,5,LORO_GFC,GFC,loro,nor_i44_level,gain,0.0,norway
NOR_5Y,5,LORO_GFC,GFC,loro,nor_i44_mom_1m,gain,0.23709945380687714,norway
NOR_5Y,5,LORO_GFC,GFC,loro,nor_i44_mom_3m,gain,0.03471280634403229,norway
NOR_5Y,5,LORO_GFC,GFC,loro,nor_i44_rvol_20d,gain,0.0,norway
NOR_5Y,5,LORO_GFC,GFC,loro,nor_kpi_yoy,gain,0.0,norway
NOR_5Y,5,LORO_GFC,GFC,loro,nor_kpijae_yoy,gain,0.0,norway
NOR_5Y,5,LORO_GFC,GFC,loro,nor_nibor_nowa_spread,gain,0.0,norway
NOR_5Y,5,LORO_GFC,GFC,loro,nor_nowa_level,gain,0.0,norway
NOR_5Y,5,LORO_GFC,GFC,loro,nor_polrate_chg_1d,gain,0.0,norway
NOR_5Y,5,LORO_GFC,GFC,loro,nor_polrate_days_since_chg,gain,0.0,norway
NOR_5Y,5,LORO_GFC,GFC,loro,nor_polrate_level,gain,0.0,norway
NOR_5Y,5,LORO_GFC,GFC,loro,nor_rb_rate_chg,gain,0.0,norway
NOR_5Y,5,LORO_GFC,GFC,loro,nor_rb_rate_level,gain,0.0,norway
NOR_5Y,5,LORO_GFC,GFC,loro,nor_unemp,gain,0.0,norway
NOR_5Y,5,LORO_GFC,GFC,loro,nor_usdnok_chg_1d,gain,0.0,norway
NOR_5Y,5,LORO_GFC,GFC,loro,nor_usdnok_level,gain,0.0,norway
NOR_5Y,5,LORO_GFC,GFC,loro,nor_usdnok_mom_1m,gain,0.0,norway
NOR_5Y,5,LORO_GFC,GFC,loro,nor_usdnok_mom_3m,gain,0.2539728581905365,norway
NOR_5Y,5,LORO_GFC,GFC,loro,nor_usdnok_rvol_20d,gain,0.0,norway
NOR_5Y,5,LORO_GFC,GFC,loro,swap_govt_spread,gain,0.0,norway
NOR_5Y,5,LORO_GFC,GFC,loro,xmpca_01,gain,0.0,cross_market
NOR_5Y,5,LORO_GFC,GFC,loro,xmpca_02,gain,0.0,cross_market
NOR_5Y,5,LORO_GFC,GFC,loro,xmpca_03,gain,0.0,cross_market
NOR_5Y,5,LORO_GFC,GFC,loro,xmpca_04,gain,0.0,cross_market
NOR_5Y,5,LORO_GFC,GFC,loro,xmpca_05,gain,0.0,cross_market
NOR_5Y,5,LORO_GFC,GFC,loro,xmpca_06,gain,0.0,cross_market
NOR_5Y,5,LORO_GFC,GFC,loro,xmpca_07,gain,0.0,cross_market
NOR_5Y,5,LORO_GFC,GFC,loro,xmpca_08,gain,0.0,cross_market
NOR_5Y,5,LORO_GFC,GFC,loro,xmpca_09,gain,0.0,cross_market
NOR_5Y,5,LORO_GFC,GFC,loro,xmpca_10,gain,0.0,cross_market
NOR_5Y,5,LORO_GFC,GFC,loro,xmpca_11,gain,0.0,cross_market
NOR_5Y,5,LORO_GFC,GFC,loro,xmpca_12,gain,0.0,cross_market
NOR_5Y,5,LORO_GFC,GFC,loro,chg_lag1,weight,1.0,momentum
NOR_5Y,5,LORO_GFC,GFC,loro,chg_lag2,weight,0.0,momentum
NOR_5Y,5,LORO_GFC,GFC,loro,chg_lag3,weight,0.0,momentum
NOR_5Y,5,LORO_GFC,GFC,loro,chg_lag4,weight,0.0,momentum
NOR_5Y,5,LORO_GFC,GFC,loro,chg_lag5,weight,0.0,momentum
NOR_5Y,5,LORO_GFC,GFC,loro,carry_roll,weight,0.0,carry_roll
NOR_5Y,5,LORO_GFC,GFC,loro,mom_63d,weight,0.0,momentum
NOR_5Y,5,LORO_GFC,GFC,loro,mom_1m,weight,0.0,momentum
NOR_5Y,5,LORO_GFC,GFC,loro,mom_3m,weight,1.0,momentum
NOR_5Y,5,LORO_GFC,GFC,loro,mom_6m,weight,0.0,momentum
NOR_5Y,5,LORO_GFC,GFC,loro,mom_12m,weight,0.0,momentum
NOR_5Y,5,LORO_GFC,GFC,loro,dev_ma_3m,weight,1.0,curve
NOR_5Y,5,LORO_GFC,GFC,loro,dev_ma_12m,weight,0.0,curve
NOR_5Y,5,LORO_GFC,GFC,loro,vol_20d,weight,0.0,vol
NOR_5Y,5,LORO_GFC,GFC,loro,vol_regime,weight,0.0,vol
NOR_5Y,5,LORO_GFC,GFC,loro,vol_zscore,weight,0.0,vol
NOR_5Y,5,LORO_GFC,GFC,loro,level_zscore,weight,0.0,curve
NOR_5Y,5,LORO_GFC,GFC,loro,slope_10_1,weight,0.0,curve
NOR_5Y,5,LORO_GFC,GFC,loro,slope_10_5,weight,0.0,curve
NOR_5Y,5,LORO_GFC,GFC,loro,slope_5_1,weight,0.0,curve
NOR_5Y,5,LORO_GFC,GFC,loro,sofr_mom_1m,weight,0.0,macro
NOR_5Y,5,LORO_GFC,GFC,loro,ibor_level,weight,0.0,macro
NOR_5Y,5,LORO_GFC,GFC,loro,ibor_chg_1d,weight,0.0,macro
NOR_5Y,5,LORO_GFC,GFC,loro,ibor_mom_1m,weight,0.0,macro
NOR_5Y,5,LORO_GFC,GFC,loro,ibor_term_slope,weight,0.0,macro
NOR_5Y,5,LORO_GFC,GFC,loro,swap_ibor_basis,weight,0.0,curve
NOR_5Y,5,LORO_GFC,GFC,loro,move_level,weight,0.0,vol
NOR_5Y,5,LORO_GFC,GFC,loro,move_zscore,weight,0.0,vol
NOR_5Y,5,LORO_GFC,GFC,loro,vix_level,weight,0.0,vol
NOR_5Y,5,LORO_GFC,GFC,loro,vix_zscore,weight,0.0,vol
NOR_5Y,5,LORO_GFC,GFC,loro,v2x_level,weight,0.0,vol
NOR_5Y,5,LORO_GFC,GFC,loro,vxn_level,weight,0.0,vol
NOR_5Y,5,LORO_GFC,GFC,loro,ovx_level,weight,0.0,vol
NOR_5Y,5,LORO_GFC,GFC,loro,gvz_level,weight,1.0,vol
NOR_5Y,5,LORO_GFC,GFC,loro,spx_mom_1m,weight,0.0,macro
NOR_5Y,5,LORO_GFC,GFC,loro,spx_mom_3m,weight,0.0,macro
NOR_5Y,5,LORO_GFC,GFC,loro,sx5e_mom_1m,weight,0.0,macro
NOR_5Y,5,LORO_GFC,GFC,loro,sx5e_mom_3m,weight,0.0,macro
NOR_5Y,5,LORO_GFC,GFC,loro,mxwo_mom_1m,weight,0.0,macro
NOR_5Y,5,LORO_GFC,GFC,loro,ndx_mom_1m,weight,1.0,macro
NOR_5Y,5,LORO_GFC,GFC,loro,oil_mom_1m,weight,1.0,macro
NOR_5Y,5,LORO_GFC,GFC,loro,oil_mom_3m,weight,0.0,macro
NOR_5Y,5,LORO_GFC,GFC,loro,copper_mom_1m,weight,0.0,macro
NOR_5Y,5,LORO_GFC,GFC,loro,opec_prod,weight,0.0,macro
NOR_5Y,5,LORO_GFC,GFC,loro,natgas_mom_1m,weight,0.0,macro
NOR_5Y,5,LORO_GFC,GFC,loro,be5y_level,weight,0.0,macro
NOR_5Y,5,LORO_GFC,GFC,loro,be10y_level,weight,0.0,macro
NOR_5Y,5,LORO_GFC,GFC,loro,be_slope,weight,0.0,macro
NOR_5Y,5,LORO_GFC,GFC,loro,be5y_chg_1m,weight,0.0,macro
NOR_5Y,5,LORO_GFC,GFC,loro,ig_spread,weight,0.0,credit
NOR_5Y,5,LORO_GFC,GFC,loro,hy_spread,weight,0.0,credit
NOR_5Y,5,LORO_GFC,GFC,loro,ig_chg_1m,weight,0.0,credit
NOR_5Y,5,LORO_GFC,GFC,loro,hy_chg_1m,weight,0.0,credit
NOR_5Y,5,LORO_GFC,GFC,loro,cpi_yoy,weight,0.0,macro
NOR_5Y,5,LORO_GFC,GFC,loro,pce_core_chg,weight,0.0,macro
NOR_5Y,5,LORO_GFC,GFC,loro,nfp_change,weight,0.0,macro
NOR_5Y,5,LORO_GFC,GFC,loro,pmi_us,weight,0.0,macro
NOR_5Y,5,LORO_GFC,GFC,loro,pmi_eur,weight,2.0,macro
NOR_5Y,5,LORO_GFC,GFC,loro,unemp_eur,weight,0.0,macro
NOR_5Y,5,LORO_GFC,GFC,loro,cpi_nsa_level,weight,0.0,macro
NOR_5Y,5,LORO_GFC,GFC,loro,pce_core_level,weight,0.0,macro
NOR_5Y,5,LORO_GFC,GFC,loro,eur_3m,weight,0.0,macro
NOR_5Y,5,LORO_GFC,GFC,loro,eur_1w,weight,0.0,macro
NOR_5Y,5,LORO_GFC,GFC,loro,nor_ibor_1m,weight,0.0,norway
NOR_5Y,5,LORO_GFC,GFC,loro,nor_ibor_6m,weight,0.0,norway
NOR_5Y,5,LORO_GFC,GFC,loro,nor_ecb_dfr_chg,weight,0.0,norway
NOR_5Y,5,LORO_GFC,GFC,loro,nor_ecb_dfr_level,weight,0.0,norway
NOR_5Y,5,LORO_GFC,GFC,loro,nor_eurnok_chg_1d,weight,0.0,norway
NOR_5Y,5,LORO_GFC,GFC,loro,nor_eurnok_level,weight,0.0,norway
NOR_5Y,5,LORO_GFC,GFC,loro,nor_eurnok_mom_1m,weight,0.0,norway
NOR_5Y,5,LORO_GFC,GFC,loro,nor_eurnok_mom_3m,weight,0.0,norway
NOR_5Y,5,LORO_GFC,GFC,loro,nor_eurnok_rvol_20d,weight,0.0,norway
NOR_5Y,5,LORO_GFC,GFC,loro,nor_govt_10y,weight,0.0,norway
NOR_5Y,5,LORO_GFC,GFC,loro,nor_govt_3y,weight,0.0,norway
NOR_5Y,5,LORO_GFC,GFC,loro,nor_govt_5y,weight,0.0,norway
NOR_5Y,5,LORO_GFC,GFC,loro,nor_i44_chg_1d,weight,0.0,norway
NOR_5Y,5,LORO_GFC,GFC,loro,nor_i44_level,weight,0.0,norway
NOR_5Y,5,LORO_GFC,GFC,loro,nor_i44_mom_1m,weight,3.0,norway
NOR_5Y,5,LORO_GFC,GFC,loro,nor_i44_mom_3m,weight,1.0,norway
NOR_5Y,5,LORO_GFC,GFC,loro,nor_i44_rvol_20d,weight,0.0,norway
NOR_5Y,5,LORO_GFC,GFC,loro,nor_kpi_yoy,weight,0.0,norway
NOR_5Y,5,LORO_GFC,GFC,loro,nor_kpijae_yoy,weight,0.0,norway
NOR_5Y,5,LORO_GFC,GFC,loro,nor_nibor_nowa_spread,weight,0.0,norway
NOR_5Y,5,LORO_GFC,GFC,loro,nor_nowa_level,weight,0.0,norway
NOR_5Y,5,LORO_GFC,GFC,loro,nor_polrate_chg_1d,weight,0.0,norway
NOR_5Y,5,LORO_GFC,GFC,loro,nor_polrate_days_since_chg,weight,0.0,norway
NOR_5Y,5,LORO_GFC,GFC,loro,nor_polrate_level,weight,0.0,norway
NOR_5Y,5,LORO_GFC,GFC,loro,nor_rb_rate_chg,weight,0.0,norway
NOR_5Y,5,LORO_GFC,GFC,loro,nor_rb_rate_level,weight,0.0,norway
NOR_5Y,5,LORO_GFC,GFC,loro,nor_unemp,weight,0.0,norway
NOR_5Y,5,LORO_GFC,GFC,loro,nor_usdnok_chg_1d,weight,0.0,norway
NOR_5Y,5,LORO_GFC,GFC,loro,nor_usdnok_level,weight,0.0,norway
NOR_5Y,5,LORO_GFC,GFC,loro,nor_usdnok_mom_1m,weight,0.0,norway
NOR_5Y,5,LORO_GFC,GFC,loro,nor_usdnok_mom_3m,weight,1.0,norway
NOR_5Y,5,LORO_GFC,GFC,loro,nor_usdnok_rvol_20d,weight,0.0,norway
NOR_5Y,5,LORO_GFC,GFC,loro,swap_govt_spread,weight,0.0,norway
NOR_5Y,5,LORO_GFC,GFC,loro,xmpca_01,weight,0.0,cross_market
NOR_5Y,5,LORO_GFC,GFC,loro,xmpca_02,weight,0.0,cross_market
NOR_5Y,5,LORO_GFC,GFC,loro,xmpca_03,weight,0.0,cross_market
NOR_5Y,5,LORO_GFC,GFC,loro,xmpca_04,weight,0.0,cross_market
NOR_5Y,5,LORO_GFC,GFC,loro,xmpca_05,weight,0.0,cross_market
NOR_5Y,5,LORO_GFC,GFC,loro,xmpca_06,weight,0.0,cross_market
NOR_5Y,5,LORO_GFC,GFC,loro,xmpca_07,weight,0.0,cross_market
NOR_5Y,5,LORO_GFC,GFC,loro,xmpca_08,weight,0.0,cross_market
NOR_5Y,5,LORO_GFC,GFC,loro,xmpca_09,weight,0.0,cross_market
NOR_5Y,5,LORO_GFC,GFC,loro,xmpca_10,weight,0.0,cross_market
NOR_5Y,5,LORO_GFC,GFC,loro,xmpca_11,weight,0.0,cross_market
NOR_5Y,5,LORO_GFC,GFC,loro,xmpca_12,weight,0.0,cross_market
NOR_5Y,5,LORO_GFC,GFC,loro,chg_lag1,cover,43.0,momentum
NOR_5Y,5,LORO_GFC,GFC,loro,chg_lag2,cover,0.0,momentum
NOR_5Y,5,LORO_GFC,GFC,loro,chg_lag3,cover,0.0,momentum
NOR_5Y,5,LORO_GFC,GFC,loro,chg_lag4,cover,0.0,momentum
NOR_5Y,5,LORO_GFC,GFC,loro,chg_lag5,cover,0.0,momentum
NOR_5Y,5,LORO_GFC,GFC,loro,carry_roll,cover,0.0,carry_roll
NOR_5Y,5,LORO_GFC,GFC,loro,mom_63d,cover,0.0,momentum
NOR_5Y,5,LORO_GFC,GFC,loro,mom_1m,cover,0.0,momentum
NOR_5Y,5,LORO_GFC,GFC,loro,mom_3m,cover,2054.0,momentum
NOR_5Y,5,LORO_GFC,GFC,loro,mom_6m,cover,0.0,momentum
NOR_5Y,5,LORO_GFC,GFC,loro,mom_12m,cover,0.0,momentum
NOR_5Y,5,LORO_GFC,GFC,loro,dev_ma_3m,cover,47.0,curve
NOR_5Y,5,LORO_GFC,GFC,loro,dev_ma_12m,cover,0.0,curve
NOR_5Y,5,LORO_GFC,GFC,loro,vol_20d,cover,0.0,vol
NOR_5Y,5,LORO_GFC,GFC,loro,vol_regime,cover,0.0,vol
NOR_5Y,5,LORO_GFC,GFC,loro,vol_zscore,cover,0.0,vol
NOR_5Y,5,LORO_GFC,GFC,loro,level_zscore,cover,0.0,curve
NOR_5Y,5,LORO_GFC,GFC,loro,slope_10_1,cover,0.0,curve
NOR_5Y,5,LORO_GFC,GFC,loro,slope_10_5,cover,0.0,curve
NOR_5Y,5,LORO_GFC,GFC,loro,slope_5_1,cover,0.0,curve
NOR_5Y,5,LORO_GFC,GFC,loro,sofr_mom_1m,cover,0.0,macro
NOR_5Y,5,LORO_GFC,GFC,loro,ibor_level,cover,0.0,macro
NOR_5Y,5,LORO_GFC,GFC,loro,ibor_chg_1d,cover,0.0,macro
NOR_5Y,5,LORO_GFC,GFC,loro,ibor_mom_1m,cover,0.0,macro
NOR_5Y,5,LORO_GFC,GFC,loro,ibor_term_slope,cover,0.0,macro
NOR_5Y,5,LORO_GFC,GFC,loro,swap_ibor_basis,cover,0.0,curve
NOR_5Y,5,LORO_GFC,GFC,loro,move_level,cover,0.0,vol
NOR_5Y,5,LORO_GFC,GFC,loro,move_zscore,cover,0.0,vol
NOR_5Y,5,LORO_GFC,GFC,loro,vix_level,cover,0.0,vol
NOR_5Y,5,LORO_GFC,GFC,loro,vix_zscore,cover,0.0,vol
NOR_5Y,5,LORO_GFC,GFC,loro,v2x_level,cover,0.0,vol
NOR_5Y,5,LORO_GFC,GFC,loro,vxn_level,cover,0.0,vol
NOR_5Y,5,LORO_GFC,GFC,loro,ovx_level,cover,0.0,vol
NOR_5Y,5,LORO_GFC,GFC,loro,gvz_level,cover,50.0,vol
NOR_5Y,5,LORO_GFC,GFC,loro,spx_mom_1m,cover,0.0,macro
NOR_5Y,5,LORO_GFC,GFC,loro,spx_mom_3m,cover,0.0,macro
NOR_5Y,5,LORO_GFC,GFC,loro,sx5e_mom_1m,cover,0.0,macro
NOR_5Y,5,LORO_GFC,GFC,loro,sx5e_mom_3m,cover,0.0,macro
NOR_5Y,5,LORO_GFC,GFC,loro,mxwo_mom_1m,cover,0.0,macro
NOR_5Y,5,LORO_GFC,GFC,loro,ndx_mom_1m,cover,1720.0,macro
NOR_5Y,5,LORO_GFC,GFC,loro,oil_mom_1m,cover,1577.0,macro
NOR_5Y,5,LORO_GFC,GFC,loro,oil_mom_3m,cover,0.0,macro
NOR_5Y,5,LORO_GFC,GFC,loro,copper_mom_1m,cover,0.0,macro
NOR_5Y,5,LORO_GFC,GFC,loro,opec_prod,cover,0.0,macro
NOR_5Y,5,LORO_GFC,GFC,loro,natgas_mom_1m,cover,0.0,macro
NOR_5Y,5,LORO_GFC,GFC,loro,be5y_level,cover,0.0,macro
NOR_5Y,5,LORO_GFC,GFC,loro,be10y_level,cover,0.0,macro
NOR_5Y,5,LORO_GFC,GFC,loro,be_slope,cover,0.0,macro
NOR_5Y,5,LORO_GFC,GFC,loro,be5y_chg_1m,cover,0.0,macro
NOR_5Y,5,LORO_GFC,GFC,loro,ig_spread,cover,0.0,credit
NOR_5Y,5,LORO_GFC,GFC,loro,hy_spread,cover,0.0,credit
NOR_5Y,5,LORO_GFC,GFC,loro,ig_chg_1m,cover,0.0,credit
NOR_5Y,5,LORO_GFC,GFC,loro,hy_chg_1m,cover,0.0,credit
NOR_5Y,5,LORO_GFC,GFC,loro,cpi_yoy,cover,0.0,macro
NOR_5Y,5,LORO_GFC,GFC,loro,pce_core_chg,cover,0.0,macro
NOR_5Y,5,LORO_GFC,GFC,loro,nfp_change,cover,0.0,macro
NOR_5Y,5,LORO_GFC,GFC,loro,pmi_us,cover,0.0,macro
NOR_5Y,5,LORO_GFC,GFC,loro,pmi_eur,cover,1970.5,macro
NOR_5Y,5,LORO_GFC,GFC,loro,unemp_eur,cover,0.0,macro
NOR_5Y,5,LORO_GFC,GFC,loro,cpi_nsa_level,cover,0.0,macro
NOR_5Y,5,LORO_GFC,GFC,loro,pce_core_level,cover,0.0,macro
NOR_5Y,5,LORO_GFC,GFC,loro,eur_3m,cover,0.0,macro
NOR_5Y,5,LORO_GFC,GFC,loro,eur_1w,cover,0.0,macro
NOR_5Y,5,LORO_GFC,GFC,loro,nor_ibor_1m,cover,0.0,norway
NOR_5Y,5,LORO_GFC,GFC,loro,nor_ibor_6m,cover,0.0,norway
NOR_5Y,5,LORO_GFC,GFC,loro,nor_ecb_dfr_chg,cover,0.0,norway
NOR_5Y,5,LORO_GFC,GFC,loro,nor_ecb_dfr_level,cover,0.0,norway
NOR_5Y,5,LORO_GFC,GFC,loro,nor_eurnok_chg_1d,cover,0.0,norway
NOR_5Y,5,LORO_GFC,GFC,loro,nor_eurnok_level,cover,0.0,norway
NOR_5Y,5,LORO_GFC,GFC,loro,nor_eurnok_mom_1m,cover,0.0,norway
NOR_5Y,5,LORO_GFC,GFC,loro,nor_eurnok_mom_3m,cover,0.0,norway
NOR_5Y,5,LORO_GFC,GFC,loro,nor_eurnok_rvol_20d,cover,0.0,norway
NOR_5Y,5,LORO_GFC,GFC,loro,nor_govt_10y,cover,0.0,norway
NOR_5Y,5,LORO_GFC,GFC,loro,nor_govt_3y,cover,0.0,norway
NOR_5Y,5,LORO_GFC,GFC,loro,nor_govt_5y,cover,0.0,norway
NOR_5Y,5,LORO_GFC,GFC,loro,nor_i44_chg_1d,cover,0.0,norway
NOR_5Y,5,LORO_GFC,GFC,loro,nor_i44_level,cover,0.0,norway
NOR_5Y,5,LORO_GFC,GFC,loro,nor_i44_mom_1m,cover,242.6666717529297,norway
NOR_5Y,5,LORO_GFC,GFC,loro,nor_i44_mom_3m,cover,37.0,norway
NOR_5Y,5,LORO_GFC,GFC,loro,nor_i44_rvol_20d,cover,0.0,norway
NOR_5Y,5,LORO_GFC,GFC,loro,nor_kpi_yoy,cover,0.0,norway
NOR_5Y,5,LORO_GFC,GFC,loro,nor_kpijae_yoy,cover,0.0,norway
NOR_5Y,5,LORO_GFC,GFC,loro,nor_nibor_nowa_spread,cover,0.0,norway
NOR_5Y,5,LORO_GFC,GFC,loro,nor_nowa_level,cover,0.0,norway
NOR_5Y,5,LORO_GFC,GFC,loro,nor_polrate_chg_1d,cover,0.0,norway
NOR_5Y,5,LORO_GFC,GFC,loro,nor_polrate_days_since_chg,cover,0.0,norway
NOR_5Y,5,LORO_GFC,GFC,loro,nor_polrate_level,cover,0.0,norway
NOR_5Y,5,LORO_GFC,GFC,loro,nor_rb_rate_chg,cover,0.0,norway
NOR_5Y,5,LORO_GFC,GFC,loro,nor_rb_rate_level,cover,0.0,norway
NOR_5Y,5,LORO_GFC,GFC,loro,nor_unemp,cover,0.0,norway
NOR_5Y,5,LORO_GFC,GFC,loro,nor_usdnok_chg_1d,cover,0.0,norway
NOR_5Y,5,LORO_GFC,GFC,loro,nor_usdnok_level,cover,0.0,norway
NOR_5Y,5,LORO_GFC,GFC,loro,nor_usdnok_mom_1m,cover,0.0,norway
NOR_5Y,5,LORO_GFC,GFC,loro,nor_usdnok_mom_3m,cover,2021.0,norway
NOR_5Y,5,LORO_GFC,GFC,loro,nor_usdnok_rvol_20d,cover,0.0,norway
NOR_5Y,5,LORO_GFC,GFC,loro,swap_govt_spread,cover,0.0,norway
NOR_5Y,5,LORO_GFC,GFC,loro,xmpca_01,cover,0.0,cross_market
NOR_5Y,5,LORO_GFC,GFC,loro,xmpca_02,cover,0.0,cross_market
NOR_5Y,5,LORO_GFC,GFC,loro,xmpca_03,cover,0.0,cross_market
NOR_5Y,5,LORO_GFC,GFC,loro,xmpca_04,cover,0.0,cross_market
NOR_5Y,5,LORO_GFC,GFC,loro,xmpca_05,cover,0.0,cross_market
NOR_5Y,5,LORO_GFC,GFC,loro,xmpca_06,cover,0.0,cross_market
NOR_5Y,5,LORO_GFC,GFC,loro,xmpca_07,cover,0.0,cross_market
NOR_5Y,5,LORO_GFC,GFC,loro,xmpca_08,cover,0.0,cross_market
NOR_5Y,5,LORO_GFC,GFC,loro,xmpca_09,cover,0.0,cross_market
NOR_5Y,5,LORO_GFC,GFC,loro,xmpca_10,cover,0.0,cross_market
NOR_5Y,5,LORO_GFC,GFC,loro,xmpca_11,cover,0.0,cross_market
NOR_5Y,5,LORO_GFC,GFC,loro,xmpca_12,cover,0.0,cross_market
NOR_5Y,5,LORO_GFC,GFC,loro,chg_lag1,total_gain,0.07140738517045975,momentum
NOR_5Y,5,LORO_GFC,GFC,loro,chg_lag2,total_gain,0.0,momentum
NOR_5Y,5,LORO_GFC,GFC,loro,chg_lag3,total_gain,0.0,momentum
NOR_5Y,5,LORO_GFC,GFC,loro,chg_lag4,total_gain,0.0,momentum
NOR_5Y,5,LORO_GFC,GFC,loro,chg_lag5,total_gain,0.0,momentum
NOR_5Y,5,LORO_GFC,GFC,loro,carry_roll,total_gain,0.0,carry_roll
NOR_5Y,5,LORO_GFC,GFC,loro,mom_63d,total_gain,0.0,momentum
NOR_5Y,5,LORO_GFC,GFC,loro,mom_1m,total_gain,0.0,momentum
NOR_5Y,5,LORO_GFC,GFC,loro,mom_3m,total_gain,0.3405008018016815,momentum
NOR_5Y,5,LORO_GFC,GFC,loro,mom_6m,total_gain,0.0,momentum
NOR_5Y,5,LORO_GFC,GFC,loro,mom_12m,total_gain,0.0,momentum
NOR_5Y,5,LORO_GFC,GFC,loro,dev_ma_3m,total_gain,0.08499723672866821,curve
NOR_5Y,5,LORO_GFC,GFC,loro,dev_ma_12m,total_gain,0.0,curve
NOR_5Y,5,LORO_GFC,GFC,loro,vol_20d,total_gain,0.0,vol
NOR_5Y,5,LORO_GFC,GFC,loro,vol_regime,total_gain,0.0,vol
NOR_5Y,5,LORO_GFC,GFC,loro,vol_zscore,total_gain,0.0,vol
NOR_5Y,5,LORO_GFC,GFC,loro,level_zscore,total_gain,0.0,curve
NOR_5Y,5,LORO_GFC,GFC,loro,slope_10_1,total_gain,0.0,curve
NOR_5Y,5,LORO_GFC,GFC,loro,slope_10_5,total_gain,0.0,curve
NOR_5Y,5,LORO_GFC,GFC,loro,slope_5_1,total_gain,0.0,curve
NOR_5Y,5,LORO_GFC,GFC,loro,sofr_mom_1m,total_gain,0.0,macro
NOR_5Y,5,LORO_GFC,GFC,loro,ibor_level,total_gain,0.0,macro
NOR_5Y,5,LORO_GFC,GFC,loro,ibor_chg_1d,total_gain,0.0,macro
NOR_5Y,5,LORO_GFC,GFC,loro,ibor_mom_1m,total_gain,0.0,macro
NOR_5Y,5,LORO_GFC,GFC,loro,ibor_term_slope,total_gain,0.0,macro
NOR_5Y,5,LORO_GFC,GFC,loro,swap_ibor_basis,total_gain,0.0,curve
NOR_5Y,5,LORO_GFC,GFC,loro,move_level,total_gain,0.0,vol
NOR_5Y,5,LORO_GFC,GFC,loro,move_zscore,total_gain,0.0,vol
NOR_5Y,5,LORO_GFC,GFC,loro,vix_level,total_gain,0.0,vol
NOR_5Y,5,LORO_GFC,GFC,loro,vix_zscore,total_gain,0.0,vol
NOR_5Y,5,LORO_GFC,GFC,loro,v2x_level,total_gain,0.0,vol
NOR_5Y,5,LORO_GFC,GFC,loro,vxn_level,total_gain,0.0,vol
NOR_5Y,5,LORO_GFC,GFC,loro,ovx_level,total_gain,0.0,vol
NOR_5Y,5,LORO_GFC,GFC,loro,gvz_level,total_gain,0.13717031478881836,vol
NOR_5Y,5,LORO_GFC,GFC,loro,spx_mom_1m,total_gain,0.0,macro
NOR_5Y,5,LORO_GFC,GFC,loro,spx_mom_3m,total_gain,0.0,macro
NOR_5Y,5,LORO_GFC,GFC,loro,sx5e_mom_1m,total_gain,0.0,macro
NOR_5Y,5,LORO_GFC,GFC,loro,sx5e_mom_3m,total_gain,0.0,macro
NOR_5Y,5,LORO_GFC,GFC,loro,mxwo_mom_1m,total_gain,0.0,macro
NOR_5Y,5,LORO_GFC,GFC,loro,ndx_mom_1m,total_gain,0.1433894783258438,macro
NOR_5Y,5,LORO_GFC,GFC,loro,oil_mom_1m,total_gain,0.08062034845352173,macro
NOR_5Y,5,LORO_GFC,GFC,loro,oil_mom_3m,total_gain,0.0,macro
NOR_5Y,5,LORO_GFC,GFC,loro,copper_mom_1m,total_gain,0.0,macro
NOR_5Y,5,LORO_GFC,GFC,loro,opec_prod,total_gain,0.0,macro
NOR_5Y,5,LORO_GFC,GFC,loro,natgas_mom_1m,total_gain,0.0,macro
NOR_5Y,5,LORO_GFC,GFC,loro,be5y_level,total_gain,0.0,macro
NOR_5Y,5,LORO_GFC,GFC,loro,be10y_level,total_gain,0.0,macro
NOR_5Y,5,LORO_GFC,GFC,loro,be_slope,total_gain,0.0,macro
NOR_5Y,5,LORO_GFC,GFC,loro,be5y_chg_1m,total_gain,0.0,macro
NOR_5Y,5,LORO_GFC,GFC,loro,ig_spread,total_gain,0.0,credit
NOR_5Y,5,LORO_GFC,GFC,loro,hy_spread,total_gain,0.0,credit
NOR_5Y,5,LORO_GFC,GFC,loro,ig_chg_1m,total_gain,0.0,credit
NOR_5Y,5,LORO_GFC,GFC,loro,hy_chg_1m,total_gain,0.0,credit
NOR_5Y,5,LORO_GFC,GFC,loro,cpi_yoy,total_gain,0.0,macro
NOR_5Y,5,LORO_GFC,GFC,loro,pce_core_chg,total_gain,0.0,macro
NOR_5Y,5,LORO_GFC,GFC,loro,nfp_change,total_gain,0.0,macro
NOR_5Y,5,LORO_GFC,GFC,loro,pmi_us,total_gain,0.0,macro
NOR_5Y,5,LORO_GFC,GFC,loro,pmi_eur,total_gain,0.38779160380363464,macro
NOR_5Y,5,LORO_GFC,GFC,loro,unemp_eur,total_gain,0.0,macro
NOR_5Y,5,LORO_GFC,GFC,loro,cpi_nsa_level,total_gain,0.0,macro
NOR_5Y,5,LORO_GFC,GFC,loro,pce_core_level,total_gain,0.0,macro
NOR_5Y,5,LORO_GFC,GFC,loro,eur_3m,total_gain,0.0,macro
NOR_5Y,5,LORO_GFC,GFC,loro,eur_1w,total_gain,0.0,macro
NOR_5Y,5,LORO_GFC,GFC,loro,nor_ibor_1m,total_gain,0.0,norway
NOR_5Y,5,LORO_GFC,GFC,loro,nor_ibor_6m,total_gain,0.0,norway
NOR_5Y,5,LORO_GFC,GFC,loro,nor_ecb_dfr_chg,total_gain,0.0,norway
NOR_5Y,5,LORO_GFC,GFC,loro,nor_ecb_dfr_level,total_gain,0.0,norway
NOR_5Y,5,LORO_GFC,GFC,loro,nor_eurnok_chg_1d,total_gain,0.0,norway
NOR_5Y,5,LORO_GFC,GFC,loro,nor_eurnok_level,total_gain,0.0,norway
NOR_5Y,5,LORO_GFC,GFC,loro,nor_eurnok_mom_1m,total_gain,0.0,norway
NOR_5Y,5,LORO_GFC,GFC,loro,nor_eurnok_mom_3m,total_gain,0.0,norway
NOR_5Y,5,LORO_GFC,GFC,loro,nor_eurnok_rvol_20d,total_gain,0.0,norway
NOR_5Y,5,LORO_GFC,GFC,loro,nor_govt_10y,total_gain,0.0,norway
NOR_5Y,5,LORO_GFC,GFC,loro,nor_govt_3y,total_gain,0.0,norway
NOR_5Y,5,LORO_GFC,GFC,loro,nor_govt_5y,total_gain,0.0,norway
NOR_5Y,5,LORO_GFC,GFC,loro,nor_i44_chg_1d,total_gain,0.0,norway
NOR_5Y,5,LORO_GFC,GFC,loro,nor_i44_level,total_gain,0.0,norway
NOR_5Y,5,LORO_GFC,GFC,loro,nor_i44_mom_1m,total_gain,0.7112983465194702,norway
NOR_5Y,5,LORO_GFC,GFC,loro,nor_i44_mom_3m,total_gain,0.03471280634403229,norway
NOR_5Y,5,LORO_GFC,GFC,loro,nor_i44_rvol_20d,total_gain,0.0,norway
NOR_5Y,5,LORO_GFC,GFC,loro,nor_kpi_yoy,total_gain,0.0,norway
NOR_5Y,5,LORO_GFC,GFC,loro,nor_kpijae_yoy,total_gain,0.0,norway
NOR_5Y,5,LORO_GFC,GFC,loro,nor_nibor_nowa_spread,total_gain,0.0,norway
NOR_5Y,5,LORO_GFC,GFC,loro,nor_nowa_level,total_gain,0.0,norway
NOR_5Y,5,LORO_GFC,GFC,loro,nor_polrate_chg_1d,total_gain,0.0,norway
NOR_5Y,5,LORO_GFC,GFC,loro,nor_polrate_days_since_chg,total_gain,0.0,norway
NOR_5Y,5,LORO_GFC,GFC,loro,nor_polrate_level,total_gain,0.0,norway
NOR_5Y,5,LORO_GFC,GFC,loro,nor_rb_rate_chg,total_gain,0.0,norway
NOR_5Y,5,LORO_GFC,GFC,loro,nor_rb_rate_level,total_gain,0.0,norway
NOR_5Y,5,LORO_GFC,GFC,loro,nor_unemp,total_gain,0.0,norway
NOR_5Y,5,LORO_GFC,GFC,loro,nor_usdnok_chg_1d,total_gain,0.0,norway
NOR_5Y,5,LORO_GFC,GFC,loro,nor_usdnok_level,total_gain,0.0,norway
NOR_5Y,5,LORO_GFC,GFC,loro,nor_usdnok_mom_1m,total_gain,0.0,norway
NOR_5Y,5,LORO_GFC,GFC,loro,nor_usdnok_mom_3m,total_gain,0.2539728581905365,norway
NOR_5Y,5,LORO_GFC,GFC,loro,nor_usdnok_rvol_20d,total_gain,0.0,norway
NOR_5Y,5,LORO_GFC,GFC,loro,swap_govt_spread,total_gain,0.0,norway
NOR_5Y,5,LORO_GFC,GFC,loro,xmpca_01,total_gain,0.0,cross_market
NOR_5Y,5,LORO_GFC,GFC,loro,xmpca_02,total_gain,0.0,cross_market
NOR_5Y,5,LORO_GFC,GFC,loro,xmpca_03,total_gain,0.0,cross_market
NOR_5Y,5,LORO_GFC,GFC,loro,xmpca_04,total_gain,0.0,cross_market
NOR_5Y,5,LORO_GFC,GFC,loro,xmpca_05,total_gain,0.0,cross_market
NOR_5Y,5,LORO_GFC,GFC,loro,xmpca_06,total_gain,0.0,cross_market
NOR_5Y,5,LORO_GFC,GFC,loro,xmpca_07,total_gain,0.0,cross_market
NOR_5Y,5,LORO_GFC,GFC,loro,xmpca_08,total_gain,0.0,cross_market
NOR_5Y,5,LORO_GFC,GFC,loro,xmpca_09,total_gain,0.0,cross_market
NOR_5Y,5,LORO_GFC,GFC,loro,xmpca_10,total_gain,0.0,cross_market
NOR_5Y,5,LORO_GFC,GFC,loro,xmpca_11,total_gain,0.0,cross_market
NOR_5Y,5,LORO_GFC,GFC,loro,xmpca_12,total_gain,0.0,cross_market
NOR_5Y,5,LORO_GFC,GFC,loro,chg_lag1,total_cover,43.0,momentum
NOR_5Y,5,LORO_GFC,GFC,loro,chg_lag2,total_cover,0.0,momentum
NOR_5Y,5,LORO_GFC,GFC,loro,chg_lag3,total_cover,0.0,momentum
NOR_5Y,5,LORO_GFC,GFC,loro,chg_lag4,total_cover,0.0,momentum
NOR_5Y,5,LORO_GFC,GFC,loro,chg_lag5,total_cover,0.0,momentum
NOR_5Y,5,LORO_GFC,GFC,loro,carry_roll,total_cover,0.0,carry_roll
NOR_5Y,5,LORO_GFC,GFC,loro,mom_63d,total_cover,0.0,momentum
NOR_5Y,5,LORO_GFC,GFC,loro,mom_1m,total_cover,0.0,momentum
NOR_5Y,5,LORO_GFC,GFC,loro,mom_3m,total_cover,2054.0,momentum
NOR_5Y,5,LORO_GFC,GFC,loro,mom_6m,total_cover,0.0,momentum
NOR_5Y,5,LORO_GFC,GFC,loro,mom_12m,total_cover,0.0,momentum
NOR_5Y,5,LORO_GFC,GFC,loro,dev_ma_3m,total_cover,47.0,curve
NOR_5Y,5,LORO_GFC,GFC,loro,dev_ma_12m,total_cover,0.0,curve
NOR_5Y,5,LORO_GFC,GFC,loro,vol_20d,total_cover,0.0,vol
NOR_5Y,5,LORO_GFC,GFC,loro,vol_regime,total_cover,0.0,vol
NOR_5Y,5,LORO_GFC,GFC,loro,vol_zscore,total_cover,0.0,vol
NOR_5Y,5,LORO_GFC,GFC,loro,level_zscore,total_cover,0.0,curve
NOR_5Y,5,LORO_GFC,GFC,loro,slope_10_1,total_cover,0.0,curve
NOR_5Y,5,LORO_GFC,GFC,loro,slope_10_5,total_cover,0.0,curve
NOR_5Y,5,LORO_GFC,GFC,loro,slope_5_1,total_cover,0.0,curve
NOR_5Y,5,LORO_GFC,GFC,loro,sofr_mom_1m,total_cover,0.0,macro
NOR_5Y,5,LORO_GFC,GFC,loro,ibor_level,total_cover,0.0,macro
NOR_5Y,5,LORO_GFC,GFC,loro,ibor_chg_1d,total_cover,0.0,macro
NOR_5Y,5,LORO_GFC,GFC,loro,ibor_mom_1m,total_cover,0.0,macro
NOR_5Y,5,LORO_GFC,GFC,loro,ibor_term_slope,total_cover,0.0,macro
NOR_5Y,5,LORO_GFC,GFC,loro,swap_ibor_basis,total_cover,0.0,curve
NOR_5Y,5,LORO_GFC,GFC,loro,move_level,total_cover,0.0,vol
NOR_5Y,5,LORO_GFC,GFC,loro,move_zscore,total_cover,0.0,vol
NOR_5Y,5,LORO_GFC,GFC,loro,vix_level,total_cover,0.0,vol
NOR_5Y,5,LORO_GFC,GFC,loro,vix_zscore,total_cover,0.0,vol
NOR_5Y,5,LORO_GFC,GFC,loro,v2x_level,total_cover,0.0,vol
NOR_5Y,5,LORO_GFC,GFC,loro,vxn_level,total_cover,0.0,vol
NOR_5Y,5,LORO_GFC,GFC,loro,ovx_level,total_cover,0.0,vol
NOR_5Y,5,LORO_GFC,GFC,loro,gvz_level,total_cover,50.0,vol
NOR_5Y,5,LORO_GFC,GFC,loro,spx_mom_1m,total_cover,0.0,macro
NOR_5Y,5,LORO_GFC,GFC,loro,spx_mom_3m,total_cover,0.0,macro
NOR_5Y,5,LORO_GFC,GFC,loro,sx5e_mom_1m,total_cover,0.0,macro
NOR_5Y,5,LORO_GFC,GFC,loro,sx5e_mom_3m,total_cover,0.0,macro
NOR_5Y,5,LORO_GFC,GFC,loro,mxwo_mom_1m,total_cover,0.0,macro
NOR_5Y,5,LORO_GFC,GFC,loro,ndx_mom_1m,total_cover,1720.0,macro
NOR_5Y,5,LORO_GFC,GFC,loro,oil_mom_1m,total_cover,1577.0,macro
NOR_5Y,5,LORO_GFC,GFC,loro,oil_mom_3m,total_cover,0.0,macro
NOR_5Y,5,LORO_GFC,GFC,loro,copper_mom_1m,total_cover,0.0,macro
NOR_5Y,5,LORO_GFC,GFC,loro,opec_prod,total_cover,0.0,macro
NOR_5Y,5,LORO_GFC,GFC,loro,natgas_mom_1m,total_cover,0.0,macro
NOR_5Y,5,LORO_GFC,GFC,loro,be5y_level,total_cover,0.0,macro
NOR_5Y,5,LORO_GFC,GFC,loro,be10y_level,total_cover,0.0,macro
NOR_5Y,5,LORO_GFC,GFC,loro,be_slope,total_cover,0.0,macro
NOR_5Y,5,LORO_GFC,GFC,loro,be5y_chg_1m,total_cover,0.0,macro
NOR_5Y,5,LORO_GFC,GFC,loro,ig_spread,total_cover,0.0,credit
NOR_5Y,5,LORO_GFC,GFC,loro,hy_spread,total_cover,0.0,credit
NOR_5Y,5,LORO_GFC,GFC,loro,ig_chg_1m,total_cover,0.0,credit
NOR_5Y,5,LORO_GFC,GFC,loro,hy_chg_1m,total_cover,0.0,credit
NOR_5Y,5,LORO_GFC,GFC,loro,cpi_yoy,total_cover,0.0,macro
NOR_5Y,5,LORO_GFC,GFC,loro,pce_core_chg,total_cover,0.0,macro
NOR_5Y,5,LORO_GFC,GFC,loro,nfp_change,total_cover,0.0,macro
NOR_5Y,5,LORO_GFC,GFC,loro,pmi_us,total_cover,0.0,macro
NOR_5Y,5,LORO_GFC,GFC,loro,pmi_eur,total_cover,3941.0,macro
NOR_5Y,5,LORO_GFC,GFC,loro,unemp_eur,total_cover,0.0,macro
NOR_5Y,5,LORO_GFC,GFC,loro,cpi_nsa_level,total_cover,0.0,macro
NOR_5Y,5,LORO_GFC,GFC,loro,pce_core_level,total_cover,0.0,macro
NOR_5Y,5,LORO_GFC,GFC,loro,eur_3m,total_cover,0.0,macro
NOR_5Y,5,LORO_GFC,GFC,loro,eur_1w,total_cover,0.0,macro
NOR_5Y,5,LORO_GFC,GFC,loro,nor_ibor_1m,total_cover,0.0,norway
NOR_5Y,5,LORO_GFC,GFC,loro,nor_ibor_6m,total_cover,0.0,norway
NOR_5Y,5,LORO_GFC,GFC,loro,nor_ecb_dfr_chg,total_cover,0.0,norway
NOR_5Y,5,LORO_GFC,GFC,loro,nor_ecb_dfr_level,total_cover,0.0,norway
NOR_5Y,5,LORO_GFC,GFC,loro,nor_eurnok_chg_1d,total_cover,0.0,norway
NOR_5Y,5,LORO_GFC,GFC,loro,nor_eurnok_level,total_cover,0.0,norway
NOR_5Y,5,LORO_GFC,GFC,loro,nor_eurnok_mom_1m,total_cover,0.0,norway
NOR_5Y,5,LORO_GFC,GFC,loro,nor_eurnok_mom_3m,total_cover,0.0,norway
NOR_5Y,5,LORO_GFC,GFC,loro,nor_eurnok_rvol_20d,total_cover,0.0,norway
NOR_5Y,5,LORO_GFC,GFC,loro,nor_govt_10y,total_cover,0.0,norway
NOR_5Y,5,LORO_GFC,GFC,loro,nor_govt_3y,total_cover,0.0,norway
NOR_5Y,5,LORO_GFC,GFC,loro,nor_govt_5y,total_cover,0.0,norway
NOR_5Y,5,LORO_GFC,GFC,loro,nor_i44_chg_1d,total_cover,0.0,norway
NOR_5Y,5,LORO_GFC,GFC,loro,nor_i44_level,total_cover,0.0,norway
NOR_5Y,5,LORO_GFC,GFC,loro,nor_i44_mom_1m,total_cover,728.0,norway
NOR_5Y,5,LORO_GFC,GFC,loro,nor_i44_mom_3m,total_cover,37.0,norway
NOR_5Y,5,LORO_GFC,GFC,loro,nor_i44_rvol_20d,total_cover,0.0,norway
NOR_5Y,5,LORO_GFC,GFC,loro,nor_kpi_yoy,total_cover,0.0,norway
NOR_5Y,5,LORO_GFC,GFC,loro,nor_kpijae_yoy,total_cover,0.0,norway
NOR_5Y,5,LORO_GFC,GFC,loro,nor_nibor_nowa_spread,total_cover,0.0,norway
NOR_5Y,5,LORO_GFC,GFC,loro,nor_nowa_level,total_cover,0.0,norway
NOR_5Y,5,LORO_GFC,GFC,loro,nor_polrate_chg_1d,total_cover,0.0,norway
NOR_5Y,5,LORO_GFC,GFC,loro,nor_polrate_days_since_chg,total_cover,0.0,norway
NOR_5Y,5,LORO_GFC,GFC,loro,nor_polrate_level,total_cover,0.0,norway
NOR_5Y,5,LORO_GFC,GFC,loro,nor_rb_rate_chg,total_cover,0.0,norway
NOR_5Y,5,LORO_GFC,GFC,loro,nor_rb_rate_level,total_cover,0.0,norway
NOR_5Y,5,LORO_GFC,GFC,loro,nor_unemp,total_cover,0.0,norway
NOR_5Y,5,LORO_GFC,GFC,loro,nor_usdnok_chg_1d,total_cover,0.0,norway
NOR_5Y,5,LORO_GFC,GFC,loro,nor_usdnok_level,total_cover,0.0,norway
NOR_5Y,5,LORO_GFC,GFC,loro,nor_usdnok_mom_1m,total_cover,0.0,norway
NOR_5Y,5,LORO_GFC,GFC,loro,nor_usdnok_mom_3m,total_cover,2021.0,norway
NOR_5Y,5,LORO_GFC,GFC,loro,nor_usdnok_rvol_20d,total_cover,0.0,norway
NOR_5Y,5,LORO_GFC,GFC,loro,swap_govt_spread,total_cover,0.0,norway
NOR_5Y,5,LORO_GFC,GFC,loro,xmpca_01,total_cover,0.0,cross_market
NOR_5Y,5,LORO_GFC,GFC,loro,xmpca_02,total_cover,0.0,cross_market
NOR_5Y,5,LORO_GFC,GFC,loro,xmpca_03,total_cover,0.0,cross_market
NOR_5Y,5,LORO_GFC,GFC,loro,xmpca_04,total_cover,0.0,cross_market
NOR_5Y,5,LORO_GFC,GFC,loro,xmpca_05,total_cover,0.0,cross_market
NOR_5Y,5,LORO_GFC,GFC,loro,xmpca_06,total_cover,0.0,cross_market
NOR_5Y,5,LORO_GFC,GFC,loro,xmpca_07,total_cover,0.0,cross_market
NOR_5Y,5,LORO_GFC,GFC,loro,xmpca_08,total_cover,0.0,cross_market
NOR_5Y,5,LORO_GFC,GFC,loro,xmpca_09,total_cover,0.0,cross_market
NOR_5Y,5,LORO_GFC,GFC,loro,xmpca_10,total_cover,0.0,cross_market
NOR_5Y,5,LORO_GFC,GFC,loro,xmpca_11,total_cover,0.0,cross_market
NOR_5Y,5,LORO_GFC,GFC,loro,xmpca_12,total_cover,0.0,cross_market
NOR_5Y,5,LORO_GFC,GFC,loro,chg_lag1,shap_mean_abs,0.0001564043777761981,momentum
NOR_5Y,5,LORO_GFC,GFC,loro,chg_lag2,shap_mean_abs,0.0,momentum
NOR_5Y,5,LORO_GFC,GFC,loro,chg_lag3,shap_mean_abs,0.0,momentum
NOR_5Y,5,LORO_GFC,GFC,loro,chg_lag4,shap_mean_abs,0.0,momentum
NOR_5Y,5,LORO_GFC,GFC,loro,chg_lag5,shap_mean_abs,0.0,momentum
NOR_5Y,5,LORO_GFC,GFC,loro,carry_roll,shap_mean_abs,0.0,carry_roll
NOR_5Y,5,LORO_GFC,GFC,loro,mom_63d,shap_mean_abs,0.0,momentum
NOR_5Y,5,LORO_GFC,GFC,loro,mom_1m,shap_mean_abs,0.0,momentum
NOR_5Y,5,LORO_GFC,GFC,loro,mom_3m,shap_mean_abs,0.0006785521400161088,momentum
NOR_5Y,5,LORO_GFC,GFC,loro,mom_6m,shap_mean_abs,0.0,momentum
NOR_5Y,5,LORO_GFC,GFC,loro,mom_12m,shap_mean_abs,0.0,momentum
NOR_5Y,5,LORO_GFC,GFC,loro,dev_ma_3m,shap_mean_abs,0.00015741662355139852,curve
NOR_5Y,5,LORO_GFC,GFC,loro,dev_ma_12m,shap_mean_abs,0.0,curve
NOR_5Y,5,LORO_GFC,GFC,loro,vol_20d,shap_mean_abs,0.0,vol
NOR_5Y,5,LORO_GFC,GFC,loro,vol_regime,shap_mean_abs,0.0,vol
NOR_5Y,5,LORO_GFC,GFC,loro,vol_zscore,shap_mean_abs,0.0,vol
NOR_5Y,5,LORO_GFC,GFC,loro,level_zscore,shap_mean_abs,0.0,curve
NOR_5Y,5,LORO_GFC,GFC,loro,slope_10_1,shap_mean_abs,0.0,curve
NOR_5Y,5,LORO_GFC,GFC,loro,slope_10_5,shap_mean_abs,0.0,curve
NOR_5Y,5,LORO_GFC,GFC,loro,slope_5_1,shap_mean_abs,0.0,curve
NOR_5Y,5,LORO_GFC,GFC,loro,sofr_mom_1m,shap_mean_abs,0.0,macro
NOR_5Y,5,LORO_GFC,GFC,loro,ibor_level,shap_mean_abs,0.0,macro
NOR_5Y,5,LORO_GFC,GFC,loro,ibor_chg_1d,shap_mean_abs,0.0,macro
NOR_5Y,5,LORO_GFC,GFC,loro,ibor_mom_1m,shap_mean_abs,0.0,macro
NOR_5Y,5,LORO_GFC,GFC,loro,ibor_term_slope,shap_mean_abs,0.0,macro
NOR_5Y,5,LORO_GFC,GFC,loro,swap_ibor_basis,shap_mean_abs,0.0,curve
NOR_5Y,5,LORO_GFC,GFC,loro,move_level,shap_mean_abs,0.0,vol
NOR_5Y,5,LORO_GFC,GFC,loro,move_zscore,shap_mean_abs,0.0,vol
NOR_5Y,5,LORO_GFC,GFC,loro,vix_level,shap_mean_abs,0.0,vol
NOR_5Y,5,LORO_GFC,GFC,loro,vix_zscore,shap_mean_abs,0.0,vol
NOR_5Y,5,LORO_GFC,GFC,loro,v2x_level,shap_mean_abs,0.0,vol
NOR_5Y,5,LORO_GFC,GFC,loro,vxn_level,shap_mean_abs,0.0,vol
NOR_5Y,5,LORO_GFC,GFC,loro,ovx_level,shap_mean_abs,0.0,vol
NOR_5Y,5,LORO_GFC,GFC,loro,gvz_level,shap_mean_abs,9.814502118388191e-05,vol
NOR_5Y,5,LORO_GFC,GFC,loro,spx_mom_1m,shap_mean_abs,0.0,macro
NOR_5Y,5,LORO_GFC,GFC,loro,spx_mom_3m,shap_mean_abs,0.0,macro
NOR_5Y,5,LORO_GFC,GFC,loro,sx5e_mom_1m,shap_mean_abs,0.0,macro
NOR_5Y,5,LORO_GFC,GFC,loro,sx5e_mom_3m,shap_mean_abs,0.0,macro
NOR_5Y,5,LORO_GFC,GFC,loro,mxwo_mom_1m,shap_mean_abs,0.0,macro
NOR_5Y,5,LORO_GFC,GFC,loro,ndx_mom_1m,shap_mean_abs,0.00042025584843941033,macro
NOR_5Y,5,LORO_GFC,GFC,loro,oil_mom_1m,shap_mean_abs,0.00040732111665420234,macro
NOR_5Y,5,LORO_GFC,GFC,loro,oil_mom_3m,shap_mean_abs,0.0,macro
NOR_5Y,5,LORO_GFC,GFC,loro,copper_mom_1m,shap_mean_abs,0.0,macro
NOR_5Y,5,LORO_GFC,GFC,loro,opec_prod,shap_mean_abs,0.0,macro
NOR_5Y,5,LORO_GFC,GFC,loro,natgas_mom_1m,shap_mean_abs,0.0,macro
NOR_5Y,5,LORO_GFC,GFC,loro,be5y_level,shap_mean_abs,0.0,macro
NOR_5Y,5,LORO_GFC,GFC,loro,be10y_level,shap_mean_abs,0.0,macro
NOR_5Y,5,LORO_GFC,GFC,loro,be_slope,shap_mean_abs,0.0,macro
NOR_5Y,5,LORO_GFC,GFC,loro,be5y_chg_1m,shap_mean_abs,0.0,macro
NOR_5Y,5,LORO_GFC,GFC,loro,ig_spread,shap_mean_abs,0.0,credit
NOR_5Y,5,LORO_GFC,GFC,loro,hy_spread,shap_mean_abs,0.0,credit
NOR_5Y,5,LORO_GFC,GFC,loro,ig_chg_1m,shap_mean_abs,0.0,credit
NOR_5Y,5,LORO_GFC,GFC,loro,hy_chg_1m,shap_mean_abs,0.0,credit
NOR_5Y,5,LORO_GFC,GFC,loro,cpi_yoy,shap_mean_abs,0.0,macro
NOR_5Y,5,LORO_GFC,GFC,loro,pce_core_chg,shap_mean_abs,0.0,macro
NOR_5Y,5,LORO_GFC,GFC,loro,nfp_change,shap_mean_abs,0.0,macro
NOR_5Y,5,LORO_GFC,GFC,loro,pmi_us,shap_mean_abs,0.0,macro
NOR_5Y,5,LORO_GFC,GFC,loro,pmi_eur,shap_mean_abs,0.0009817532263696194,macro
NOR_5Y,5,LORO_GFC,GFC,loro,unemp_eur,shap_mean_abs,0.0,macro
NOR_5Y,5,LORO_GFC,GFC,loro,cpi_nsa_level,shap_mean_abs,0.0,macro
NOR_5Y,5,LORO_GFC,GFC,loro,pce_core_level,shap_mean_abs,0.0,macro
NOR_5Y,5,LORO_GFC,GFC,loro,eur_3m,shap_mean_abs,0.0,macro
NOR_5Y,5,LORO_GFC,GFC,loro,eur_1w,shap_mean_abs,0.0,macro
NOR_5Y,5,LORO_GFC,GFC,loro,nor_ibor_1m,shap_mean_abs,0.0,norway
NOR_5Y,5,LORO_GFC,GFC,loro,nor_ibor_6m,shap_mean_abs,0.0,norway
NOR_5Y,5,LORO_GFC,GFC,loro,nor_ecb_dfr_chg,shap_mean_abs,0.0,norway
NOR_5Y,5,LORO_GFC,GFC,loro,nor_ecb_dfr_level,shap_mean_abs,0.0,norway
NOR_5Y,5,LORO_GFC,GFC,loro,nor_eurnok_chg_1d,shap_mean_abs,0.0,norway
NOR_5Y,5,LORO_GFC,GFC,loro,nor_eurnok_level,shap_mean_abs,0.0,norway
NOR_5Y,5,LORO_GFC,GFC,loro,nor_eurnok_mom_1m,shap_mean_abs,0.0,norway
NOR_5Y,5,LORO_GFC,GFC,loro,nor_eurnok_mom_3m,shap_mean_abs,0.0,norway
NOR_5Y,5,LORO_GFC,GFC,loro,nor_eurnok_rvol_20d,shap_mean_abs,0.0,norway
NOR_5Y,5,LORO_GFC,GFC,loro,nor_govt_10y,shap_mean_abs,0.0,norway
NOR_5Y,5,LORO_GFC,GFC,loro,nor_govt_3y,shap_mean_abs,0.0,norway
NOR_5Y,5,LORO_GFC,GFC,loro,nor_govt_5y,shap_mean_abs,0.0,norway
NOR_5Y,5,LORO_GFC,GFC,loro,nor_i44_chg_1d,shap_mean_abs,0.0,norway
NOR_5Y,5,LORO_GFC,GFC,loro,nor_i44_level,shap_mean_abs,0.0,norway
NOR_5Y,5,LORO_GFC,GFC,loro,nor_i44_mom_1m,shap_mean_abs,0.000979966251179576,norway
NOR_5Y,5,LORO_GFC,GFC,loro,nor_i44_mom_3m,shap_mean_abs,4.514222018769942e-05,norway
NOR_5Y,5,LORO_GFC,GFC,loro,nor_i44_rvol_20d,shap_mean_abs,0.0,norway
NOR_5Y,5,LORO_GFC,GFC,loro,nor_kpi_yoy,shap_mean_abs,0.0,norway
NOR_5Y,5,LORO_GFC,GFC,loro,nor_kpijae_yoy,shap_mean_abs,0.0,norway
NOR_5Y,5,LORO_GFC,GFC,loro,nor_nibor_nowa_spread,shap_mean_abs,0.0,norway
NOR_5Y,5,LORO_GFC,GFC,loro,nor_nowa_level,shap_mean_abs,0.0,norway
NOR_5Y,5,LORO_GFC,GFC,loro,nor_polrate_chg_1d,shap_mean_abs,0.0,norway
NOR_5Y,5,LORO_GFC,GFC,loro,nor_polrate_days_since_chg,shap_mean_abs,0.0,norway
NOR_5Y,5,LORO_GFC,GFC,loro,nor_polrate_level,shap_mean_abs,0.0,norway
NOR_5Y,5,LORO_GFC,GFC,loro,nor_rb_rate_chg,shap_mean_abs,0.0,norway
NOR_5Y,5,LORO_GFC,GFC,loro,nor_rb_rate_level,shap_mean_abs,0.0,norway
NOR_5Y,5,LORO_GFC,GFC,loro,nor_unemp,shap_mean_abs,0.0,norway
NOR_5Y,5,LORO_GFC,GFC,loro,nor_usdnok_chg_1d,shap_mean_abs,0.0,norway
NOR_5Y,5,LORO_GFC,GFC,loro,nor_usdnok_level,shap_mean_abs,0.0,norway
NOR_5Y,5,LORO_GFC,GFC,loro,nor_usdnok_mom_1m,shap_mean_abs,0.0,norway
NOR_5Y,5,LORO_GFC,GFC,loro,nor_usdnok_mom_3m,shap_mean_abs,0.00046363152796402574,norway
NOR_5Y,5,LORO_GFC,GFC,loro,nor_usdnok_rvol_20d,shap_mean_abs,0.0,norway
NOR_5Y,5,LORO_GFC,GFC,loro,swap_govt_spread,shap_mean_abs,0.0,norway
NOR_5Y,5,LORO_GFC,GFC,loro,xmpca_01,shap_mean_abs,0.0,cross_market
NOR_5Y,5,LORO_GFC,GFC,loro,xmpca_02,shap_mean_abs,0.0,cross_market
NOR_5Y,5,LORO_GFC,GFC,loro,xmpca_03,shap_mean_abs,0.0,cross_market
NOR_5Y,5,LORO_GFC,GFC,loro,xmpca_04,shap_mean_abs,0.0,cross_market
NOR_5Y,5,LORO_GFC,GFC,loro,xmpca_05,shap_mean_abs,0.0,cross_market
NOR_5Y,5,LORO_GFC,GFC,loro,xmpca_06,shap_mean_abs,0.0,cross_market
NOR_5Y,5,LORO_GFC,GFC,loro,xmpca_07,shap_mean_abs,0.0,cross_market
NOR_5Y,5,LORO_GFC,GFC,loro,xmpca_08,shap_mean_abs,0.0,cross_market
NOR_5Y,5,LORO_GFC,GFC,loro,xmpca_09,shap_mean_abs,0.0,cross_market
NOR_5Y,5,LORO_GFC,GFC,loro,xmpca_10,shap_mean_abs,0.0,cross_market
NOR_5Y,5,LORO_GFC,GFC,loro,xmpca_11,shap_mean_abs,0.0,cross_market
NOR_5Y,5,LORO_GFC,GFC,loro,xmpca_12,shap_mean_abs,0.0,cross_market
NOR_5Y,5,LORO_ZIRP,ZIRP,loro,chg_lag1,gain,0.02878916636109352,momentum
NOR_5Y,5,LORO_ZIRP,ZIRP,loro,chg_lag2,gain,0.011888917535543442,momentum
NOR_5Y,5,LORO_ZIRP,ZIRP,loro,chg_lag3,gain,0.0,momentum
NOR_5Y,5,LORO_ZIRP,ZIRP,loro,chg_lag4,gain,0.0,momentum
NOR_5Y,5,LORO_ZIRP,ZIRP,loro,chg_lag5,gain,0.0,momentum
NOR_5Y,5,LORO_ZIRP,ZIRP,loro,carry_roll,gain,0.0640898048877716,carry_roll
NOR_5Y,5,LORO_ZIRP,ZIRP,loro,mom_63d,gain,0.06601860374212265,momentum
NOR_5Y,5,LORO_ZIRP,ZIRP,loro,mom_1m,gain,0.014748981222510338,momentum
NOR_5Y,5,LORO_ZIRP,ZIRP,loro,mom_3m,gain,0.0702216774225235,momentum
NOR_5Y,5,LORO_ZIRP,ZIRP,loro,mom_6m,gain,0.11863183975219727,momentum
NOR_5Y,5,LORO_ZIRP,ZIRP,loro,mom_12m,gain,0.0816415473818779,momentum
NOR_5Y,5,LORO_ZIRP,ZIRP,loro,dev_ma_3m,gain,0.07656088471412659,curve
NOR_5Y,5,LORO_ZIRP,ZIRP,loro,dev_ma_12m,gain,0.0,curve
NOR_5Y,5,LORO_ZIRP,ZIRP,loro,vol_20d,gain,0.07671836018562317,vol
NOR_5Y,5,LORO_ZIRP,ZIRP,loro,vol_regime,gain,0.0,vol
NOR_5Y,5,LORO_ZIRP,ZIRP,loro,vol_zscore,gain,0.1663929671049118,vol
NOR_5Y,5,LORO_ZIRP,ZIRP,loro,level_zscore,gain,0.0,curve
NOR_5Y,5,LORO_ZIRP,ZIRP,loro,slope_10_1,gain,0.0,curve
NOR_5Y,5,LORO_ZIRP,ZIRP,loro,slope_10_5,gain,0.0,curve
NOR_5Y,5,LORO_ZIRP,ZIRP,loro,slope_5_1,gain,0.0496278740465641,curve
NOR_5Y,5,LORO_ZIRP,ZIRP,loro,sofr_mom_1m,gain,0.12695300579071045,macro
NOR_5Y,5,LORO_ZIRP,ZIRP,loro,ibor_level,gain,0.0,macro
NOR_5Y,5,LORO_ZIRP,ZIRP,loro,ibor_chg_1d,gain,0.0,macro
NOR_5Y,5,LORO_ZIRP,ZIRP,loro,ibor_mom_1m,gain,0.11097662150859833,macro
NOR_5Y,5,LORO_ZIRP,ZIRP,loro,ibor_term_slope,gain,0.05535728484392166,macro
NOR_5Y,5,LORO_ZIRP,ZIRP,loro,swap_ibor_basis,gain,0.08847009390592575,curve
NOR_5Y,5,LORO_ZIRP,ZIRP,loro,move_level,gain,0.045520391315221786,vol
NOR_5Y,5,LORO_ZIRP,ZIRP,loro,move_zscore,gain,0.0,vol
NOR_5Y,5,LORO_ZIRP,ZIRP,loro,vix_level,gain,0.09457314759492874,vol
NOR_5Y,5,LORO_ZIRP,ZIRP,loro,vix_zscore,gain,0.0,vol
NOR_5Y,5,LORO_ZIRP,ZIRP,loro,v2x_level,gain,0.0,vol
NOR_5Y,5,LORO_ZIRP,ZIRP,loro,vxn_level,gain,0.078530453145504,vol
NOR_5Y,5,LORO_ZIRP,ZIRP,loro,ovx_level,gain,0.047251127660274506,vol
NOR_5Y,5,LORO_ZIRP,ZIRP,loro,gvz_level,gain,0.14862172305583954,vol
NOR_5Y,5,LORO_ZIRP,ZIRP,loro,spx_mom_1m,gain,0.28582027554512024,macro
NOR_5Y,5,LORO_ZIRP,ZIRP,loro,spx_mom_3m,gain,0.0,macro
NOR_5Y,5,LORO_ZIRP,ZIRP,loro,sx5e_mom_1m,gain,0.0,macro
NOR_5Y,5,LORO_ZIRP,ZIRP,loro,sx5e_mom_3m,gain,0.0,macro
NOR_5Y,5,LORO_ZIRP,ZIRP,loro,mxwo_mom_1m,gain,0.0,macro
NOR_5Y,5,LORO_ZIRP,ZIRP,loro,ndx_mom_1m,gain,0.14316678047180176,macro
NOR_5Y,5,LORO_ZIRP,ZIRP,loro,oil_mom_1m,gain,0.08175212144851685,macro
NOR_5Y,5,LORO_ZIRP,ZIRP,loro,oil_mom_3m,gain,0.0,macro
NOR_5Y,5,LORO_ZIRP,ZIRP,loro,copper_mom_1m,gain,0.08229097723960876,macro
NOR_5Y,5,LORO_ZIRP,ZIRP,loro,opec_prod,gain,0.10021934658288956,macro
NOR_5Y,5,LORO_ZIRP,ZIRP,loro,natgas_mom_1m,gain,0.12627524137496948,macro
NOR_5Y,5,LORO_ZIRP,ZIRP,loro,be5y_level,gain,0.0,macro
NOR_5Y,5,LORO_ZIRP,ZIRP,loro,be10y_level,gain,0.0,macro
NOR_5Y,5,LORO_ZIRP,ZIRP,loro,be_slope,gain,0.0,macro
NOR_5Y,5,LORO_ZIRP,ZIRP,loro,be5y_chg_1m,gain,0.0,macro
NOR_5Y,5,LORO_ZIRP,ZIRP,loro,ig_spread,gain,0.0,credit
NOR_5Y,5,LORO_ZIRP,ZIRP,loro,hy_spread,gain,0.0,credit
NOR_5Y,5,LORO_ZIRP,ZIRP,loro,ig_chg_1m,gain,0.0,credit
NOR_5Y,5,LORO_ZIRP,ZIRP,loro,hy_chg_1m,gain,0.0,credit
NOR_5Y,5,LORO_ZIRP,ZIRP,loro,cpi_yoy,gain,0.0786396935582161,macro
NOR_5Y,5,LORO_ZIRP,ZIRP,loro,pce_core_chg,gain,0.0901167169213295,macro
NOR_5Y,5,LORO_ZIRP,ZIRP,loro,nfp_change,gain,0.08403358608484268,macro
NOR_5Y,5,LORO_ZIRP,ZIRP,loro,pmi_us,gain,0.05538259446620941,macro
NOR_5Y,5,LORO_ZIRP,ZIRP,loro,pmi_eur,gain,0.17904873192310333,macro
NOR_5Y,5,LORO_ZIRP,ZIRP,loro,unemp_eur,gain,0.0,macro
NOR_5Y,5,LORO_ZIRP,ZIRP,loro,cpi_nsa_level,gain,0.0,macro
NOR_5Y,5,LORO_ZIRP,ZIRP,loro,pce_core_level,gain,0.0,macro
NOR_5Y,5,LORO_ZIRP,ZIRP,loro,eur_3m,gain,0.0,macro
NOR_5Y,5,LORO_ZIRP,ZIRP,loro,eur_1w,gain,0.0,macro
NOR_5Y,5,LORO_ZIRP,ZIRP,loro,nor_ibor_1m,gain,0.01589621603488922,norway
NOR_5Y,5,LORO_ZIRP,ZIRP,loro,nor_ibor_6m,gain,0.0,norway
NOR_5Y,5,LORO_ZIRP,ZIRP,loro,nor_ecb_dfr_chg,gain,0.0,norway
NOR_5Y,5,LORO_ZIRP,ZIRP,loro,nor_ecb_dfr_level,gain,0.11990584433078766,norway
NOR_5Y,5,LORO_ZIRP,ZIRP,loro,nor_eurnok_chg_1d,gain,0.04966510087251663,norway
NOR_5Y,5,LORO_ZIRP,ZIRP,loro,nor_eurnok_level,gain,0.0,norway
NOR_5Y,5,LORO_ZIRP,ZIRP,loro,nor_eurnok_mom_1m,gain,0.11937230825424194,norway
NOR_5Y,5,LORO_ZIRP,ZIRP,loro,nor_eurnok_mom_3m,gain,0.06957346200942993,norway
NOR_5Y,5,LORO_ZIRP,ZIRP,loro,nor_eurnok_rvol_20d,gain,0.07282542437314987,norway
NOR_5Y,5,LORO_ZIRP,ZIRP,loro,nor_govt_10y,gain,0.0,norway
NOR_5Y,5,LORO_ZIRP,ZIRP,loro,nor_govt_3y,gain,0.0,norway
NOR_5Y,5,LORO_ZIRP,ZIRP,loro,nor_govt_5y,gain,0.032162874937057495,norway
NOR_5Y,5,LORO_ZIRP,ZIRP,loro,nor_i44_chg_1d,gain,0.005374999716877937,norway
NOR_5Y,5,LORO_ZIRP,ZIRP,loro,nor_i44_level,gain,0.054400552064180374,norway
NOR_5Y,5,LORO_ZIRP,ZIRP,loro,nor_i44_mom_1m,gain,0.14659564197063446,norway
NOR_5Y,5,LORO_ZIRP,ZIRP,loro,nor_i44_mom_3m,gain,0.03769001364707947,norway
NOR_5Y,5,LORO_ZIRP,ZIRP,loro,nor_i44_rvol_20d,gain,0.0,norway
NOR_5Y,5,LORO_ZIRP,ZIRP,loro,nor_kpi_yoy,gain,0.15013495087623596,norway
NOR_5Y,5,LORO_ZIRP,ZIRP,loro,nor_kpijae_yoy,gain,0.0,norway
NOR_5Y,5,LORO_ZIRP,ZIRP,loro,nor_nibor_nowa_spread,gain,0.0,norway
NOR_5Y,5,LORO_ZIRP,ZIRP,loro,nor_nowa_level,gain,0.0,norway
NOR_5Y,5,LORO_ZIRP,ZIRP,loro,nor_polrate_chg_1d,gain,0.0,norway
NOR_5Y,5,LORO_ZIRP,ZIRP,loro,nor_polrate_days_since_chg,gain,0.0,norway
NOR_5Y,5,LORO_ZIRP,ZIRP,loro,nor_polrate_level,gain,0.0,norway
NOR_5Y,5,LORO_ZIRP,ZIRP,loro,nor_rb_rate_chg,gain,0.0,norway
NOR_5Y,5,LORO_ZIRP,ZIRP,loro,nor_rb_rate_level,gain,0.0,norway
NOR_5Y,5,LORO_ZIRP,ZIRP,loro,nor_unemp,gain,0.0,norway
NOR_5Y,5,LORO_ZIRP,ZIRP,loro,nor_usdnok_chg_1d,gain,0.0,norway
NOR_5Y,5,LORO_ZIRP,ZIRP,loro,nor_usdnok_level,gain,0.0,norway
NOR_5Y,5,LORO_ZIRP,ZIRP,loro,nor_usdnok_mom_1m,gain,0.0,norway
NOR_5Y,5,LORO_ZIRP,ZIRP,loro,nor_usdnok_mom_3m,gain,0.17002728581428528,norway
NOR_5Y,5,LORO_ZIRP,ZIRP,loro,nor_usdnok_rvol_20d,gain,0.0,norway
NOR_5Y,5,LORO_ZIRP,ZIRP,loro,swap_govt_spread,gain,0.11497195065021515,norway
NOR_5Y,5,LORO_ZIRP,ZIRP,loro,xmpca_01,gain,0.034710824489593506,cross_market
NOR_5Y,5,LORO_ZIRP,ZIRP,loro,xmpca_02,gain,0.10544746369123459,cross_market
NOR_5Y,5,LORO_ZIRP,ZIRP,loro,xmpca_03,gain,0.04199798405170441,cross_market
NOR_5Y,5,LORO_ZIRP,ZIRP,loro,xmpca_04,gain,0.0035745035856962204,cross_market
NOR_5Y,5,LORO_ZIRP,ZIRP,loro,xmpca_05,gain,0.20102670788764954,cross_market
NOR_5Y,5,LORO_ZIRP,ZIRP,loro,xmpca_06,gain,0.08173460513353348,cross_market
NOR_5Y,5,LORO_ZIRP,ZIRP,loro,xmpca_07,gain,0.0,cross_market
NOR_5Y,5,LORO_ZIRP,ZIRP,loro,xmpca_08,gain,0.0,cross_market
NOR_5Y,5,LORO_ZIRP,ZIRP,loro,xmpca_09,gain,0.009817354381084442,cross_market
NOR_5Y,5,LORO_ZIRP,ZIRP,loro,xmpca_10,gain,0.046460118144750595,cross_market
NOR_5Y,5,LORO_ZIRP,ZIRP,loro,xmpca_11,gain,0.04251723736524582,cross_market
NOR_5Y,5,LORO_ZIRP,ZIRP,loro,xmpca_12,gain,0.08638022094964981,cross_market
NOR_5Y,5,LORO_ZIRP,ZIRP,loro,chg_lag1,weight,1.0,momentum
NOR_5Y,5,LORO_ZIRP,ZIRP,loro,chg_lag2,weight,2.0,momentum
NOR_5Y,5,LORO_ZIRP,ZIRP,loro,chg_lag3,weight,0.0,momentum
NOR_5Y,5,LORO_ZIRP,ZIRP,loro,chg_lag4,weight,0.0,momentum
NOR_5Y,5,LORO_ZIRP,ZIRP,loro,chg_lag5,weight,0.0,momentum
NOR_5Y,5,LORO_ZIRP,ZIRP,loro,carry_roll,weight,2.0,carry_roll
NOR_5Y,5,LORO_ZIRP,ZIRP,loro,mom_63d,weight,4.0,momentum
NOR_5Y,5,LORO_ZIRP,ZIRP,loro,mom_1m,weight,1.0,momentum
NOR_5Y,5,LORO_ZIRP,ZIRP,loro,mom_3m,weight,1.0,momentum
NOR_5Y,5,LORO_ZIRP,ZIRP,loro,mom_6m,weight,1.0,momentum
NOR_5Y,5,LORO_ZIRP,ZIRP,loro,mom_12m,weight,2.0,momentum
NOR_5Y,5,LORO_ZIRP,ZIRP,loro,dev_ma_3m,weight,2.0,curve
NOR_5Y,5,LORO_ZIRP,ZIRP,loro,dev_ma_12m,weight,0.0,curve
NOR_5Y,5,LORO_ZIRP,ZIRP,loro,vol_20d,weight,1.0,vol
NOR_5Y,5,LORO_ZIRP,ZIRP,loro,vol_regime,weight,0.0,vol
NOR_5Y,5,LORO_ZIRP,ZIRP,loro,vol_zscore,weight,2.0,vol
NOR_5Y,5,LORO_ZIRP,ZIRP,loro,level_zscore,weight,0.0,curve
NOR_5Y,5,LORO_ZIRP,ZIRP,loro,slope_10_1,weight,0.0,curve
NOR_5Y,5,LORO_ZIRP,ZIRP,loro,slope_10_5,weight,0.0,curve
NOR_5Y,5,LORO_ZIRP,ZIRP,loro,slope_5_1,weight,2.0,curve
NOR_5Y,5,LORO_ZIRP,ZIRP,loro,sofr_mom_1m,weight,4.0,macro
NOR_5Y,5,LORO_ZIRP,ZIRP,loro,ibor_level,weight,0.0,macro
NOR_5Y,5,LORO_ZIRP,ZIRP,loro,ibor_chg_1d,weight,0.0,macro
NOR_5Y,5,LORO_ZIRP,ZIRP,loro,ibor_mom_1m,weight,1.0,macro
NOR_5Y,5,LORO_ZIRP,ZIRP,loro,ibor_term_slope,weight,1.0,macro
NOR_5Y,5,LORO_ZIRP,ZIRP,loro,swap_ibor_basis,weight,1.0,curve
NOR_5Y,5,LORO_ZIRP,ZIRP,loro,move_level,weight,2.0,vol
NOR_5Y,5,LORO_ZIRP,ZIRP,loro,move_zscore,weight,0.0,vol
NOR_5Y,5,LORO_ZIRP,ZIRP,loro,vix_level,weight,1.0,vol
NOR_5Y,5,LORO_ZIRP,ZIRP,loro,vix_zscore,weight,0.0,vol
NOR_5Y,5,LORO_ZIRP,ZIRP,loro,v2x_level,weight,0.0,vol
NOR_5Y,5,LORO_ZIRP,ZIRP,loro,vxn_level,weight,1.0,vol
NOR_5Y,5,LORO_ZIRP,ZIRP,loro,ovx_level,weight,2.0,vol
NOR_5Y,5,LORO_ZIRP,ZIRP,loro,gvz_level,weight,1.0,vol
NOR_5Y,5,LORO_ZIRP,ZIRP,loro,spx_mom_1m,weight,1.0,macro
NOR_5Y,5,LORO_ZIRP,ZIRP,loro,spx_mom_3m,weight,0.0,macro
NOR_5Y,5,LORO_ZIRP,ZIRP,loro,sx5e_mom_1m,weight,0.0,macro
NOR_5Y,5,LORO_ZIRP,ZIRP,loro,sx5e_mom_3m,weight,0.0,macro
NOR_5Y,5,LORO_ZIRP,ZIRP,loro,mxwo_mom_1m,weight,0.0,macro
NOR_5Y,5,LORO_ZIRP,ZIRP,loro,ndx_mom_1m,weight,1.0,macro
NOR_5Y,5,LORO_ZIRP,ZIRP,loro,oil_mom_1m,weight,1.0,macro
NOR_5Y,5,LORO_ZIRP,ZIRP,loro,oil_mom_3m,weight,0.0,macro
NOR_5Y,5,LORO_ZIRP,ZIRP,loro,copper_mom_1m,weight,1.0,macro
NOR_5Y,5,LORO_ZIRP,ZIRP,loro,opec_prod,weight,1.0,macro
NOR_5Y,5,LORO_ZIRP,ZIRP,loro,natgas_mom_1m,weight,3.0,macro
NOR_5Y,5,LORO_ZIRP,ZIRP,loro,be5y_level,weight,0.0,macro
NOR_5Y,5,LORO_ZIRP,ZIRP,loro,be10y_level,weight,0.0,macro
NOR_5Y,5,LORO_ZIRP,ZIRP,loro,be_slope,weight,0.0,macro
NOR_5Y,5,LORO_ZIRP,ZIRP,loro,be5y_chg_1m,weight,0.0,macro
NOR_5Y,5,LORO_ZIRP,ZIRP,loro,ig_spread,weight,0.0,credit
NOR_5Y,5,LORO_ZIRP,ZIRP,loro,hy_spread,weight,0.0,credit
NOR_5Y,5,LORO_ZIRP,ZIRP,loro,ig_chg_1m,weight,0.0,credit
NOR_5Y,5,LORO_ZIRP,ZIRP,loro,hy_chg_1m,weight,0.0,credit
NOR_5Y,5,LORO_ZIRP,ZIRP,loro,cpi_yoy,weight,2.0,macro
NOR_5Y,5,LORO_ZIRP,ZIRP,loro,pce_core_chg,weight,2.0,macro
NOR_5Y,5,LORO_ZIRP,ZIRP,loro,nfp_change,weight,1.0,macro
NOR_5Y,5,LORO_ZIRP,ZIRP,loro,pmi_us,weight,1.0,macro
NOR_5Y,5,LORO_ZIRP,ZIRP,loro,pmi_eur,weight,2.0,macro
NOR_5Y,5,LORO_ZIRP,ZIRP,loro,unemp_eur,weight,0.0,macro
NOR_5Y,5,LORO_ZIRP,ZIRP,loro,cpi_nsa_level,weight,0.0,macro
NOR_5Y,5,LORO_ZIRP,ZIRP,loro,pce_core_level,weight,0.0,macro
NOR_5Y,5,LORO_ZIRP,ZIRP,loro,eur_3m,weight,0.0,macro
NOR_5Y,5,LORO_ZIRP,ZIRP,loro,eur_1w,weight,0.0,macro
NOR_5Y,5,LORO_ZIRP,ZIRP,loro,nor_ibor_1m,weight,1.0,norway
NOR_5Y,5,LORO_ZIRP,ZIRP,loro,nor_ibor_6m,weight,0.0,norway
NOR_5Y,5,LORO_ZIRP,ZIRP,loro,nor_ecb_dfr_chg,weight,0.0,norway
NOR_5Y,5,LORO_ZIRP,ZIRP,loro,nor_ecb_dfr_level,weight,1.0,norway
NOR_5Y,5,LORO_ZIRP,ZIRP,loro,nor_eurnok_chg_1d,weight,2.0,norway
NOR_5Y,5,LORO_ZIRP,ZIRP,loro,nor_eurnok_level,weight,0.0,norway
NOR_5Y,5,LORO_ZIRP,ZIRP,loro,nor_eurnok_mom_1m,weight,1.0,norway
NOR_5Y,5,LORO_ZIRP,ZIRP,loro,nor_eurnok_mom_3m,weight,1.0,norway
NOR_5Y,5,LORO_ZIRP,ZIRP,loro,nor_eurnok_rvol_20d,weight,2.0,norway
NOR_5Y,5,LORO_ZIRP,ZIRP,loro,nor_govt_10y,weight,0.0,norway
NOR_5Y,5,LORO_ZIRP,ZIRP,loro,nor_govt_3y,weight,0.0,norway
NOR_5Y,5,LORO_ZIRP,ZIRP,loro,nor_govt_5y,weight,3.0,norway
NOR_5Y,5,LORO_ZIRP,ZIRP,loro,nor_i44_chg_1d,weight,1.0,norway
NOR_5Y,5,LORO_ZIRP,ZIRP,loro,nor_i44_level,weight,2.0,norway
NOR_5Y,5,LORO_ZIRP,ZIRP,loro,nor_i44_mom_1m,weight,2.0,norway
NOR_5Y,5,LORO_ZIRP,ZIRP,loro,nor_i44_mom_3m,weight,1.0,norway
NOR_5Y,5,LORO_ZIRP,ZIRP,loro,nor_i44_rvol_20d,weight,0.0,norway
NOR_5Y,5,LORO_ZIRP,ZIRP,loro,nor_kpi_yoy,weight,1.0,norway
NOR_5Y,5,LORO_ZIRP,ZIRP,loro,nor_kpijae_yoy,weight,0.0,norway
NOR_5Y,5,LORO_ZIRP,ZIRP,loro,nor_nibor_nowa_spread,weight,0.0,norway
NOR_5Y,5,LORO_ZIRP,ZIRP,loro,nor_nowa_level,weight,0.0,norway
NOR_5Y,5,LORO_ZIRP,ZIRP,loro,nor_polrate_chg_1d,weight,0.0,norway
NOR_5Y,5,LORO_ZIRP,ZIRP,loro,nor_polrate_days_since_chg,weight,0.0,norway
NOR_5Y,5,LORO_ZIRP,ZIRP,loro,nor_polrate_level,weight,0.0,norway
NOR_5Y,5,LORO_ZIRP,ZIRP,loro,nor_rb_rate_chg,weight,0.0,norway
NOR_5Y,5,LORO_ZIRP,ZIRP,loro,nor_rb_rate_level,weight,0.0,norway
NOR_5Y,5,LORO_ZIRP,ZIRP,loro,nor_unemp,weight,0.0,norway
NOR_5Y,5,LORO_ZIRP,ZIRP,loro,nor_usdnok_chg_1d,weight,0.0,norway
NOR_5Y,5,LORO_ZIRP,ZIRP,loro,nor_usdnok_level,weight,0.0,norway
NOR_5Y,5,LORO_ZIRP,ZIRP,loro,nor_usdnok_mom_1m,weight,0.0,norway
NOR_5Y,5,LORO_ZIRP,ZIRP,loro,nor_usdnok_mom_3m,weight,2.0,norway
NOR_5Y,5,LORO_ZIRP,ZIRP,loro,nor_usdnok_rvol_20d,weight,0.0,norway
NOR_5Y,5,LORO_ZIRP,ZIRP,loro,swap_govt_spread,weight,2.0,norway
NOR_5Y,5,LORO_ZIRP,ZIRP,loro,xmpca_01,weight,1.0,cross_market
NOR_5Y,5,LORO_ZIRP,ZIRP,loro,xmpca_02,weight,2.0,cross_market
NOR_5Y,5,LORO_ZIRP,ZIRP,loro,xmpca_03,weight,2.0,cross_market
NOR_5Y,5,LORO_ZIRP,ZIRP,loro,xmpca_04,weight,1.0,cross_market
NOR_5Y,5,LORO_ZIRP,ZIRP,loro,xmpca_05,weight,1.0,cross_market
NOR_5Y,5,LORO_ZIRP,ZIRP,loro,xmpca_06,weight,2.0,cross_market
NOR_5Y,5,LORO_ZIRP,ZIRP,loro,xmpca_07,weight,0.0,cross_market
NOR_5Y,5,LORO_ZIRP,ZIRP,loro,xmpca_08,weight,0.0,cross_market
NOR_5Y,5,LORO_ZIRP,ZIRP,loro,xmpca_09,weight,1.0,cross_market
NOR_5Y,5,LORO_ZIRP,ZIRP,loro,xmpca_10,weight,2.0,cross_market
NOR_5Y,5,LORO_ZIRP,ZIRP,loro,xmpca_11,weight,1.0,cross_market
NOR_5Y,5,LORO_ZIRP,ZIRP,loro,xmpca_12,weight,1.0,cross_market
NOR_5Y,5,LORO_ZIRP,ZIRP,loro,chg_lag1,cover,36.0,momentum
NOR_5Y,5,LORO_ZIRP,ZIRP,loro,chg_lag2,cover,16.0,momentum
NOR_5Y,5,LORO_ZIRP,ZIRP,loro,chg_lag3,cover,0.0,momentum
NOR_5Y,5,LORO_ZIRP,ZIRP,loro,chg_lag4,cover,0.0,momentum
NOR_5Y,5,LORO_ZIRP,ZIRP,loro,chg_lag5,cover,0.0,momentum
NOR_5Y,5,LORO_ZIRP,ZIRP,loro,carry_roll,cover,732.5,carry_roll
NOR_5Y,5,LORO_ZIRP,ZIRP,loro,mom_63d,cover,196.5,momentum
NOR_5Y,5,LORO_ZIRP,ZIRP,loro,mom_1m,cover,15.0,momentum
NOR_5Y,5,LORO_ZIRP,ZIRP,loro,mom_3m,cover,244.0,momentum
NOR_5Y,5,LORO_ZIRP,ZIRP,loro,mom_6m,cover,94.0,momentum
NOR_5Y,5,LORO_ZIRP,ZIRP,loro,mom_12m,cover,308.5,momentum
NOR_5Y,5,LORO_ZIRP,ZIRP,loro,dev_ma_3m,cover,83.0,curve
NOR_5Y,5,LORO_ZIRP,ZIRP,loro,dev_ma_12m,cover,0.0,curve
NOR_5Y,5,LORO_ZIRP,ZIRP,loro,vol_20d,cover,41.0,vol
NOR_5Y,5,LORO_ZIRP,ZIRP,loro,vol_regime,cover,0.0,vol
NOR_5Y,5,LORO_ZIRP,ZIRP,loro,vol_zscore,cover,1057.0,vol
NOR_5Y,5,LORO_ZIRP,ZIRP,loro,level_zscore,cover,0.0,curve
NOR_5Y,5,LORO_ZIRP,ZIRP,loro,slope_10_1,cover,0.0,curve
NOR_5Y,5,LORO_ZIRP,ZIRP,loro,slope_10_5,cover,0.0,curve
NOR_5Y,5,LORO_ZIRP,ZIRP,loro,slope_5_1,cover,295.0,curve
NOR_5Y,5,LORO_ZIRP,ZIRP,loro,sofr_mom_1m,cover,1181.0,macro
NOR_5Y,5,LORO_ZIRP,ZIRP,loro,ibor_level,cover,0.0,macro
NOR_5Y,5,LORO_ZIRP,ZIRP,loro,ibor_chg_1d,cover,0.0,macro
NOR_5Y,5,LORO_ZIRP,ZIRP,loro,ibor_mom_1m,cover,363.0,macro
NOR_5Y,5,LORO_ZIRP,ZIRP,loro,ibor_term_slope,cover,1264.0,macro
NOR_5Y,5,LORO_ZIRP,ZIRP,loro,swap_ibor_basis,cover,756.0,curve
NOR_5Y,5,LORO_ZIRP,ZIRP,loro,move_level,cover,121.5,vol
NOR_5Y,5,LORO_ZIRP,ZIRP,loro,move_zscore,cover,0.0,vol
NOR_5Y,5,LORO_ZIRP,ZIRP,loro,vix_level,cover,57.0,vol
NOR_5Y,5,LORO_ZIRP,ZIRP,loro,vix_zscore,cover,0.0,vol
NOR_5Y,5,LORO_ZIRP,ZIRP,loro,v2x_level,cover,0.0,vol
NOR_5Y,5,LORO_ZIRP,ZIRP,loro,vxn_level,cover,243.0,vol
NOR_5Y,5,LORO_ZIRP,ZIRP,loro,ovx_level,cover,154.5,vol
NOR_5Y,5,LORO_ZIRP,ZIRP,loro,gvz_level,cover,1381.0,vol
NOR_5Y,5,LORO_ZIRP,ZIRP,loro,spx_mom_1m,cover,1818.0,macro
NOR_5Y,5,LORO_ZIRP,ZIRP,loro,spx_mom_3m,cover,0.0,macro
NOR_5Y,5,LORO_ZIRP,ZIRP,loro,sx5e_mom_1m,cover,0.0,macro
NOR_5Y,5,LORO_ZIRP,ZIRP,loro,sx5e_mom_3m,cover,0.0,macro
NOR_5Y,5,LORO_ZIRP,ZIRP,loro,mxwo_mom_1m,cover,0.0,macro
NOR_5Y,5,LORO_ZIRP,ZIRP,loro,ndx_mom_1m,cover,415.0,macro
NOR_5Y,5,LORO_ZIRP,ZIRP,loro,oil_mom_1m,cover,157.0,macro
NOR_5Y,5,LORO_ZIRP,ZIRP,loro,oil_mom_3m,cover,0.0,macro
NOR_5Y,5,LORO_ZIRP,ZIRP,loro,copper_mom_1m,cover,97.0,macro
NOR_5Y,5,LORO_ZIRP,ZIRP,loro,opec_prod,cover,831.0,macro
NOR_5Y,5,LORO_ZIRP,ZIRP,loro,natgas_mom_1m,cover,657.0,macro
NOR_5Y,5,LORO_ZIRP,ZIRP,loro,be5y_level,cover,0.0,macro
NOR_5Y,5,LORO_ZIRP,ZIRP,loro,be10y_level,cover,0.0,macro
NOR_5Y,5,LORO_ZIRP,ZIRP,loro,be_slope,cover,0.0,macro
NOR_5Y,5,LORO_ZIRP,ZIRP,loro,be5y_chg_1m,cover,0.0,macro
NOR_5Y,5,LORO_ZIRP,ZIRP,loro,ig_spread,cover,0.0,credit
NOR_5Y,5,LORO_ZIRP,ZIRP,loro,hy_spread,cover,0.0,credit
NOR_5Y,5,LORO_ZIRP,ZIRP,loro,ig_chg_1m,cover,0.0,credit
NOR_5Y,5,LORO_ZIRP,ZIRP,loro,hy_chg_1m,cover,0.0,credit
NOR_5Y,5,LORO_ZIRP,ZIRP,loro,cpi_yoy,cover,102.0,macro
NOR_5Y,5,LORO_ZIRP,ZIRP,loro,pce_core_chg,cover,61.0,macro
NOR_5Y,5,LORO_ZIRP,ZIRP,loro,nfp_change,cover,1280.0,macro
NOR_5Y,5,LORO_ZIRP,ZIRP,loro,pmi_us,cover,184.0,macro
NOR_5Y,5,LORO_ZIRP,ZIRP,loro,pmi_eur,cover,1656.0,macro
NOR_5Y,5,LORO_ZIRP,ZIRP,loro,unemp_eur,cover,0.0,macro
NOR_5Y,5,LORO_ZIRP,ZIRP,loro,cpi_nsa_level,cover,0.0,macro
NOR_5Y,5,LORO_ZIRP,ZIRP,loro,pce_core_level,cover,0.0,macro
NOR_5Y,5,LORO_ZIRP,ZIRP,loro,eur_3m,cover,0.0,macro
NOR_5Y,5,LORO_ZIRP,ZIRP,loro,eur_1w,cover,0.0,macro
NOR_5Y,5,LORO_ZIRP,ZIRP,loro,nor_ibor_1m,cover,20.0,norway
NOR_5Y,5,LORO_ZIRP,ZIRP,loro,nor_ibor_6m,cover,0.0,norway
NOR_5Y,5,LORO_ZIRP,ZIRP,loro,nor_ecb_dfr_chg,cover,0.0,norway
NOR_5Y,5,LORO_ZIRP,ZIRP,loro,nor_ecb_dfr_level,cover,702.0,norway
NOR_5Y,5,LORO_ZIRP,ZIRP,loro,nor_eurnok_chg_1d,cover,146.0,norway
NOR_5Y,5,LORO_ZIRP,ZIRP,loro,nor_eurnok_level,cover,0.0,norway
NOR_5Y,5,LORO_ZIRP,ZIRP,loro,nor_eurnok_mom_1m,cover,68.0,norway
NOR_5Y,5,LORO_ZIRP,ZIRP,loro,nor_eurnok_mom_3m,cover,42.0,norway
NOR_5Y,5,LORO_ZIRP,ZIRP,loro,nor_eurnok_rvol_20d,cover,768.0,norway
NOR_5Y,5,LORO_ZIRP,ZIRP,loro,nor_govt_10y,cover,0.0,norway
NOR_5Y,5,LORO_ZIRP,ZIRP,loro,nor_govt_3y,cover,0.0,norway
NOR_5Y,5,LORO_ZIRP,ZIRP,loro,nor_govt_5y,cover,189.0,norway
NOR_5Y,5,LORO_ZIRP,ZIRP,loro,nor_i44_chg_1d,cover,10.0,norway
NOR_5Y,5,LORO_ZIRP,ZIRP,loro,nor_i44_level,cover,412.0,norway
NOR_5Y,5,LORO_ZIRP,ZIRP,loro,nor_i44_mom_1m,cover,154.5,norway
NOR_5Y,5,LORO_ZIRP,ZIRP,loro,nor_i44_mom_3m,cover,25.0,norway
NOR_5Y,5,LORO_ZIRP,ZIRP,loro,nor_i44_rvol_20d,cover,0.0,norway
NOR_5Y,5,LORO_ZIRP,ZIRP,loro,nor_kpi_yoy,cover,151.0,norway
NOR_5Y,5,LORO_ZIRP,ZIRP,loro,nor_kpijae_yoy,cover,0.0,norway
NOR_5Y,5,LORO_ZIRP,ZIRP,loro,nor_nibor_nowa_spread,cover,0.0,norway
NOR_5Y,5,LORO_ZIRP,ZIRP,loro,nor_nowa_level,cover,0.0,norway
NOR_5Y,5,LORO_ZIRP,ZIRP,loro,nor_polrate_chg_1d,cover,0.0,norway
NOR_5Y,5,LORO_ZIRP,ZIRP,loro,nor_polrate_days_since_chg,cover,0.0,norway
NOR_5Y,5,LORO_ZIRP,ZIRP,loro,nor_polrate_level,cover,0.0,norway
NOR_5Y,5,LORO_ZIRP,ZIRP,loro,nor_rb_rate_chg,cover,0.0,norway
NOR_5Y,5,LORO_ZIRP,ZIRP,loro,nor_rb_rate_level,cover,0.0,norway
NOR_5Y,5,LORO_ZIRP,ZIRP,loro,nor_unemp,cover,0.0,norway
NOR_5Y,5,LORO_ZIRP,ZIRP,loro,nor_usdnok_chg_1d,cover,0.0,norway
NOR_5Y,5,LORO_ZIRP,ZIRP,loro,nor_usdnok_level,cover,0.0,norway
NOR_5Y,5,LORO_ZIRP,ZIRP,loro,nor_usdnok_mom_1m,cover,0.0,norway
NOR_5Y,5,LORO_ZIRP,ZIRP,loro,nor_usdnok_mom_3m,cover,1645.0,norway
NOR_5Y,5,LORO_ZIRP,ZIRP,loro,nor_usdnok_rvol_20d,cover,0.0,norway
NOR_5Y,5,LORO_ZIRP,ZIRP,loro,swap_govt_spread,cover,218.5,norway
NOR_5Y,5,LORO_ZIRP,ZIRP,loro,xmpca_01,cover,43.0,cross_market
NOR_5Y,5,LORO_ZIRP,ZIRP,loro,xmpca_02,cover,220.5,cross_market
NOR_5Y,5,LORO_ZIRP,ZIRP,loro,xmpca_03,cover,33.0,cross_market
NOR_5Y,5,LORO_ZIRP,ZIRP,loro,xmpca_04,cover,19.0,cross_market
NOR_5Y,5,LORO_ZIRP,ZIRP,loro,xmpca_05,cover,53.0,cross_market
NOR_5Y,5,LORO_ZIRP,ZIRP,loro,xmpca_06,cover,80.0,cross_market
NOR_5Y,5,LORO_ZIRP,ZIRP,loro,xmpca_07,cover,0.0,cross_market
NOR_5Y,5,LORO_ZIRP,ZIRP,loro,xmpca_08,cover,0.0,cross_market
NOR_5Y,5,LORO_ZIRP,ZIRP,loro,xmpca_09,cover,18.0,cross_market
NOR_5Y,5,LORO_ZIRP,ZIRP,loro,xmpca_10,cover,30.5,cross_market
NOR_5Y,5,LORO_ZIRP,ZIRP,loro,xmpca_11,cover,62.0,cross_market
NOR_5Y,5,LORO_ZIRP,ZIRP,loro,xmpca_12,cover,449.0,cross_market
NOR_5Y,5,LORO_ZIRP,ZIRP,loro,chg_lag1,total_gain,0.02878916636109352,momentum
NOR_5Y,5,LORO_ZIRP,ZIRP,loro,chg_lag2,total_gain,0.023777835071086884,momentum
NOR_5Y,5,LORO_ZIRP,ZIRP,loro,chg_lag3,total_gain,0.0,momentum
NOR_5Y,5,LORO_ZIRP,ZIRP,loro,chg_lag4,total_gain,0.0,momentum
NOR_5Y,5,LORO_ZIRP,ZIRP,loro,chg_lag5,total_gain,0.0,momentum
NOR_5Y,5,LORO_ZIRP,ZIRP,loro,carry_roll,total_gain,0.1281796097755432,carry_roll
NOR_5Y,5,LORO_ZIRP,ZIRP,loro,mom_63d,total_gain,0.2640744149684906,momentum
NOR_5Y,5,LORO_ZIRP,ZIRP,loro,mom_1m,total_gain,0.014748981222510338,momentum
NOR_5Y,5,LORO_ZIRP,ZIRP,loro,mom_3m,total_gain,0.0702216774225235,momentum
NOR_5Y,5,LORO_ZIRP,ZIRP,loro,mom_6m,total_gain,0.11863183975219727,momentum
NOR_5Y,5,LORO_ZIRP,ZIRP,loro,mom_12m,total_gain,0.1632830947637558,momentum
NOR_5Y,5,LORO_ZIRP,ZIRP,loro,dev_ma_3m,total_gain,0.15312176942825317,curve
NOR_5Y,5,LORO_ZIRP,ZIRP,loro,dev_ma_12m,total_gain,0.0,curve
NOR_5Y,5,LORO_ZIRP,ZIRP,loro,vol_20d,total_gain,0.07671836018562317,vol
NOR_5Y,5,LORO_ZIRP,ZIRP,loro,vol_regime,total_gain,0.0,vol
NOR_5Y,5,LORO_ZIRP,ZIRP,loro,vol_zscore,total_gain,0.3327859342098236,vol
NOR_5Y,5,LORO_ZIRP,ZIRP,loro,level_zscore,total_gain,0.0,curve
NOR_5Y,5,LORO_ZIRP,ZIRP,loro,slope_10_1,total_gain,0.0,curve
NOR_5Y,5,LORO_ZIRP,ZIRP,loro,slope_10_5,total_gain,0.0,curve
NOR_5Y,5,LORO_ZIRP,ZIRP,loro,slope_5_1,total_gain,0.0992557480931282,curve
NOR_5Y,5,LORO_ZIRP,ZIRP,loro,sofr_mom_1m,total_gain,0.5078120231628418,macro
NOR_5Y,5,LORO_ZIRP,ZIRP,loro,ibor_level,total_gain,0.0,macro
NOR_5Y,5,LORO_ZIRP,ZIRP,loro,ibor_chg_1d,total_gain,0.0,macro
NOR_5Y,5,LORO_ZIRP,ZIRP,loro,ibor_mom_1m,total_gain,0.11097662150859833,macro
NOR_5Y,5,LORO_ZIRP,ZIRP,loro,ibor_term_slope,total_gain,0.05535728484392166,macro
NOR_5Y,5,LORO_ZIRP,ZIRP,loro,swap_ibor_basis,total_gain,0.08847009390592575,curve
NOR_5Y,5,LORO_ZIRP,ZIRP,loro,move_level,total_gain,0.09104078263044357,vol
NOR_5Y,5,LORO_ZIRP,ZIRP,loro,move_zscore,total_gain,0.0,vol
NOR_5Y,5,LORO_ZIRP,ZIRP,loro,vix_level,total_gain,0.09457314759492874,vol
NOR_5Y,5,LORO_ZIRP,ZIRP,loro,vix_zscore,total_gain,0.0,vol
NOR_5Y,5,LORO_ZIRP,ZIRP,loro,v2x_level,total_gain,0.0,vol
NOR_5Y,5,LORO_ZIRP,ZIRP,loro,vxn_level,total_gain,0.078530453145504,vol
NOR_5Y,5,LORO_ZIRP,ZIRP,loro,ovx_level,total_gain,0.09450225532054901,vol
NOR_5Y,5,LORO_ZIRP,ZIRP,loro,gvz_level,total_gain,0.14862172305583954,vol
NOR_5Y,5,LORO_ZIRP,ZIRP,loro,spx_mom_1m,total_gain,0.28582027554512024,macro
NOR_5Y,5,LORO_ZIRP,ZIRP,loro,spx_mom_3m,total_gain,0.0,macro
NOR_5Y,5,LORO_ZIRP,ZIRP,loro,sx5e_mom_1m,total_gain,0.0,macro
NOR_5Y,5,LORO_ZIRP,ZIRP,loro,sx5e_mom_3m,total_gain,0.0,macro
NOR_5Y,5,LORO_ZIRP,ZIRP,loro,mxwo_mom_1m,total_gain,0.0,macro
NOR_5Y,5,LORO_ZIRP,ZIRP,loro,ndx_mom_1m,total_gain,0.14316678047180176,macro
NOR_5Y,5,LORO_ZIRP,ZIRP,loro,oil_mom_1m,total_gain,0.08175212144851685,macro
NOR_5Y,5,LORO_ZIRP,ZIRP,loro,oil_mom_3m,total_gain,0.0,macro
NOR_5Y,5,LORO_ZIRP,ZIRP,loro,copper_mom_1m,total_gain,0.08229097723960876,macro
NOR_5Y,5,LORO_ZIRP,ZIRP,loro,opec_prod,total_gain,0.10021934658288956,macro
NOR_5Y,5,LORO_ZIRP,ZIRP,loro,natgas_mom_1m,total_gain,0.37882572412490845,macro
NOR_5Y,5,LORO_ZIRP,ZIRP,loro,be5y_level,total_gain,0.0,macro
NOR_5Y,5,LORO_ZIRP,ZIRP,loro,be10y_level,total_gain,0.0,macro
NOR_5Y,5,LORO_ZIRP,ZIRP,loro,be_slope,total_gain,0.0,macro
NOR_5Y,5,LORO_ZIRP,ZIRP,loro,be5y_chg_1m,total_gain,0.0,macro
NOR_5Y,5,LORO_ZIRP,ZIRP,loro,ig_spread,total_gain,0.0,credit
NOR_5Y,5,LORO_ZIRP,ZIRP,loro,hy_spread,total_gain,0.0,credit
NOR_5Y,5,LORO_ZIRP,ZIRP,loro,ig_chg_1m,total_gain,0.0,credit
NOR_5Y,5,LORO_ZIRP,ZIRP,loro,hy_chg_1m,total_gain,0.0,credit
NOR_5Y,5,LORO_ZIRP,ZIRP,loro,cpi_yoy,total_gain,0.1572793871164322,macro
NOR_5Y,5,LORO_ZIRP,ZIRP,loro,pce_core_chg,total_gain,0.180233433842659,macro
NOR_5Y,5,LORO_ZIRP,ZIRP,loro,nfp_change,total_gain,0.08403358608484268,macro
NOR_5Y,5,LORO_ZIRP,ZIRP,loro,pmi_us,total_gain,0.05538259446620941,macro
NOR_5Y,5,LORO_ZIRP,ZIRP,loro,pmi_eur,total_gain,0.35809746384620667,macro
NOR_5Y,5,LORO_ZIRP,ZIRP,loro,unemp_eur,total_gain,0.0,macro
NOR_5Y,5,LORO_ZIRP,ZIRP,loro,cpi_nsa_level,total_gain,0.0,macro
NOR_5Y,5,LORO_ZIRP,ZIRP,loro,pce_core_level,total_gain,0.0,macro
NOR_5Y,5,LORO_ZIRP,ZIRP,loro,eur_3m,total_gain,0.0,macro
NOR_5Y,5,LORO_ZIRP,ZIRP,loro,eur_1w,total_gain,0.0,macro
NOR_5Y,5,LORO_ZIRP,ZIRP,loro,nor_ibor_1m,total_gain,0.01589621603488922,norway
NOR_5Y,5,LORO_ZIRP,ZIRP,loro,nor_ibor_6m,total_gain,0.0,norway
NOR_5Y,5,LORO_ZIRP,ZIRP,loro,nor_ecb_dfr_chg,total_gain,0.0,norway
NOR_5Y,5,LORO_ZIRP,ZIRP,loro,nor_ecb_dfr_level,total_gain,0.11990584433078766,norway
NOR_5Y,5,LORO_ZIRP,ZIRP,loro,nor_eurnok_chg_1d,total_gain,0.09933020174503326,norway
NOR_5Y,5,LORO_ZIRP,ZIRP,loro,nor_eurnok_level,total_gain,0.0,norway
NOR_5Y,5,LORO_ZIRP,ZIRP,loro,nor_eurnok_mom_1m,total_gain,0.11937230825424194,norway
NOR_5Y,5,LORO_ZIRP,ZIRP,loro,nor_eurnok_mom_3m,total_gain,0.06957346200942993,norway
NOR_5Y,5,LORO_ZIRP,ZIRP,loro,nor_eurnok_rvol_20d,total_gain,0.14565084874629974,norway
NOR_5Y,5,LORO_ZIRP,ZIRP,loro,nor_govt_10y,total_gain,0.0,norway
NOR_5Y,5,LORO_ZIRP,ZIRP,loro,nor_govt_3y,total_gain,0.0,norway
NOR_5Y,5,LORO_ZIRP,ZIRP,loro,nor_govt_5y,total_gain,0.09648862481117249,norway
NOR_5Y,5,LORO_ZIRP,ZIRP,loro,nor_i44_chg_1d,total_gain,0.005374999716877937,norway
NOR_5Y,5,LORO_ZIRP,ZIRP,loro,nor_i44_level,total_gain,0.10880110412836075,norway
NOR_5Y,5,LORO_ZIRP,ZIRP,loro,nor_i44_mom_1m,total_gain,0.2931912839412689,norway
NOR_5Y,5,LORO_ZIRP,ZIRP,loro,nor_i44_mom_3m,total_gain,0.03769001364707947,norway
NOR_5Y,5,LORO_ZIRP,ZIRP,loro,nor_i44_rvol_20d,total_gain,0.0,norway
NOR_5Y,5,LORO_ZIRP,ZIRP,loro,nor_kpi_yoy,total_gain,0.15013495087623596,norway
NOR_5Y,5,LORO_ZIRP,ZIRP,loro,nor_kpijae_yoy,total_gain,0.0,norway
NOR_5Y,5,LORO_ZIRP,ZIRP,loro,nor_nibor_nowa_spread,total_gain,0.0,norway
NOR_5Y,5,LORO_ZIRP,ZIRP,loro,nor_nowa_level,total_gain,0.0,norway
NOR_5Y,5,LORO_ZIRP,ZIRP,loro,nor_polrate_chg_1d,total_gain,0.0,norway
NOR_5Y,5,LORO_ZIRP,ZIRP,loro,nor_polrate_days_since_chg,total_gain,0.0,norway
NOR_5Y,5,LORO_ZIRP,ZIRP,loro,nor_polrate_level,total_gain,0.0,norway
NOR_5Y,5,LORO_ZIRP,ZIRP,loro,nor_rb_rate_chg,total_gain,0.0,norway
NOR_5Y,5,LORO_ZIRP,ZIRP,loro,nor_rb_rate_level,total_gain,0.0,norway
NOR_5Y,5,LORO_ZIRP,ZIRP,loro,nor_unemp,total_gain,0.0,norway
NOR_5Y,5,LORO_ZIRP,ZIRP,loro,nor_usdnok_chg_1d,total_gain,0.0,norway
NOR_5Y,5,LORO_ZIRP,ZIRP,loro,nor_usdnok_level,total_gain,0.0,norway
NOR_5Y,5,LORO_ZIRP,ZIRP,loro,nor_usdnok_mom_1m,total_gain,0.0,norway
NOR_5Y,5,LORO_ZIRP,ZIRP,loro,nor_usdnok_mom_3m,total_gain,0.34005457162857056,norway
NOR_5Y,5,LORO_ZIRP,ZIRP,loro,nor_usdnok_rvol_20d,total_gain,0.0,norway
NOR_5Y,5,LORO_ZIRP,ZIRP,loro,swap_govt_spread,total_gain,0.2299439013004303,norway
NOR_5Y,5,LORO_ZIRP,ZIRP,loro,xmpca_01,total_gain,0.034710824489593506,cross_market
NOR_5Y,5,LORO_ZIRP,ZIRP,loro,xmpca_02,total_gain,0.21089492738246918,cross_market
NOR_5Y,5,LORO_ZIRP,ZIRP,loro,xmpca_03,total_gain,0.08399596810340881,cross_market
NOR_5Y,5,LORO_ZIRP,ZIRP,loro,xmpca_04,total_gain,0.0035745035856962204,cross_market
NOR_5Y,5,LORO_ZIRP,ZIRP,loro,xmpca_05,total_gain,0.20102670788764954,cross_market
NOR_5Y,5,LORO_ZIRP,ZIRP,loro,xmpca_06,total_gain,0.16346921026706696,cross_market
NOR_5Y,5,LORO_ZIRP,ZIRP,loro,xmpca_07,total_gain,0.0,cross_market
NOR_5Y,5,LORO_ZIRP,ZIRP,loro,xmpca_08,total_gain,0.0,cross_market
NOR_5Y,5,LORO_ZIRP,ZIRP,loro,xmpca_09,total_gain,0.009817354381084442,cross_market
NOR_5Y,5,LORO_ZIRP,ZIRP,loro,xmpca_10,total_gain,0.09292023628950119,cross_market
NOR_5Y,5,LORO_ZIRP,ZIRP,loro,xmpca_11,total_gain,0.04251723736524582,cross_market
NOR_5Y,5,LORO_ZIRP,ZIRP,loro,xmpca_12,total_gain,0.08638022094964981,cross_market
NOR_5Y,5,LORO_ZIRP,ZIRP,loro,chg_lag1,total_cover,36.0,momentum
NOR_5Y,5,LORO_ZIRP,ZIRP,loro,chg_lag2,total_cover,32.0,momentum
NOR_5Y,5,LORO_ZIRP,ZIRP,loro,chg_lag3,total_cover,0.0,momentum
NOR_5Y,5,LORO_ZIRP,ZIRP,loro,chg_lag4,total_cover,0.0,momentum
NOR_5Y,5,LORO_ZIRP,ZIRP,loro,chg_lag5,total_cover,0.0,momentum
NOR_5Y,5,LORO_ZIRP,ZIRP,loro,carry_roll,total_cover,1465.0,carry_roll
NOR_5Y,5,LORO_ZIRP,ZIRP,loro,mom_63d,total_cover,786.0,momentum
NOR_5Y,5,LORO_ZIRP,ZIRP,loro,mom_1m,total_cover,15.0,momentum
NOR_5Y,5,LORO_ZIRP,ZIRP,loro,mom_3m,total_cover,244.0,momentum
NOR_5Y,5,LORO_ZIRP,ZIRP,loro,mom_6m,total_cover,94.0,momentum
NOR_5Y,5,LORO_ZIRP,ZIRP,loro,mom_12m,total_cover,617.0,momentum
NOR_5Y,5,LORO_ZIRP,ZIRP,loro,dev_ma_3m,total_cover,166.0,curve
NOR_5Y,5,LORO_ZIRP,ZIRP,loro,dev_ma_12m,total_cover,0.0,curve
NOR_5Y,5,LORO_ZIRP,ZIRP,loro,vol_20d,total_cover,41.0,vol
NOR_5Y,5,LORO_ZIRP,ZIRP,loro,vol_regime,total_cover,0.0,vol
NOR_5Y,5,LORO_ZIRP,ZIRP,loro,vol_zscore,total_cover,2114.0,vol
NOR_5Y,5,LORO_ZIRP,ZIRP,loro,level_zscore,total_cover,0.0,curve
NOR_5Y,5,LORO_ZIRP,ZIRP,loro,slope_10_1,total_cover,0.0,curve
NOR_5Y,5,LORO_ZIRP,ZIRP,loro,slope_10_5,total_cover,0.0,curve
NOR_5Y,5,LORO_ZIRP,ZIRP,loro,slope_5_1,total_cover,590.0,curve
NOR_5Y,5,LORO_ZIRP,ZIRP,loro,sofr_mom_1m,total_cover,4724.0,macro
NOR_5Y,5,LORO_ZIRP,ZIRP,loro,ibor_level,total_cover,0.0,macro
NOR_5Y,5,LORO_ZIRP,ZIRP,loro,ibor_chg_1d,total_cover,0.0,macro
NOR_5Y,5,LORO_ZIRP,ZIRP,loro,ibor_mom_1m,total_cover,363.0,macro
NOR_5Y,5,LORO_ZIRP,ZIRP,loro,ibor_term_slope,total_cover,1264.0,macro
NOR_5Y,5,LORO_ZIRP,ZIRP,loro,swap_ibor_basis,total_cover,756.0,curve
NOR_5Y,5,LORO_ZIRP,ZIRP,loro,move_level,total_cover,243.0,vol
NOR_5Y,5,LORO_ZIRP,ZIRP,loro,move_zscore,total_cover,0.0,vol
NOR_5Y,5,LORO_ZIRP,ZIRP,loro,vix_level,total_cover,57.0,vol
NOR_5Y,5,LORO_ZIRP,ZIRP,loro,vix_zscore,total_cover,0.0,vol
NOR_5Y,5,LORO_ZIRP,ZIRP,loro,v2x_level,total_cover,0.0,vol
NOR_5Y,5,LORO_ZIRP,ZIRP,loro,vxn_level,total_cover,243.0,vol
NOR_5Y,5,LORO_ZIRP,ZIRP,loro,ovx_level,total_cover,309.0,vol
NOR_5Y,5,LORO_ZIRP,ZIRP,loro,gvz_level,total_cover,1381.0,vol
NOR_5Y,5,LORO_ZIRP,ZIRP,loro,spx_mom_1m,total_cover,1818.0,macro
NOR_5Y,5,LORO_ZIRP,ZIRP,loro,spx_mom_3m,total_cover,0.0,macro
NOR_5Y,5,LORO_ZIRP,ZIRP,loro,sx5e_mom_1m,total_cover,0.0,macro
NOR_5Y,5,LORO_ZIRP,ZIRP,loro,sx5e_mom_3m,total_cover,0.0,macro
NOR_5Y,5,LORO_ZIRP,ZIRP,loro,mxwo_mom_1m,total_cover,0.0,macro
NOR_5Y,5,LORO_ZIRP,ZIRP,loro,ndx_mom_1m,total_cover,415.0,macro
NOR_5Y,5,LORO_ZIRP,ZIRP,loro,oil_mom_1m,total_cover,157.0,macro
NOR_5Y,5,LORO_ZIRP,ZIRP,loro,oil_mom_3m,total_cover,0.0,macro
NOR_5Y,5,LORO_ZIRP,ZIRP,loro,copper_mom_1m,total_cover,97.0,macro
NOR_5Y,5,LORO_ZIRP,ZIRP,loro,opec_prod,total_cover,831.0,macro
NOR_5Y,5,LORO_ZIRP,ZIRP,loro,natgas_mom_1m,total_cover,1971.0,macro
NOR_5Y,5,LORO_ZIRP,ZIRP,loro,be5y_level,total_cover,0.0,macro
NOR_5Y,5,LORO_ZIRP,ZIRP,loro,be10y_level,total_cover,0.0,macro
NOR_5Y,5,LORO_ZIRP,ZIRP,loro,be_slope,total_cover,0.0,macro
NOR_5Y,5,LORO_ZIRP,ZIRP,loro,be5y_chg_1m,total_cover,0.0,macro
NOR_5Y,5,LORO_ZIRP,ZIRP,loro,ig_spread,total_cover,0.0,credit
NOR_5Y,5,LORO_ZIRP,ZIRP,loro,hy_spread,total_cover,0.0,credit
NOR_5Y,5,LORO_ZIRP,ZIRP,loro,ig_chg_1m,total_cover,0.0,credit
NOR_5Y,5,LORO_ZIRP,ZIRP,loro,hy_chg_1m,total_cover,0.0,credit
NOR_5Y,5,LORO_ZIRP,ZIRP,loro,cpi_yoy,total_cover,204.0,macro
NOR_5Y,5,LORO_ZIRP,ZIRP,loro,pce_core_chg,total_cover,122.0,macro
NOR_5Y,5,LORO_ZIRP,ZIRP,loro,nfp_change,total_cover,1280.0,macro
NOR_5Y,5,LORO_ZIRP,ZIRP,loro,pmi_us,total_cover,184.0,macro
NOR_5Y,5,LORO_ZIRP,ZIRP,loro,pmi_eur,total_cover,3312.0,macro
NOR_5Y,5,LORO_ZIRP,ZIRP,loro,unemp_eur,total_cover,0.0,macro
NOR_5Y,5,LORO_ZIRP,ZIRP,loro,cpi_nsa_level,total_cover,0.0,macro
NOR_5Y,5,LORO_ZIRP,ZIRP,loro,pce_core_level,total_cover,0.0,macro
NOR_5Y,5,LORO_ZIRP,ZIRP,loro,eur_3m,total_cover,0.0,macro
NOR_5Y,5,LORO_ZIRP,ZIRP,loro,eur_1w,total_cover,0.0,macro
NOR_5Y,5,LORO_ZIRP,ZIRP,loro,nor_ibor_1m,total_cover,20.0,norway
NOR_5Y,5,LORO_ZIRP,ZIRP,loro,nor_ibor_6m,total_cover,0.0,norway
NOR_5Y,5,LORO_ZIRP,ZIRP,loro,nor_ecb_dfr_chg,total_cover,0.0,norway
NOR_5Y,5,LORO_ZIRP,ZIRP,loro,nor_ecb_dfr_level,total_cover,702.0,norway
NOR_5Y,5,LORO_ZIRP,ZIRP,loro,nor_eurnok_chg_1d,total_cover,292.0,norway
NOR_5Y,5,LORO_ZIRP,ZIRP,loro,nor_eurnok_level,total_cover,0.0,norway
NOR_5Y,5,LORO_ZIRP,ZIRP,loro,nor_eurnok_mom_1m,total_cover,68.0,norway
NOR_5Y,5,LORO_ZIRP,ZIRP,loro,nor_eurnok_mom_3m,total_cover,42.0,norway
NOR_5Y,5,LORO_ZIRP,ZIRP,loro,nor_eurnok_rvol_20d,total_cover,1536.0,norway
NOR_5Y,5,LORO_ZIRP,ZIRP,loro,nor_govt_10y,total_cover,0.0,norway
NOR_5Y,5,LORO_ZIRP,ZIRP,loro,nor_govt_3y,total_cover,0.0,norway
NOR_5Y,5,LORO_ZIRP,ZIRP,loro,nor_govt_5y,total_cover,567.0,norway
NOR_5Y,5,LORO_ZIRP,ZIRP,loro,nor_i44_chg_1d,total_cover,10.0,norway
NOR_5Y,5,LORO_ZIRP,ZIRP,loro,nor_i44_level,total_cover,824.0,norway
NOR_5Y,5,LORO_ZIRP,ZIRP,loro,nor_i44_mom_1m,total_cover,309.0,norway
NOR_5Y,5,LORO_ZIRP,ZIRP,loro,nor_i44_mom_3m,total_cover,25.0,norway
NOR_5Y,5,LORO_ZIRP,ZIRP,loro,nor_i44_rvol_20d,total_cover,0.0,norway
NOR_5Y,5,LORO_ZIRP,ZIRP,loro,nor_kpi_yoy,total_cover,151.0,norway
NOR_5Y,5,LORO_ZIRP,ZIRP,loro,nor_kpijae_yoy,total_cover,0.0,norway
NOR_5Y,5,LORO_ZIRP,ZIRP,loro,nor_nibor_nowa_spread,total_cover,0.0,norway
NOR_5Y,5,LORO_ZIRP,ZIRP,loro,nor_nowa_level,total_cover,0.0,norway
NOR_5Y,5,LORO_ZIRP,ZIRP,loro,nor_polrate_chg_1d,total_cover,0.0,norway
NOR_5Y,5,LORO_ZIRP,ZIRP,loro,nor_polrate_days_since_chg,total_cover,0.0,norway
NOR_5Y,5,LORO_ZIRP,ZIRP,loro,nor_polrate_level,total_cover,0.0,norway
NOR_5Y,5,LORO_ZIRP,ZIRP,loro,nor_rb_rate_chg,total_cover,0.0,norway
NOR_5Y,5,LORO_ZIRP,ZIRP,loro,nor_rb_rate_level,total_cover,0.0,norway
NOR_5Y,5,LORO_ZIRP,ZIRP,loro,nor_unemp,total_cover,0.0,norway
NOR_5Y,5,LORO_ZIRP,ZIRP,loro,nor_usdnok_chg_1d,total_cover,0.0,norway
NOR_5Y,5,LORO_ZIRP,ZIRP,loro,nor_usdnok_level,total_cover,0.0,norway
NOR_5Y,5,LORO_ZIRP,ZIRP,loro,nor_usdnok_mom_1m,total_cover,0.0,norway
NOR_5Y,5,LORO_ZIRP,ZIRP,loro,nor_usdnok_mom_3m,total_cover,3290.0,norway
NOR_5Y,5,LORO_ZIRP,ZIRP,loro,nor_usdnok_rvol_20d,total_cover,0.0,norway
NOR_5Y,5,LORO_ZIRP,ZIRP,loro,swap_govt_spread,total_cover,437.0,norway
NOR_5Y,5,LORO_ZIRP,ZIRP,loro,xmpca_01,total_cover,43.0,cross_market
NOR_5Y,5,LORO_ZIRP,ZIRP,loro,xmpca_02,total_cover,441.0,cross_market
NOR_5Y,5,LORO_ZIRP,ZIRP,loro,xmpca_03,total_cover,66.0,cross_market
NOR_5Y,5,LORO_ZIRP,ZIRP,loro,xmpca_04,total_cover,19.0,cross_market
NOR_5Y,5,LORO_ZIRP,ZIRP,loro,xmpca_05,total_cover,53.0,cross_market
NOR_5Y,5,LORO_ZIRP,ZIRP,loro,xmpca_06,total_cover,160.0,cross_market
NOR_5Y,5,LORO_ZIRP,ZIRP,loro,xmpca_07,total_cover,0.0,cross_market
NOR_5Y,5,LORO_ZIRP,ZIRP,loro,xmpca_08,total_cover,0.0,cross_market
NOR_5Y,5,LORO_ZIRP,ZIRP,loro,xmpca_09,total_cover,18.0,cross_market
NOR_5Y,5,LORO_ZIRP,ZIRP,loro,xmpca_10,total_cover,61.0,cross_market
NOR_5Y,5,LORO_ZIRP,ZIRP,loro,xmpca_11,total_cover,62.0,cross_market
NOR_5Y,5,LORO_ZIRP,ZIRP,loro,xmpca_12,total_cover,449.0,cross_market
NOR_5Y,5,LORO_ZIRP,ZIRP,loro,chg_lag1,shap_mean_abs,1.942739254445769e-05,momentum
NOR_5Y,5,LORO_ZIRP,ZIRP,loro,chg_lag2,shap_mean_abs,5.1073951908620074e-05,momentum
NOR_5Y,5,LORO_ZIRP,ZIRP,loro,chg_lag3,shap_mean_abs,0.0,momentum
NOR_5Y,5,LORO_ZIRP,ZIRP,loro,chg_lag4,shap_mean_abs,0.0,momentum
NOR_5Y,5,LORO_ZIRP,ZIRP,loro,chg_lag5,shap_mean_abs,0.0,momentum
NOR_5Y,5,LORO_ZIRP,ZIRP,loro,carry_roll,shap_mean_abs,0.0002656993456184864,carry_roll
NOR_5Y,5,LORO_ZIRP,ZIRP,loro,mom_63d,shap_mean_abs,0.00020094012143090367,momentum
NOR_5Y,5,LORO_ZIRP,ZIRP,loro,mom_1m,shap_mean_abs,1.3929620763519779e-05,momentum
NOR_5Y,5,LORO_ZIRP,ZIRP,loro,mom_3m,shap_mean_abs,0.00016420373867731541,momentum
NOR_5Y,5,LORO_ZIRP,ZIRP,loro,mom_6m,shap_mean_abs,5.220424282015301e-05,momentum
NOR_5Y,5,LORO_ZIRP,ZIRP,loro,mom_12m,shap_mean_abs,0.00013103632954880595,momentum
NOR_5Y,5,LORO_ZIRP,ZIRP,loro,dev_ma_3m,shap_mean_abs,7.940912473713979e-05,curve
NOR_5Y,5,LORO_ZIRP,ZIRP,loro,dev_ma_12m,shap_mean_abs,0.0,curve
NOR_5Y,5,LORO_ZIRP,ZIRP,loro,vol_20d,shap_mean_abs,3.816332173300907e-05,vol
NOR_5Y,5,LORO_ZIRP,ZIRP,loro,vol_regime,shap_mean_abs,0.0,vol
NOR_5Y,5,LORO_ZIRP,ZIRP,loro,vol_zscore,shap_mean_abs,0.0006410270580090582,vol
NOR_5Y,5,LORO_ZIRP,ZIRP,loro,level_zscore,shap_mean_abs,0.0,curve
NOR_5Y,5,LORO_ZIRP,ZIRP,loro,slope_10_1,shap_mean_abs,0.0,curve
NOR_5Y,5,LORO_ZIRP,ZIRP,loro,slope_10_5,shap_mean_abs,0.0,curve
NOR_5Y,5,LORO_ZIRP,ZIRP,loro,slope_5_1,shap_mean_abs,0.0001144246562034823,curve
NOR_5Y,5,LORO_ZIRP,ZIRP,loro,sofr_mom_1m,shap_mean_abs,0.0016438906313851476,macro
NOR_5Y,5,LORO_ZIRP,ZIRP,loro,ibor_level,shap_mean_abs,0.0,macro
NOR_5Y,5,LORO_ZIRP,ZIRP,loro,ibor_chg_1d,shap_mean_abs,0.0,macro
NOR_5Y,5,LORO_ZIRP,ZIRP,loro,ibor_mom_1m,shap_mean_abs,0.00015020476712379605,macro
NOR_5Y,5,LORO_ZIRP,ZIRP,loro,ibor_term_slope,shap_mean_abs,0.00034321090788580477,macro
NOR_5Y,5,LORO_ZIRP,ZIRP,loro,swap_ibor_basis,shap_mean_abs,0.0002553843369241804,curve
NOR_5Y,5,LORO_ZIRP,ZIRP,loro,move_level,shap_mean_abs,9.819855768000707e-05,vol
NOR_5Y,5,LORO_ZIRP,ZIRP,loro,move_zscore,shap_mean_abs,0.0,vol
NOR_5Y,5,LORO_ZIRP,ZIRP,loro,vix_level,shap_mean_abs,2.7109575967187993e-05,vol
NOR_5Y,5,LORO_ZIRP,ZIRP,loro,vix_zscore,shap_mean_abs,0.0,vol
NOR_5Y,5,LORO_ZIRP,ZIRP,loro,v2x_level,shap_mean_abs,0.0,vol
NOR_5Y,5,LORO_ZIRP,ZIRP,loro,vxn_level,shap_mean_abs,0.00022159631771501154,vol
NOR_5Y,5,LORO_ZIRP,ZIRP,loro,ovx_level,shap_mean_abs,0.00013983837561681867,vol
NOR_5Y,5,LORO_ZIRP,ZIRP,loro,gvz_level,shap_mean_abs,8.708975656190887e-05,vol
NOR_5Y,5,LORO_ZIRP,ZIRP,loro,spx_mom_1m,shap_mean_abs,8.517168316757306e-05,macro
NOR_5Y,5,LORO_ZIRP,ZIRP,loro,spx_mom_3m,shap_mean_abs,0.0,macro
NOR_5Y,5,LORO_ZIRP,ZIRP,loro,sx5e_mom_1m,shap_mean_abs,0.0,macro
NOR_5Y,5,LORO_ZIRP,ZIRP,loro,sx5e_mom_3m,shap_mean_abs,0.0,macro
NOR_5Y,5,LORO_ZIRP,ZIRP,loro,mxwo_mom_1m,shap_mean_abs,0.0,macro
NOR_5Y,5,LORO_ZIRP,ZIRP,loro,ndx_mom_1m,shap_mean_abs,4.954647374688648e-05,macro
NOR_5Y,5,LORO_ZIRP,ZIRP,loro,oil_mom_1m,shap_mean_abs,3.2771597034297884e-05,macro
NOR_5Y,5,LORO_ZIRP,ZIRP,loro,oil_mom_3m,shap_mean_abs,0.0,macro
NOR_5Y,5,LORO_ZIRP,ZIRP,loro,copper_mom_1m,shap_mean_abs,6.556473090313375e-05,macro
NOR_5Y,5,LORO_ZIRP,ZIRP,loro,opec_prod,shap_mean_abs,0.0006557799060828984,macro
NOR_5Y,5,LORO_ZIRP,ZIRP,loro,natgas_mom_1m,shap_mean_abs,0.0007396694854833186,macro
NOR_5Y,5,LORO_ZIRP,ZIRP,loro,be5y_level,shap_mean_abs,0.0,macro
NOR_5Y,5,LORO_ZIRP,ZIRP,loro,be10y_level,shap_mean_abs,0.0,macro
NOR_5Y,5,LORO_ZIRP,ZIRP,loro,be_slope,shap_mean_abs,0.0,macro
NOR_5Y,5,LORO_ZIRP,ZIRP,loro,be5y_chg_1m,shap_mean_abs,0.0,macro
NOR_5Y,5,LORO_ZIRP,ZIRP,loro,ig_spread,shap_mean_abs,0.0,credit
NOR_5Y,5,LORO_ZIRP,ZIRP,loro,hy_spread,shap_mean_abs,0.0,credit
NOR_5Y,5,LORO_ZIRP,ZIRP,loro,ig_chg_1m,shap_mean_abs,0.0,credit
NOR_5Y,5,LORO_ZIRP,ZIRP,loro,hy_chg_1m,shap_mean_abs,0.0,credit
NOR_5Y,5,LORO_ZIRP,ZIRP,loro,cpi_yoy,shap_mean_abs,0.00042058402323164046,macro
NOR_5Y,5,LORO_ZIRP,ZIRP,loro,pce_core_chg,shap_mean_abs,0.00011040073150070384,macro
NOR_5Y,5,LORO_ZIRP,ZIRP,loro,nfp_change,shap_mean_abs,0.0004333881661295891,macro
NOR_5Y,5,LORO_ZIRP,ZIRP,loro,pmi_us,shap_mean_abs,0.0002193385298596695,macro
NOR_5Y,5,LORO_ZIRP,ZIRP,loro,pmi_eur,shap_mean_abs,0.0010216864757239819,macro
NOR_5Y,5,LORO_ZIRP,ZIRP,loro,unemp_eur,shap_mean_abs,0.0,macro
NOR_5Y,5,LORO_ZIRP,ZIRP,loro,cpi_nsa_level,shap_mean_abs,0.0,macro
NOR_5Y,5,LORO_ZIRP,ZIRP,loro,pce_core_level,shap_mean_abs,0.0,macro
NOR_5Y,5,LORO_ZIRP,ZIRP,loro,eur_3m,shap_mean_abs,0.0,macro
NOR_5Y,5,LORO_ZIRP,ZIRP,loro,eur_1w,shap_mean_abs,0.0,macro
NOR_5Y,5,LORO_ZIRP,ZIRP,loro,nor_ibor_1m,shap_mean_abs,1.2084240552212577e-05,norway
NOR_5Y,5,LORO_ZIRP,ZIRP,loro,nor_ibor_6m,shap_mean_abs,0.0,norway
NOR_5Y,5,LORO_ZIRP,ZIRP,loro,nor_ecb_dfr_chg,shap_mean_abs,0.0,norway
NOR_5Y,5,LORO_ZIRP,ZIRP,loro,nor_ecb_dfr_level,shap_mean_abs,0.00020075676729902625,norway
NOR_5Y,5,LORO_ZIRP,ZIRP,loro,nor_eurnok_chg_1d,shap_mean_abs,4.556975909508765e-05,norway
NOR_5Y,5,LORO_ZIRP,ZIRP,loro,nor_eurnok_level,shap_mean_abs,0.0,norway
NOR_5Y,5,LORO_ZIRP,ZIRP,loro,nor_eurnok_mom_1m,shap_mean_abs,6.736687646480277e-05,norway
NOR_5Y,5,LORO_ZIRP,ZIRP,loro,nor_eurnok_mom_3m,shap_mean_abs,8.66283880895935e-05,norway
NOR_5Y,5,LORO_ZIRP,ZIRP,loro,nor_eurnok_rvol_20d,shap_mean_abs,0.00024792447220534086,norway
NOR_5Y,5,LORO_ZIRP,ZIRP,loro,nor_govt_10y,shap_mean_abs,0.0,norway
NOR_5Y,5,LORO_ZIRP,ZIRP,loro,nor_govt_3y,shap_mean_abs,0.0,norway
NOR_5Y,5,LORO_ZIRP,ZIRP,loro,nor_govt_5y,shap_mean_abs,5.2394625527085736e-05,norway
NOR_5Y,5,LORO_ZIRP,ZIRP,loro,nor_i44_chg_1d,shap_mean_abs,1.0121617378899828e-05,norway
NOR_5Y,5,LORO_ZIRP,ZIRP,loro,nor_i44_level,shap_mean_abs,0.00031807966297492385,norway
NOR_5Y,5,LORO_ZIRP,ZIRP,loro,nor_i44_mom_1m,shap_mean_abs,0.00011113343498436734,norway
NOR_5Y,5,LORO_ZIRP,ZIRP,loro,nor_i44_mom_3m,shap_mean_abs,1.608419552212581e-05,norway
NOR_5Y,5,LORO_ZIRP,ZIRP,loro,nor_i44_rvol_20d,shap_mean_abs,0.0,norway
NOR_5Y,5,LORO_ZIRP,ZIRP,loro,nor_kpi_yoy,shap_mean_abs,0.00012389295443426818,norway
NOR_5Y,5,LORO_ZIRP,ZIRP,loro,nor_kpijae_yoy,shap_mean_abs,0.0,norway
NOR_5Y,5,LORO_ZIRP,ZIRP,loro,nor_nibor_nowa_spread,shap_mean_abs,0.0,norway
NOR_5Y,5,LORO_ZIRP,ZIRP,loro,nor_nowa_level,shap_mean_abs,0.0,norway
NOR_5Y,5,LORO_ZIRP,ZIRP,loro,nor_polrate_chg_1d,shap_mean_abs,0.0,norway
NOR_5Y,5,LORO_ZIRP,ZIRP,loro,nor_polrate_days_since_chg,shap_mean_abs,0.0,norway
NOR_5Y,5,LORO_ZIRP,ZIRP,loro,nor_polrate_level,shap_mean_abs,0.0,norway
NOR_5Y,5,LORO_ZIRP,ZIRP,loro,nor_rb_rate_chg,shap_mean_abs,0.0,norway
NOR_5Y,5,LORO_ZIRP,ZIRP,loro,nor_rb_rate_level,shap_mean_abs,0.0,norway
NOR_5Y,5,LORO_ZIRP,ZIRP,loro,nor_unemp,shap_mean_abs,0.0,norway
NOR_5Y,5,LORO_ZIRP,ZIRP,loro,nor_usdnok_chg_1d,shap_mean_abs,0.0,norway
NOR_5Y,5,LORO_ZIRP,ZIRP,loro,nor_usdnok_level,shap_mean_abs,0.0,norway
NOR_5Y,5,LORO_ZIRP,ZIRP,loro,nor_usdnok_mom_1m,shap_mean_abs,0.0,norway
NOR_5Y,5,LORO_ZIRP,ZIRP,loro,nor_usdnok_mom_3m,shap_mean_abs,0.0006270240992307663,norway
NOR_5Y,5,LORO_ZIRP,ZIRP,loro,nor_usdnok_rvol_20d,shap_mean_abs,0.0,norway
NOR_5Y,5,LORO_ZIRP,ZIRP,loro,swap_govt_spread,shap_mean_abs,0.0002051972405752167,norway
NOR_5Y,5,LORO_ZIRP,ZIRP,loro,xmpca_01,shap_mean_abs,1.209249603562057e-05,cross_market
NOR_5Y,5,LORO_ZIRP,ZIRP,loro,xmpca_02,shap_mean_abs,3.143935828120448e-05,cross_market
NOR_5Y,5,LORO_ZIRP,ZIRP,loro,xmpca_03,shap_mean_abs,4.713444286608137e-05,cross_market
NOR_5Y,5,LORO_ZIRP,ZIRP,loro,xmpca_04,shap_mean_abs,1.8643855582922697e-05,cross_market
NOR_5Y,5,LORO_ZIRP,ZIRP,loro,xmpca_05,shap_mean_abs,2.3853950551711023e-05,cross_market
NOR_5Y,5,LORO_ZIRP,ZIRP,loro,xmpca_06,shap_mean_abs,8.374644676223397e-05,cross_market
NOR_5Y,5,LORO_ZIRP,ZIRP,loro,xmpca_07,shap_mean_abs,0.0,cross_market
NOR_5Y,5,LORO_ZIRP,ZIRP,loro,xmpca_08,shap_mean_abs,0.0,cross_market
NOR_5Y,5,LORO_ZIRP,ZIRP,loro,xmpca_09,shap_mean_abs,9.956937901733909e-06,cross_market
NOR_5Y,5,LORO_ZIRP,ZIRP,loro,xmpca_10,shap_mean_abs,2.182549360441044e-05,cross_market
NOR_5Y,5,LORO_ZIRP,ZIRP,loro,xmpca_11,shap_mean_abs,1.8065473341266625e-05,cross_market
NOR_5Y,5,LORO_ZIRP,ZIRP,loro,xmpca_12,shap_mean_abs,0.00035810834378935397,cross_market
NOR_5Y,5,LORO_COVID,COVID,loro,chg_lag1,gain,0.006321609951555729,momentum
NOR_5Y,5,LORO_COVID,COVID,loro,chg_lag2,gain,0.0027866987511515617,momentum
NOR_5Y,5,LORO_COVID,COVID,loro,chg_lag3,gain,0.0031762192957103252,momentum
NOR_5Y,5,LORO_COVID,COVID,loro,chg_lag4,gain,0.0,momentum
NOR_5Y,5,LORO_COVID,COVID,loro,chg_lag5,gain,0.04826756939291954,momentum
NOR_5Y,5,LORO_COVID,COVID,loro,carry_roll,gain,0.11319853365421295,carry_roll
NOR_5Y,5,LORO_COVID,COVID,loro,mom_63d,gain,0.043600134551525116,momentum
NOR_5Y,5,LORO_COVID,COVID,loro,mom_1m,gain,0.0,momentum
NOR_5Y,5,LORO_COVID,COVID,loro,mom_3m,gain,0.0,momentum
NOR_5Y,5,LORO_COVID,COVID,loro,mom_6m,gain,0.1032763123512268,momentum
NOR_5Y,5,LORO_COVID,COVID,loro,mom_12m,gain,0.0,momentum
NOR_5Y,5,LORO_COVID,COVID,loro,dev_ma_3m,gain,0.054457902908325195,curve
NOR_5Y,5,LORO_COVID,COVID,loro,dev_ma_12m,gain,0.031321167945861816,curve
NOR_5Y,5,LORO_COVID,COVID,loro,vol_20d,gain,0.1009613499045372,vol
NOR_5Y,5,LORO_COVID,COVID,loro,vol_regime,gain,0.0,vol
NOR_5Y,5,LORO_COVID,COVID,loro,vol_zscore,gain,0.0,vol
NOR_5Y,5,LORO_COVID,COVID,loro,level_zscore,gain,0.0,curve
NOR_5Y,5,LORO_COVID,COVID,loro,slope_10_1,gain,0.09373761713504791,curve
NOR_5Y,5,LORO_COVID,COVID,loro,slope_10_5,gain,0.0,curve
NOR_5Y,5,LORO_COVID,COVID,loro,slope_5_1,gain,0.04353976622223854,curve
NOR_5Y,5,LORO_COVID,COVID,loro,sofr_mom_1m,gain,0.08930927515029907,macro
NOR_5Y,5,LORO_COVID,COVID,loro,ibor_level,gain,0.0,macro
NOR_5Y,5,LORO_COVID,COVID,loro,ibor_chg_1d,gain,0.03871820122003555,macro
NOR_5Y,5,LORO_COVID,COVID,loro,ibor_mom_1m,gain,0.05099014937877655,macro
NOR_5Y,5,LORO_COVID,COVID,loro,ibor_term_slope,gain,0.04320952296257019,macro
NOR_5Y,5,LORO_COVID,COVID,loro,swap_ibor_basis,gain,0.08134693652391434,curve
NOR_5Y,5,LORO_COVID,COVID,loro,move_level,gain,0.057105034589767456,vol
NOR_5Y,5,LORO_COVID,COVID,loro,move_zscore,gain,0.016557225957512856,vol
NOR_5Y,5,LORO_COVID,COVID,loro,vix_level,gain,0.05188978463411331,vol
NOR_5Y,5,LORO_COVID,COVID,loro,vix_zscore,gain,0.0,vol
NOR_5Y,5,LORO_COVID,COVID,loro,v2x_level,gain,0.10733988136053085,vol
NOR_5Y,5,LORO_COVID,COVID,loro,vxn_level,gain,0.0,vol
NOR_5Y,5,LORO_COVID,COVID,loro,ovx_level,gain,0.07289640605449677,vol
NOR_5Y,5,LORO_COVID,COVID,loro,gvz_level,gain,0.07711400836706161,vol
NOR_5Y,5,LORO_COVID,COVID,loro,spx_mom_1m,gain,0.0,macro
NOR_5Y,5,LORO_COVID,COVID,loro,spx_mom_3m,gain,0.023981381207704544,macro
NOR_5Y,5,LORO_COVID,COVID,loro,sx5e_mom_1m,gain,0.006894722580909729,macro
NOR_5Y,5,LORO_COVID,COVID,loro,sx5e_mom_3m,gain,0.0,macro
NOR_5Y,5,LORO_COVID,COVID,loro,mxwo_mom_1m,gain,0.0,macro
NOR_5Y,5,LORO_COVID,COVID,loro,ndx_mom_1m,gain,0.07650076597929001,macro
NOR_5Y,5,LORO_COVID,COVID,loro,oil_mom_1m,gain,0.0503627173602581,macro
NOR_5Y,5,LORO_COVID,COVID,loro,oil_mom_3m,gain,0.0,macro
NOR_5Y,5,LORO_COVID,COVID,loro,copper_mom_1m,gain,0.02841069921851158,macro
NOR_5Y,5,LORO_COVID,COVID,loro,opec_prod,gain,0.09149251133203506,macro
NOR_5Y,5,LORO_COVID,COVID,loro,natgas_mom_1m,gain,0.0,macro
NOR_5Y,5,LORO_COVID,COVID,loro,be5y_level,gain,0.04103650152683258,macro
NOR_5Y,5,LORO_COVID,COVID,loro,be10y_level,gain,0.07019495964050293,macro
NOR_5Y,5,LORO_COVID,COVID,loro,be_slope,gain,0.0,macro
NOR_5Y,5,LORO_COVID,COVID,loro,be5y_chg_1m,gain,0.0,macro
NOR_5Y,5,LORO_COVID,COVID,loro,ig_spread,gain,0.0,credit
NOR_5Y,5,LORO_COVID,COVID,loro,hy_spread,gain,0.0,credit
NOR_5Y,5,LORO_COVID,COVID,loro,ig_chg_1m,gain,0.0,credit
NOR_5Y,5,LORO_COVID,COVID,loro,hy_chg_1m,gain,0.0,credit
NOR_5Y,5,LORO_COVID,COVID,loro,cpi_yoy,gain,0.0,macro
NOR_5Y,5,LORO_COVID,COVID,loro,pce_core_chg,gain,0.09587412327528,macro
NOR_5Y,5,LORO_COVID,COVID,loro,nfp_change,gain,0.24777400493621826,macro
NOR_5Y,5,LORO_COVID,COVID,loro,pmi_us,gain,0.0,macro
NOR_5Y,5,LORO_COVID,COVID,loro,pmi_eur,gain,0.20876872539520264,macro
NOR_5Y,5,LORO_COVID,COVID,loro,unemp_eur,gain,0.0,macro
NOR_5Y,5,LORO_COVID,COVID,loro,cpi_nsa_level,gain,0.0,macro
NOR_5Y,5,LORO_COVID,COVID,loro,pce_core_level,gain,0.0,macro
NOR_5Y,5,LORO_COVID,COVID,loro,eur_3m,gain,0.0,macro
NOR_5Y,5,LORO_COVID,COVID,loro,eur_1w,gain,0.030999204143881798,macro
NOR_5Y,5,LORO_COVID,COVID,loro,nor_ibor_1m,gain,0.0,norway
NOR_5Y,5,LORO_COVID,COVID,loro,nor_ibor_6m,gain,0.06873080879449844,norway
NOR_5Y,5,LORO_COVID,COVID,loro,nor_ecb_dfr_chg,gain,0.0,norway
NOR_5Y,5,LORO_COVID,COVID,loro,nor_ecb_dfr_level,gain,0.0,norway
NOR_5Y,5,LORO_COVID,COVID,loro,nor_eurnok_chg_1d,gain,0.15661105513572693,norway
NOR_5Y,5,LORO_COVID,COVID,loro,nor_eurnok_level,gain,0.094059519469738,norway
NOR_5Y,5,LORO_COVID,COVID,loro,nor_eurnok_mom_1m,gain,0.0,norway
NOR_5Y,5,LORO_COVID,COVID,loro,nor_eurnok_mom_3m,gain,0.07124409079551697,norway
NOR_5Y,5,LORO_COVID,COVID,loro,nor_eurnok_rvol_20d,gain,0.0,norway
NOR_5Y,5,LORO_COVID,COVID,loro,nor_govt_10y,gain,0.0,norway
NOR_5Y,5,LORO_COVID,COVID,loro,nor_govt_3y,gain,0.0,norway
NOR_5Y,5,LORO_COVID,COVID,loro,nor_govt_5y,gain,0.0,norway
NOR_5Y,5,LORO_COVID,COVID,loro,nor_i44_chg_1d,gain,0.0,norway
NOR_5Y,5,LORO_COVID,COVID,loro,nor_i44_level,gain,0.0,norway
NOR_5Y,5,LORO_COVID,COVID,loro,nor_i44_mom_1m,gain,0.17216353118419647,norway
NOR_5Y,5,LORO_COVID,COVID,loro,nor_i44_mom_3m,gain,0.07963144779205322,norway
NOR_5Y,5,LORO_COVID,COVID,loro,nor_i44_rvol_20d,gain,0.03845401853322983,norway
NOR_5Y,5,LORO_COVID,COVID,loro,nor_kpi_yoy,gain,0.2588120698928833,norway
NOR_5Y,5,LORO_COVID,COVID,loro,nor_kpijae_yoy,gain,0.0,norway
NOR_5Y,5,LORO_COVID,COVID,loro,nor_nibor_nowa_spread,gain,0.0,norway
NOR_5Y,5,LORO_COVID,COVID,loro,nor_nowa_level,gain,0.0,norway
NOR_5Y,5,LORO_COVID,COVID,loro,nor_polrate_chg_1d,gain,0.0,norway
NOR_5Y,5,LORO_COVID,COVID,loro,nor_polrate_days_since_chg,gain,0.06305160373449326,norway
NOR_5Y,5,LORO_COVID,COVID,loro,nor_polrate_level,gain,0.0,norway
NOR_5Y,5,LORO_COVID,COVID,loro,nor_rb_rate_chg,gain,0.0,norway
NOR_5Y,5,LORO_COVID,COVID,loro,nor_rb_rate_level,gain,0.0,norway
NOR_5Y,5,LORO_COVID,COVID,loro,nor_unemp,gain,0.0,norway
NOR_5Y,5,LORO_COVID,COVID,loro,nor_usdnok_chg_1d,gain,0.00734180212020874,norway
NOR_5Y,5,LORO_COVID,COVID,loro,nor_usdnok_level,gain,0.0,norway
NOR_5Y,5,LORO_COVID,COVID,loro,nor_usdnok_mom_1m,gain,0.0,norway
NOR_5Y,5,LORO_COVID,COVID,loro,nor_usdnok_mom_3m,gain,0.09982774406671524,norway
NOR_5Y,5,LORO_COVID,COVID,loro,nor_usdnok_rvol_20d,gain,0.006962940096855164,norway
NOR_5Y,5,LORO_COVID,COVID,loro,swap_govt_spread,gain,0.07335115224123001,norway
NOR_5Y,5,LORO_COVID,COVID,loro,xmpca_01,gain,0.0,cross_market
NOR_5Y,5,LORO_COVID,COVID,loro,xmpca_02,gain,0.02527126669883728,cross_market
NOR_5Y,5,LORO_COVID,COVID,loro,xmpca_03,gain,0.0,cross_market
NOR_5Y,5,LORO_COVID,COVID,loro,xmpca_04,gain,0.0,cross_market
NOR_5Y,5,LORO_COVID,COVID,loro,xmpca_05,gain,0.11863343417644501,cross_market
NOR_5Y,5,LORO_COVID,COVID,loro,xmpca_06,gain,0.0,cross_market
NOR_5Y,5,LORO_COVID,COVID,loro,xmpca_07,gain,0.0,cross_market
NOR_5Y,5,LORO_COVID,COVID,loro,xmpca_08,gain,0.0,cross_market
NOR_5Y,5,LORO_COVID,COVID,loro,xmpca_09,gain,0.0015552341938018799,cross_market
NOR_5Y,5,LORO_COVID,COVID,loro,xmpca_10,gain,0.0,cross_market
NOR_5Y,5,LORO_COVID,COVID,loro,xmpca_11,gain,0.0,cross_market
NOR_5Y,5,LORO_COVID,COVID,loro,xmpca_12,gain,0.03688259795308113,cross_market
NOR_5Y,5,LORO_COVID,COVID,loro,chg_lag1,weight,5.0,momentum
NOR_5Y,5,LORO_COVID,COVID,loro,chg_lag2,weight,3.0,momentum
NOR_5Y,5,LORO_COVID,COVID,loro,chg_lag3,weight,2.0,momentum
NOR_5Y,5,LORO_COVID,COVID,loro,chg_lag4,weight,0.0,momentum
NOR_5Y,5,LORO_COVID,COVID,loro,chg_lag5,weight,2.0,momentum
NOR_5Y,5,LORO_COVID,COVID,loro,carry_roll,weight,1.0,carry_roll
NOR_5Y,5,LORO_COVID,COVID,loro,mom_63d,weight,2.0,momentum
NOR_5Y,5,LORO_COVID,COVID,loro,mom_1m,weight,0.0,momentum
NOR_5Y,5,LORO_COVID,COVID,loro,mom_3m,weight,0.0,momentum
NOR_5Y,5,LORO_COVID,COVID,loro,mom_6m,weight,1.0,momentum
NOR_5Y,5,LORO_COVID,COVID,loro,mom_12m,weight,0.0,momentum
NOR_5Y,5,LORO_COVID,COVID,loro,dev_ma_3m,weight,1.0,curve
NOR_5Y,5,LORO_COVID,COVID,loro,dev_ma_12m,weight,1.0,curve
NOR_5Y,5,LORO_COVID,COVID,loro,vol_20d,weight,4.0,vol
NOR_5Y,5,LORO_COVID,COVID,loro,vol_regime,weight,0.0,vol
NOR_5Y,5,LORO_COVID,COVID,loro,vol_zscore,weight,0.0,vol
NOR_5Y,5,LORO_COVID,COVID,loro,level_zscore,weight,0.0,curve
NOR_5Y,5,LORO_COVID,COVID,loro,slope_10_1,weight,1.0,curve
NOR_5Y,5,LORO_COVID,COVID,loro,slope_10_5,weight,0.0,curve
NOR_5Y,5,LORO_COVID,COVID,loro,slope_5_1,weight,2.0,curve
NOR_5Y,5,LORO_COVID,COVID,loro,sofr_mom_1m,weight,2.0,macro
NOR_5Y,5,LORO_COVID,COVID,loro,ibor_level,weight,0.0,macro
NOR_5Y,5,LORO_COVID,COVID,loro,ibor_chg_1d,weight,2.0,macro
NOR_5Y,5,LORO_COVID,COVID,loro,ibor_mom_1m,weight,1.0,macro
NOR_5Y,5,LORO_COVID,COVID,loro,ibor_term_slope,weight,1.0,macro
NOR_5Y,5,LORO_COVID,COVID,loro,swap_ibor_basis,weight,3.0,curve
NOR_5Y,5,LORO_COVID,COVID,loro,move_level,weight,1.0,vol
NOR_5Y,5,LORO_COVID,COVID,loro,move_zscore,weight,1.0,vol
NOR_5Y,5,LORO_COVID,COVID,loro,vix_level,weight,2.0,vol
NOR_5Y,5,LORO_COVID,COVID,loro,vix_zscore,weight,0.0,vol
NOR_5Y,5,LORO_COVID,COVID,loro,v2x_level,weight,1.0,vol
NOR_5Y,5,LORO_COVID,COVID,loro,vxn_level,weight,0.0,vol
NOR_5Y,5,LORO_COVID,COVID,loro,ovx_level,weight,1.0,vol
NOR_5Y,5,LORO_COVID,COVID,loro,gvz_level,weight,3.0,vol
NOR_5Y,5,LORO_COVID,COVID,loro,spx_mom_1m,weight,0.0,macro
NOR_5Y,5,LORO_COVID,COVID,loro,spx_mom_3m,weight,1.0,macro
NOR_5Y,5,LORO_COVID,COVID,loro,sx5e_mom_1m,weight,1.0,macro
NOR_5Y,5,LORO_COVID,COVID,loro,sx5e_mom_3m,weight,0.0,macro
NOR_5Y,5,LORO_COVID,COVID,loro,mxwo_mom_1m,weight,0.0,macro
NOR_5Y,5,LORO_COVID,COVID,loro,ndx_mom_1m,weight,1.0,macro
NOR_5Y,5,LORO_COVID,COVID,loro,oil_mom_1m,weight,6.0,macro
NOR_5Y,5,LORO_COVID,COVID,loro,oil_mom_3m,weight,0.0,macro
NOR_5Y,5,LORO_COVID,COVID,loro,copper_mom_1m,weight,1.0,macro
NOR_5Y,5,LORO_COVID,COVID,loro,opec_prod,weight,2.0,macro
NOR_5Y,5,LORO_COVID,COVID,loro,natgas_mom_1m,weight,0.0,macro
NOR_5Y,5,LORO_COVID,COVID,loro,be5y_level,weight,1.0,macro
NOR_5Y,5,LORO_COVID,COVID,loro,be10y_level,weight,1.0,macro
NOR_5Y,5,LORO_COVID,COVID,loro,be_slope,weight,0.0,macro
NOR_5Y,5,LORO_COVID,COVID,loro,be5y_chg_1m,weight,0.0,macro
NOR_5Y,5,LORO_COVID,COVID,loro,ig_spread,weight,0.0,credit
NOR_5Y,5,LORO_COVID,COVID,loro,hy_spread,weight,0.0,credit
NOR_5Y,5,LORO_COVID,COVID,loro,ig_chg_1m,weight,0.0,credit
NOR_5Y,5,LORO_COVID,COVID,loro,hy_chg_1m,weight,0.0,credit
NOR_5Y,5,LORO_COVID,COVID,loro,cpi_yoy,weight,0.0,macro
NOR_5Y,5,LORO_COVID,COVID,loro,pce_core_chg,weight,1.0,macro
NOR_5Y,5,LORO_COVID,COVID,loro,nfp_change,weight,2.0,macro
NOR_5Y,5,LORO_COVID,COVID,loro,pmi_us,weight,0.0,macro
NOR_5Y,5,LORO_COVID,COVID,loro,pmi_eur,weight,2.0,macro
NOR_5Y,5,LORO_COVID,COVID,loro,unemp_eur,weight,0.0,macro
NOR_5Y,5,LORO_COVID,COVID,loro,cpi_nsa_level,weight,0.0,macro
NOR_5Y,5,LORO_COVID,COVID,loro,pce_core_level,weight,0.0,macro
NOR_5Y,5,LORO_COVID,COVID,loro,eur_3m,weight,0.0,macro
NOR_5Y,5,LORO_COVID,COVID,loro,eur_1w,weight,1.0,macro
NOR_5Y,5,LORO_COVID,COVID,loro,nor_ibor_1m,weight,0.0,norway
NOR_5Y,5,LORO_COVID,COVID,loro,nor_ibor_6m,weight,1.0,norway
NOR_5Y,5,LORO_COVID,COVID,loro,nor_ecb_dfr_chg,weight,0.0,norway
NOR_5Y,5,LORO_COVID,COVID,loro,nor_ecb_dfr_level,weight,0.0,norway
NOR_5Y,5,LORO_COVID,COVID,loro,nor_eurnok_chg_1d,weight,1.0,norway
NOR_5Y,5,LORO_COVID,COVID,loro,nor_eurnok_level,weight,3.0,norway
NOR_5Y,5,LORO_COVID,COVID,loro,nor_eurnok_mom_1m,weight,0.0,norway
NOR_5Y,5,LORO_COVID,COVID,loro,nor_eurnok_mom_3m,weight,1.0,norway
NOR_5Y,5,LORO_COVID,COVID,loro,nor_eurnok_rvol_20d,weight,0.0,norway
NOR_5Y,5,LORO_COVID,COVID,loro,nor_govt_10y,weight,0.0,norway
NOR_5Y,5,LORO_COVID,COVID,loro,nor_govt_3y,weight,0.0,norway
NOR_5Y,5,LORO_COVID,COVID,loro,nor_govt_5y,weight,0.0,norway
NOR_5Y,5,LORO_COVID,COVID,loro,nor_i44_chg_1d,weight,0.0,norway
NOR_5Y,5,LORO_COVID,COVID,loro,nor_i44_level,weight,0.0,norway
NOR_5Y,5,LORO_COVID,COVID,loro,nor_i44_mom_1m,weight,2.0,norway
NOR_5Y,5,LORO_COVID,COVID,loro,nor_i44_mom_3m,weight,2.0,norway
NOR_5Y,5,LORO_COVID,COVID,loro,nor_i44_rvol_20d,weight,2.0,norway
NOR_5Y,5,LORO_COVID,COVID,loro,nor_kpi_yoy,weight,1.0,norway
NOR_5Y,5,LORO_COVID,COVID,loro,nor_kpijae_yoy,weight,0.0,norway
NOR_5Y,5,LORO_COVID,COVID,loro,nor_nibor_nowa_spread,weight,0.0,norway
NOR_5Y,5,LORO_COVID,COVID,loro,nor_nowa_level,weight,0.0,norway
NOR_5Y,5,LORO_COVID,COVID,loro,nor_polrate_chg_1d,weight,0.0,norway
NOR_5Y,5,LORO_COVID,COVID,loro,nor_polrate_days_since_chg,weight,1.0,norway
NOR_5Y,5,LORO_COVID,COVID,loro,nor_polrate_level,weight,0.0,norway
NOR_5Y,5,LORO_COVID,COVID,loro,nor_rb_rate_chg,weight,0.0,norway
NOR_5Y,5,LORO_COVID,COVID,loro,nor_rb_rate_level,weight,0.0,norway
NOR_5Y,5,LORO_COVID,COVID,loro,nor_unemp,weight,0.0,norway
NOR_5Y,5,LORO_COVID,COVID,loro,nor_usdnok_chg_1d,weight,2.0,norway
NOR_5Y,5,LORO_COVID,COVID,loro,nor_usdnok_level,weight,0.0,norway
NOR_5Y,5,LORO_COVID,COVID,loro,nor_usdnok_mom_1m,weight,0.0,norway
NOR_5Y,5,LORO_COVID,COVID,loro,nor_usdnok_mom_3m,weight,5.0,norway
NOR_5Y,5,LORO_COVID,COVID,loro,nor_usdnok_rvol_20d,weight,1.0,norway
NOR_5Y,5,LORO_COVID,COVID,loro,swap_govt_spread,weight,3.0,norway
NOR_5Y,5,LORO_COVID,COVID,loro,xmpca_01,weight,0.0,cross_market
NOR_5Y,5,LORO_COVID,COVID,loro,xmpca_02,weight,1.0,cross_market
NOR_5Y,5,LORO_COVID,COVID,loro,xmpca_03,weight,0.0,cross_market
NOR_5Y,5,LORO_COVID,COVID,loro,xmpca_04,weight,0.0,cross_market
NOR_5Y,5,LORO_COVID,COVID,loro,xmpca_05,weight,2.0,cross_market
NOR_5Y,5,LORO_COVID,COVID,loro,xmpca_06,weight,0.0,cross_market
NOR_5Y,5,LORO_COVID,COVID,loro,xmpca_07,weight,0.0,cross_market
NOR_5Y,5,LORO_COVID,COVID,loro,xmpca_08,weight,0.0,cross_market
NOR_5Y,5,LORO_COVID,COVID,loro,xmpca_09,weight,1.0,cross_market
NOR_5Y,5,LORO_COVID,COVID,loro,xmpca_10,weight,0.0,cross_market
NOR_5Y,5,LORO_COVID,COVID,loro,xmpca_11,weight,0.0,cross_market
NOR_5Y,5,LORO_COVID,COVID,loro,xmpca_12,weight,2.0,cross_market
NOR_5Y,5,LORO_COVID,COVID,loro,chg_lag1,cover,10.0,momentum
NOR_5Y,5,LORO_COVID,COVID,loro,chg_lag2,cover,4.333333492279053,momentum
NOR_5Y,5,LORO_COVID,COVID,loro,chg_lag3,cover,9.5,momentum
NOR_5Y,5,LORO_COVID,COVID,loro,chg_lag4,cover,0.0,momentum
NOR_5Y,5,LORO_COVID,COVID,loro,chg_lag5,cover,123.5,momentum
NOR_5Y,5,LORO_COVID,COVID,loro,carry_roll,cover,1959.0,carry_roll
NOR_5Y,5,LORO_COVID,COVID,loro,mom_63d,cover,999.0,momentum
NOR_5Y,5,LORO_COVID,COVID,loro,mom_1m,cover,0.0,momentum
NOR_5Y,5,LORO_COVID,COVID,loro,mom_3m,cover,0.0,momentum
NOR_5Y,5,LORO_COVID,COVID,loro,mom_6m,cover,73.0,momentum
NOR_5Y,5,LORO_COVID,COVID,loro,mom_12m,cover,0.0,momentum
NOR_5Y,5,LORO_COVID,COVID,loro,dev_ma_3m,cover,35.0,curve
NOR_5Y,5,LORO_COVID,COVID,loro,dev_ma_12m,cover,46.0,curve
NOR_5Y,5,LORO_COVID,COVID,loro,vol_20d,cover,1082.75,vol
NOR_5Y,5,LORO_COVID,COVID,loro,vol_regime,cover,0.0,vol
NOR_5Y,5,LORO_COVID,COVID,loro,vol_zscore,cover,0.0,vol
NOR_5Y,5,LORO_COVID,COVID,loro,level_zscore,cover,0.0,curve
NOR_5Y,5,LORO_COVID,COVID,loro,slope_10_1,cover,1127.0,curve
NOR_5Y,5,LORO_COVID,COVID,loro,slope_10_5,cover,0.0,curve
NOR_5Y,5,LORO_COVID,COVID,loro,slope_5_1,cover,785.0,curve
NOR_5Y,5,LORO_COVID,COVID,loro,sofr_mom_1m,cover,1710.5,macro
NOR_5Y,5,LORO_COVID,COVID,loro,ibor_level,cover,0.0,macro
NOR_5Y,5,LORO_COVID,COVID,loro,ibor_chg_1d,cover,32.0,macro
NOR_5Y,5,LORO_COVID,COVID,loro,ibor_mom_1m,cover,77.0,macro
NOR_5Y,5,LORO_COVID,COVID,loro,ibor_term_slope,cover,33.0,macro
NOR_5Y,5,LORO_COVID,COVID,loro,swap_ibor_basis,cover,1426.6666259765625,curve
NOR_5Y,5,LORO_COVID,COVID,loro,move_level,cover,26.0,vol
NOR_5Y,5,LORO_COVID,COVID,loro,move_zscore,cover,21.0,vol
NOR_5Y,5,LORO_COVID,COVID,loro,vix_level,cover,26.5,vol
NOR_5Y,5,LORO_COVID,COVID,loro,vix_zscore,cover,0.0,vol
NOR_5Y,5,LORO_COVID,COVID,loro,v2x_level,cover,2120.0,vol
NOR_5Y,5,LORO_COVID,COVID,loro,vxn_level,cover,0.0,vol
NOR_5Y,5,LORO_COVID,COVID,loro,ovx_level,cover,316.0,vol
NOR_5Y,5,LORO_COVID,COVID,loro,gvz_level,cover,708.6666870117188,vol
NOR_5Y,5,LORO_COVID,COVID,loro,spx_mom_1m,cover,0.0,macro
NOR_5Y,5,LORO_COVID,COVID,loro,spx_mom_3m,cover,86.0,macro
NOR_5Y,5,LORO_COVID,COVID,loro,sx5e_mom_1m,cover,13.0,macro
NOR_5Y,5,LORO_COVID,COVID,loro,sx5e_mom_3m,cover,0.0,macro
NOR_5Y,5,LORO_COVID,COVID,loro,mxwo_mom_1m,cover,0.0,macro
NOR_5Y,5,LORO_COVID,COVID,loro,ndx_mom_1m,cover,1785.0,macro
NOR_5Y,5,LORO_COVID,COVID,loro,oil_mom_1m,cover,396.8333435058594,macro
NOR_5Y,5,LORO_COVID,COVID,loro,oil_mom_3m,cover,0.0,macro
NOR_5Y,5,LORO_COVID,COVID,loro,copper_mom_1m,cover,22.0,macro
NOR_5Y,5,LORO_COVID,COVID,loro,opec_prod,cover,1169.5,macro
NOR_5Y,5,LORO_COVID,COVID,loro,natgas_mom_1m,cover,0.0,macro
NOR_5Y,5,LORO_COVID,COVID,loro,be5y_level,cover,56.0,macro
NOR_5Y,5,LORO_COVID,COVID,loro,be10y_level,cover,37.0,macro
NOR_5Y,5,LORO_COVID,COVID,loro,be_slope,cover,0.0,macro
NOR_5Y,5,LORO_COVID,COVID,loro,be5y_chg_1m,cover,0.0,macro
NOR_5Y,5,LORO_COVID,COVID,loro,ig_spread,cover,0.0,credit
NOR_5Y,5,LORO_COVID,COVID,loro,hy_spread,cover,0.0,credit
NOR_5Y,5,LORO_COVID,COVID,loro,ig_chg_1m,cover,0.0,credit
NOR_5Y,5,LORO_COVID,COVID,loro,hy_chg_1m,cover,0.0,credit
NOR_5Y,5,LORO_COVID,COVID,loro,cpi_yoy,cover,0.0,macro
NOR_5Y,5,LORO_COVID,COVID,loro,pce_core_chg,cover,2285.0,macro
NOR_5Y,5,LORO_COVID,COVID,loro,nfp_change,cover,2347.5,macro
NOR_5Y,5,LORO_COVID,COVID,loro,pmi_us,cover,0.0,macro
NOR_5Y,5,LORO_COVID,COVID,loro,pmi_eur,cover,2349.5,macro
NOR_5Y,5,LORO_COVID,COVID,loro,unemp_eur,cover,0.0,macro
NOR_5Y,5,LORO_COVID,COVID,loro,cpi_nsa_level,cover,0.0,macro
NOR_5Y,5,LORO_COVID,COVID,loro,pce_core_level,cover,0.0,macro
NOR_5Y,5,LORO_COVID,COVID,loro,eur_3m,cover,0.0,macro
NOR_5Y,5,LORO_COVID,COVID,loro,eur_1w,cover,31.0,macro
NOR_5Y,5,LORO_COVID,COVID,loro,nor_ibor_1m,cover,0.0,norway
NOR_5Y,5,LORO_COVID,COVID,loro,nor_ibor_6m,cover,531.0,norway
NOR_5Y,5,LORO_COVID,COVID,loro,nor_ecb_dfr_chg,cover,0.0,norway
NOR_5Y,5,LORO_COVID,COVID,loro,nor_ecb_dfr_level,cover,0.0,norway
NOR_5Y,5,LORO_COVID,COVID,loro,nor_eurnok_chg_1d,cover,74.0,norway
NOR_5Y,5,LORO_COVID,COVID,loro,nor_eurnok_level,cover,42.0,norway
NOR_5Y,5,LORO_COVID,COVID,loro,nor_eurnok_mom_1m,cover,0.0,norway
NOR_5Y,5,LORO_COVID,COVID,loro,nor_eurnok_mom_3m,cover,30.0,norway
NOR_5Y,5,LORO_COVID,COVID,loro,nor_eurnok_rvol_20d,cover,0.0,norway
NOR_5Y,5,LORO_COVID,COVID,loro,nor_govt_10y,cover,0.0,norway
NOR_5Y,5,LORO_COVID,COVID,loro,nor_govt_3y,cover,0.0,norway
NOR_5Y,5,LORO_COVID,COVID,loro,nor_govt_5y,cover,0.0,norway
NOR_5Y,5,LORO_COVID,COVID,loro,nor_i44_chg_1d,cover,0.0,norway
NOR_5Y,5,LORO_COVID,COVID,loro,nor_i44_level,cover,0.0,norway
NOR_5Y,5,LORO_COVID,COVID,loro,nor_i44_mom_1m,cover,177.5,norway
NOR_5Y,5,LORO_COVID,COVID,loro,nor_i44_mom_3m,cover,39.0,norway
NOR_5Y,5,LORO_COVID,COVID,loro,nor_i44_rvol_20d,cover,31.5,norway
NOR_5Y,5,LORO_COVID,COVID,loro,nor_kpi_yoy,cover,213.0,norway
NOR_5Y,5,LORO_COVID,COVID,loro,nor_kpijae_yoy,cover,0.0,norway
NOR_5Y,5,LORO_COVID,COVID,loro,nor_nibor_nowa_spread,cover,0.0,norway
NOR_5Y,5,LORO_COVID,COVID,loro,nor_nowa_level,cover,0.0,norway
NOR_5Y,5,LORO_COVID,COVID,loro,nor_polrate_chg_1d,cover,0.0,norway
NOR_5Y,5,LORO_COVID,COVID,loro,nor_polrate_days_since_chg,cover,26.0,norway
NOR_5Y,5,LORO_COVID,COVID,loro,nor_polrate_level,cover,0.0,norway
NOR_5Y,5,LORO_COVID,COVID,loro,nor_rb_rate_chg,cover,0.0,norway
NOR_5Y,5,LORO_COVID,COVID,loro,nor_rb_rate_level,cover,0.0,norway
NOR_5Y,5,LORO_COVID,COVID,loro,nor_unemp,cover,0.0,norway
NOR_5Y,5,LORO_COVID,COVID,loro,nor_usdnok_chg_1d,cover,23.0,norway
NOR_5Y,5,LORO_COVID,COVID,loro,nor_usdnok_level,cover,0.0,norway
NOR_5Y,5,LORO_COVID,COVID,loro,nor_usdnok_mom_1m,cover,0.0,norway
NOR_5Y,5,LORO_COVID,COVID,loro,nor_usdnok_mom_3m,cover,499.3999938964844,norway
NOR_5Y,5,LORO_COVID,COVID,loro,nor_usdnok_rvol_20d,cover,22.0,norway
NOR_5Y,5,LORO_COVID,COVID,loro,swap_govt_spread,cover,65.0,norway
NOR_5Y,5,LORO_COVID,COVID,loro,xmpca_01,cover,0.0,cross_market
NOR_5Y,5,LORO_COVID,COVID,loro,xmpca_02,cover,17.0,cross_market
NOR_5Y,5,LORO_COVID,COVID,loro,xmpca_03,cover,0.0,cross_market
NOR_5Y,5,LORO_COVID,COVID,loro,xmpca_04,cover,0.0,cross_market
NOR_5Y,5,LORO_COVID,COVID,loro,xmpca_05,cover,65.5,cross_market
NOR_5Y,5,LORO_COVID,COVID,loro,xmpca_06,cover,0.0,cross_market
NOR_5Y,5,LORO_COVID,COVID,loro,xmpca_07,cover,0.0,cross_market
NOR_5Y,5,LORO_COVID,COVID,loro,xmpca_08,cover,0.0,cross_market
NOR_5Y,5,LORO_COVID,COVID,loro,xmpca_09,cover,23.0,cross_market
NOR_5Y,5,LORO_COVID,COVID,loro,xmpca_10,cover,0.0,cross_market
NOR_5Y,5,LORO_COVID,COVID,loro,xmpca_11,cover,0.0,cross_market
NOR_5Y,5,LORO_COVID,COVID,loro,xmpca_12,cover,23.0,cross_market
NOR_5Y,5,LORO_COVID,COVID,loro,chg_lag1,total_gain,0.03160804882645607,momentum
NOR_5Y,5,LORO_COVID,COVID,loro,chg_lag2,total_gain,0.008360096253454685,momentum
NOR_5Y,5,LORO_COVID,COVID,loro,chg_lag3,total_gain,0.0063524385914206505,momentum
NOR_5Y,5,LORO_COVID,COVID,loro,chg_lag4,total_gain,0.0,momentum
NOR_5Y,5,LORO_COVID,COVID,loro,chg_lag5,total_gain,0.09653513878583908,momentum
NOR_5Y,5,LORO_COVID,COVID,loro,carry_roll,total_gain,0.11319853365421295,carry_roll
NOR_5Y,5,LORO_COVID,COVID,loro,mom_63d,total_gain,0.08720026910305023,momentum
NOR_5Y,5,LORO_COVID,COVID,loro,mom_1m,total_gain,0.0,momentum
NOR_5Y,5,LORO_COVID,COVID,loro,mom_3m,total_gain,0.0,momentum
NOR_5Y,5,LORO_COVID,COVID,loro,mom_6m,total_gain,0.1032763123512268,momentum
NOR_5Y,5,LORO_COVID,COVID,loro,mom_12m,total_gain,0.0,momentum
NOR_5Y,5,LORO_COVID,COVID,loro,dev_ma_3m,total_gain,0.054457902908325195,curve
NOR_5Y,5,LORO_COVID,COVID,loro,dev_ma_12m,total_gain,0.031321167945861816,curve
NOR_5Y,5,LORO_COVID,COVID,loro,vol_20d,total_gain,0.4038453996181488,vol
NOR_5Y,5,LORO_COVID,COVID,loro,vol_regime,total_gain,0.0,vol
NOR_5Y,5,LORO_COVID,COVID,loro,vol_zscore,total_gain,0.0,vol
NOR_5Y,5,LORO_COVID,COVID,loro,level_zscore,total_gain,0.0,curve
NOR_5Y,5,LORO_COVID,COVID,loro,slope_10_1,total_gain,0.09373761713504791,curve
NOR_5Y,5,LORO_COVID,COVID,loro,slope_10_5,total_gain,0.0,curve
NOR_5Y,5,LORO_COVID,COVID,loro,slope_5_1,total_gain,0.08707953244447708,curve
NOR_5Y,5,LORO_COVID,COVID,loro,sofr_mom_1m,total_gain,0.17861855030059814,macro
NOR_5Y,5,LORO_COVID,COVID,loro,ibor_level,total_gain,0.0,macro
NOR_5Y,5,LORO_COVID,COVID,loro,ibor_chg_1d,total_gain,0.0774364024400711,macro
NOR_5Y,5,LORO_COVID,COVID,loro,ibor_mom_1m,total_gain,0.05099014937877655,macro
NOR_5Y,5,LORO_COVID,COVID,loro,ibor_term_slope,total_gain,0.04320952296257019,macro
NOR_5Y,5,LORO_COVID,COVID,loro,swap_ibor_basis,total_gain,0.2440408170223236,curve
NOR_5Y,5,LORO_COVID,COVID,loro,move_level,total_gain,0.057105034589767456,vol
NOR_5Y,5,LORO_COVID,COVID,loro,move_zscore,total_gain,0.016557225957512856,vol
NOR_5Y,5,LORO_COVID,COVID,loro,vix_level,total_gain,0.10377956926822662,vol
NOR_5Y,5,LORO_COVID,COVID,loro,vix_zscore,total_gain,0.0,vol
NOR_5Y,5,LORO_COVID,COVID,loro,v2x_level,total_gain,0.10733988136053085,vol
NOR_5Y,5,LORO_COVID,COVID,loro,vxn_level,total_gain,0.0,vol
NOR_5Y,5,LORO_COVID,COVID,loro,ovx_level,total_gain,0.07289640605449677,vol
NOR_5Y,5,LORO_COVID,COVID,loro,gvz_level,total_gain,0.23134201765060425,vol
NOR_5Y,5,LORO_COVID,COVID,loro,spx_mom_1m,total_gain,0.0,macro
NOR_5Y,5,LORO_COVID,COVID,loro,spx_mom_3m,total_gain,0.023981381207704544,macro
NOR_5Y,5,LORO_COVID,COVID,loro,sx5e_mom_1m,total_gain,0.006894722580909729,macro
NOR_5Y,5,LORO_COVID,COVID,loro,sx5e_mom_3m,total_gain,0.0,macro
NOR_5Y,5,LORO_COVID,COVID,loro,mxwo_mom_1m,total_gain,0.0,macro
NOR_5Y,5,LORO_COVID,COVID,loro,ndx_mom_1m,total_gain,0.07650076597929001,macro
NOR_5Y,5,LORO_COVID,COVID,loro,oil_mom_1m,total_gain,0.302176296710968,macro
NOR_5Y,5,LORO_COVID,COVID,loro,oil_mom_3m,total_gain,0.0,macro
NOR_5Y,5,LORO_COVID,COVID,loro,copper_mom_1m,total_gain,0.02841069921851158,macro
NOR_5Y,5,LORO_COVID,COVID,loro,opec_prod,total_gain,0.18298502266407013,macro
NOR_5Y,5,LORO_COVID,COVID,loro,natgas_mom_1m,total_gain,0.0,macro
NOR_5Y,5,LORO_COVID,COVID,loro,be5y_level,total_gain,0.04103650152683258,macro
NOR_5Y,5,LORO_COVID,COVID,loro,be10y_level,total_gain,0.07019495964050293,macro
NOR_5Y,5,LORO_COVID,COVID,loro,be_slope,total_gain,0.0,macro
NOR_5Y,5,LORO_COVID,COVID,loro,be5y_chg_1m,total_gain,0.0,macro
NOR_5Y,5,LORO_COVID,COVID,loro,ig_spread,total_gain,0.0,credit
NOR_5Y,5,LORO_COVID,COVID,loro,hy_spread,total_gain,0.0,credit
NOR_5Y,5,LORO_COVID,COVID,loro,ig_chg_1m,total_gain,0.0,credit
NOR_5Y,5,LORO_COVID,COVID,loro,hy_chg_1m,total_gain,0.0,credit
NOR_5Y,5,LORO_COVID,COVID,loro,cpi_yoy,total_gain,0.0,macro
NOR_5Y,5,LORO_COVID,COVID,loro,pce_core_chg,total_gain,0.09587412327528,macro
NOR_5Y,5,LORO_COVID,COVID,loro,nfp_change,total_gain,0.4955480098724365,macro
NOR_5Y,5,LORO_COVID,COVID,loro,pmi_us,total_gain,0.0,macro
NOR_5Y,5,LORO_COVID,COVID,loro,pmi_eur,total_gain,0.4175374507904053,macro
NOR_5Y,5,LORO_COVID,COVID,loro,unemp_eur,total_gain,0.0,macro
NOR_5Y,5,LORO_COVID,COVID,loro,cpi_nsa_level,total_gain,0.0,macro
NOR_5Y,5,LORO_COVID,COVID,loro,pce_core_level,total_gain,0.0,macro
NOR_5Y,5,LORO_COVID,COVID,loro,eur_3m,total_gain,0.0,macro
NOR_5Y,5,LORO_COVID,COVID,loro,eur_1w,total_gain,0.030999204143881798,macro
NOR_5Y,5,LORO_COVID,COVID,loro,nor_ibor_1m,total_gain,0.0,norway
NOR_5Y,5,LORO_COVID,COVID,loro,nor_ibor_6m,total_gain,0.06873080879449844,norway
NOR_5Y,5,LORO_COVID,COVID,loro,nor_ecb_dfr_chg,total_gain,0.0,norway
NOR_5Y,5,LORO_COVID,COVID,loro,nor_ecb_dfr_level,total_gain,0.0,norway
NOR_5Y,5,LORO_COVID,COVID,loro,nor_eurnok_chg_1d,total_gain,0.15661105513572693,norway
NOR_5Y,5,LORO_COVID,COVID,loro,nor_eurnok_level,total_gain,0.2821785509586334,norway
NOR_5Y,5,LORO_COVID,COVID,loro,nor_eurnok_mom_1m,total_gain,0.0,norway
NOR_5Y,5,LORO_COVID,COVID,loro,nor_eurnok_mom_3m,total_gain,0.07124409079551697,norway
NOR_5Y,5,LORO_COVID,COVID,loro,nor_eurnok_rvol_20d,total_gain,0.0,norway
NOR_5Y,5,LORO_COVID,COVID,loro,nor_govt_10y,total_gain,0.0,norway
NOR_5Y,5,LORO_COVID,COVID,loro,nor_govt_3y,total_gain,0.0,norway
NOR_5Y,5,LORO_COVID,COVID,loro,nor_govt_5y,total_gain,0.0,norway
NOR_5Y,5,LORO_COVID,COVID,loro,nor_i44_chg_1d,total_gain,0.0,norway
NOR_5Y,5,LORO_COVID,COVID,loro,nor_i44_level,total_gain,0.0,norway
NOR_5Y,5,LORO_COVID,COVID,loro,nor_i44_mom_1m,total_gain,0.34432706236839294,norway
NOR_5Y,5,LORO_COVID,COVID,loro,nor_i44_mom_3m,total_gain,0.15926289558410645,norway
NOR_5Y,5,LORO_COVID,COVID,loro,nor_i44_rvol_20d,total_gain,0.07690803706645966,norway
NOR_5Y,5,LORO_COVID,COVID,loro,nor_kpi_yoy,total_gain,0.2588120698928833,norway
NOR_5Y,5,LORO_COVID,COVID,loro,nor_kpijae_yoy,total_gain,0.0,norway
NOR_5Y,5,LORO_COVID,COVID,loro,nor_nibor_nowa_spread,total_gain,0.0,norway
NOR_5Y,5,LORO_COVID,COVID,loro,nor_nowa_level,total_gain,0.0,norway
NOR_5Y,5,LORO_COVID,COVID,loro,nor_polrate_chg_1d,total_gain,0.0,norway
NOR_5Y,5,LORO_COVID,COVID,loro,nor_polrate_days_since_chg,total_gain,0.06305160373449326,norway
NOR_5Y,5,LORO_COVID,COVID,loro,nor_polrate_level,total_gain,0.0,norway
NOR_5Y,5,LORO_COVID,COVID,loro,nor_rb_rate_chg,total_gain,0.0,norway
NOR_5Y,5,LORO_COVID,COVID,loro,nor_rb_rate_level,total_gain,0.0,norway
NOR_5Y,5,LORO_COVID,COVID,loro,nor_unemp,total_gain,0.0,norway
NOR_5Y,5,LORO_COVID,COVID,loro,nor_usdnok_chg_1d,total_gain,0.01468360424041748,norway
NOR_5Y,5,LORO_COVID,COVID,loro,nor_usdnok_level,total_gain,0.0,norway
NOR_5Y,5,LORO_COVID,COVID,loro,nor_usdnok_mom_1m,total_gain,0.0,norway
NOR_5Y,5,LORO_COVID,COVID,loro,nor_usdnok_mom_3m,total_gain,0.4991387128829956,norway
NOR_5Y,5,LORO_COVID,COVID,loro,nor_usdnok_rvol_20d,total_gain,0.006962940096855164,norway
NOR_5Y,5,LORO_COVID,COVID,loro,swap_govt_spread,total_gain,0.22005346417427063,norway
NOR_5Y,5,LORO_COVID,COVID,loro,xmpca_01,total_gain,0.0,cross_market
NOR_5Y,5,LORO_COVID,COVID,loro,xmpca_02,total_gain,0.02527126669883728,cross_market
NOR_5Y,5,LORO_COVID,COVID,loro,xmpca_03,total_gain,0.0,cross_market
NOR_5Y,5,LORO_COVID,COVID,loro,xmpca_04,total_gain,0.0,cross_market
NOR_5Y,5,LORO_COVID,COVID,loro,xmpca_05,total_gain,0.23726686835289001,cross_market
NOR_5Y,5,LORO_COVID,COVID,loro,xmpca_06,total_gain,0.0,cross_market
NOR_5Y,5,LORO_COVID,COVID,loro,xmpca_07,total_gain,0.0,cross_market
NOR_5Y,5,LORO_COVID,COVID,loro,xmpca_08,total_gain,0.0,cross_market
NOR_5Y,5,LORO_COVID,COVID,loro,xmpca_09,total_gain,0.0015552341938018799,cross_market
NOR_5Y,5,LORO_COVID,COVID,loro,xmpca_10,total_gain,0.0,cross_market
NOR_5Y,5,LORO_COVID,COVID,loro,xmpca_11,total_gain,0.0,cross_market
NOR_5Y,5,LORO_COVID,COVID,loro,xmpca_12,total_gain,0.07376519590616226,cross_market
NOR_5Y,5,LORO_COVID,COVID,loro,chg_lag1,total_cover,50.0,momentum
NOR_5Y,5,LORO_COVID,COVID,loro,chg_lag2,total_cover,13.0,momentum
NOR_5Y,5,LORO_COVID,COVID,loro,chg_lag3,total_cover,19.0,momentum
NOR_5Y,5,LORO_COVID,COVID,loro,chg_lag4,total_cover,0.0,momentum
NOR_5Y,5,LORO_COVID,COVID,loro,chg_lag5,total_cover,247.0,momentum
NOR_5Y,5,LORO_COVID,COVID,loro,carry_roll,total_cover,1959.0,carry_roll
NOR_5Y,5,LORO_COVID,COVID,loro,mom_63d,total_cover,1998.0,momentum
NOR_5Y,5,LORO_COVID,COVID,loro,mom_1m,total_cover,0.0,momentum
NOR_5Y,5,LORO_COVID,COVID,loro,mom_3m,total_cover,0.0,momentum
NOR_5Y,5,LORO_COVID,COVID,loro,mom_6m,total_cover,73.0,momentum
NOR_5Y,5,LORO_COVID,COVID,loro,mom_12m,total_cover,0.0,momentum
NOR_5Y,5,LORO_COVID,COVID,loro,dev_ma_3m,total_cover,35.0,curve
NOR_5Y,5,LORO_COVID,COVID,loro,dev_ma_12m,total_cover,46.0,curve
NOR_5Y,5,LORO_COVID,COVID,loro,vol_20d,total_cover,4331.0,vol
NOR_5Y,5,LORO_COVID,COVID,loro,vol_regime,total_cover,0.0,vol
NOR_5Y,5,LORO_COVID,COVID,loro,vol_zscore,total_cover,0.0,vol
NOR_5Y,5,LORO_COVID,COVID,loro,level_zscore,total_cover,0.0,curve
NOR_5Y,5,LORO_COVID,COVID,loro,slope_10_1,total_cover,1127.0,curve
NOR_5Y,5,LORO_COVID,COVID,loro,slope_10_5,total_cover,0.0,curve
NOR_5Y,5,LORO_COVID,COVID,loro,slope_5_1,total_cover,1570.0,curve
NOR_5Y,5,LORO_COVID,COVID,loro,sofr_mom_1m,total_cover,3421.0,macro
NOR_5Y,5,LORO_COVID,COVID,loro,ibor_level,total_cover,0.0,macro
NOR_5Y,5,LORO_COVID,COVID,loro,ibor_chg_1d,total_cover,64.0,macro
NOR_5Y,5,LORO_COVID,COVID,loro,ibor_mom_1m,total_cover,77.0,macro
NOR_5Y,5,LORO_COVID,COVID,loro,ibor_term_slope,total_cover,33.0,macro
NOR_5Y,5,LORO_COVID,COVID,loro,swap_ibor_basis,total_cover,4280.0,curve
NOR_5Y,5,LORO_COVID,COVID,loro,move_level,total_cover,26.0,vol
NOR_5Y,5,LORO_COVID,COVID,loro,move_zscore,total_cover,21.0,vol
NOR_5Y,5,LORO_COVID,COVID,loro,vix_level,total_cover,53.0,vol
NOR_5Y,5,LORO_COVID,COVID,loro,vix_zscore,total_cover,0.0,vol
NOR_5Y,5,LORO_COVID,COVID,loro,v2x_level,total_cover,2120.0,vol
NOR_5Y,5,LORO_COVID,COVID,loro,vxn_level,total_cover,0.0,vol
NOR_5Y,5,LORO_COVID,COVID,loro,ovx_level,total_cover,316.0,vol
NOR_5Y,5,LORO_COVID,COVID,loro,gvz_level,total_cover,2126.0,vol
NOR_5Y,5,LORO_COVID,COVID,loro,spx_mom_1m,total_cover,0.0,macro
NOR_5Y,5,LORO_COVID,COVID,loro,spx_mom_3m,total_cover,86.0,macro
NOR_5Y,5,LORO_COVID,COVID,loro,sx5e_mom_1m,total_cover,13.0,macro
NOR_5Y,5,LORO_COVID,COVID,loro,sx5e_mom_3m,total_cover,0.0,macro
NOR_5Y,5,LORO_COVID,COVID,loro,mxwo_mom_1m,total_cover,0.0,macro
NOR_5Y,5,LORO_COVID,COVID,loro,ndx_mom_1m,total_cover,1785.0,macro
NOR_5Y,5,LORO_COVID,COVID,loro,oil_mom_1m,total_cover,2381.0,macro
NOR_5Y,5,LORO_COVID,COVID,loro,oil_mom_3m,total_cover,0.0,macro
NOR_5Y,5,LORO_COVID,COVID,loro,copper_mom_1m,total_cover,22.0,macro
NOR_5Y,5,LORO_COVID,COVID,loro,opec_prod,total_cover,2339.0,macro
NOR_5Y,5,LORO_COVID,COVID,loro,natgas_mom_1m,total_cover,0.0,macro
NOR_5Y,5,LORO_COVID,COVID,loro,be5y_level,total_cover,56.0,macro
NOR_5Y,5,LORO_COVID,COVID,loro,be10y_level,total_cover,37.0,macro
NOR_5Y,5,LORO_COVID,COVID,loro,be_slope,total_cover,0.0,macro
NOR_5Y,5,LORO_COVID,COVID,loro,be5y_chg_1m,total_cover,0.0,macro
NOR_5Y,5,LORO_COVID,COVID,loro,ig_spread,total_cover,0.0,credit
NOR_5Y,5,LORO_COVID,COVID,loro,hy_spread,total_cover,0.0,credit
NOR_5Y,5,LORO_COVID,COVID,loro,ig_chg_1m,total_cover,0.0,credit
NOR_5Y,5,LORO_COVID,COVID,loro,hy_chg_1m,total_cover,0.0,credit
NOR_5Y,5,LORO_COVID,COVID,loro,cpi_yoy,total_cover,0.0,macro
NOR_5Y,5,LORO_COVID,COVID,loro,pce_core_chg,total_cover,2285.0,macro
NOR_5Y,5,LORO_COVID,COVID,loro,nfp_change,total_cover,4695.0,macro
NOR_5Y,5,LORO_COVID,COVID,loro,pmi_us,total_cover,0.0,macro
NOR_5Y,5,LORO_COVID,COVID,loro,pmi_eur,total_cover,4699.0,macro
NOR_5Y,5,LORO_COVID,COVID,loro,unemp_eur,total_cover,0.0,macro
NOR_5Y,5,LORO_COVID,COVID,loro,cpi_nsa_level,total_cover,0.0,macro
NOR_5Y,5,LORO_COVID,COVID,loro,pce_core_level,total_cover,0.0,macro
NOR_5Y,5,LORO_COVID,COVID,loro,eur_3m,total_cover,0.0,macro
NOR_5Y,5,LORO_COVID,COVID,loro,eur_1w,total_cover,31.0,macro
NOR_5Y,5,LORO_COVID,COVID,loro,nor_ibor_1m,total_cover,0.0,norway
NOR_5Y,5,LORO_COVID,COVID,loro,nor_ibor_6m,total_cover,531.0,norway
NOR_5Y,5,LORO_COVID,COVID,loro,nor_ecb_dfr_chg,total_cover,0.0,norway
NOR_5Y,5,LORO_COVID,COVID,loro,nor_ecb_dfr_level,total_cover,0.0,norway
NOR_5Y,5,LORO_COVID,COVID,loro,nor_eurnok_chg_1d,total_cover,74.0,norway
NOR_5Y,5,LORO_COVID,COVID,loro,nor_eurnok_level,total_cover,126.0,norway
NOR_5Y,5,LORO_COVID,COVID,loro,nor_eurnok_mom_1m,total_cover,0.0,norway
NOR_5Y,5,LORO_COVID,COVID,loro,nor_eurnok_mom_3m,total_cover,30.0,norway
NOR_5Y,5,LORO_COVID,COVID,loro,nor_eurnok_rvol_20d,total_cover,0.0,norway
NOR_5Y,5,LORO_COVID,COVID,loro,nor_govt_10y,total_cover,0.0,norway
NOR_5Y,5,LORO_COVID,COVID,loro,nor_govt_3y,total_cover,0.0,norway
NOR_5Y,5,LORO_COVID,COVID,loro,nor_govt_5y,total_cover,0.0,norway
NOR_5Y,5,LORO_COVID,COVID,loro,nor_i44_chg_1d,total_cover,0.0,norway
NOR_5Y,5,LORO_COVID,COVID,loro,nor_i44_level,total_cover,0.0,norway
NOR_5Y,5,LORO_COVID,COVID,loro,nor_i44_mom_1m,total_cover,355.0,norway
NOR_5Y,5,LORO_COVID,COVID,loro,nor_i44_mom_3m,total_cover,78.0,norway
NOR_5Y,5,LORO_COVID,COVID,loro,nor_i44_rvol_20d,total_cover,63.0,norway
NOR_5Y,5,LORO_COVID,COVID,loro,nor_kpi_yoy,total_cover,213.0,norway
NOR_5Y,5,LORO_COVID,COVID,loro,nor_kpijae_yoy,total_cover,0.0,norway
NOR_5Y,5,LORO_COVID,COVID,loro,nor_nibor_nowa_spread,total_cover,0.0,norway
NOR_5Y,5,LORO_COVID,COVID,loro,nor_nowa_level,total_cover,0.0,norway
NOR_5Y,5,LORO_COVID,COVID,loro,nor_polrate_chg_1d,total_cover,0.0,norway
NOR_5Y,5,LORO_COVID,COVID,loro,nor_polrate_days_since_chg,total_cover,26.0,norway
NOR_5Y,5,LORO_COVID,COVID,loro,nor_polrate_level,total_cover,0.0,norway
NOR_5Y,5,LORO_COVID,COVID,loro,nor_rb_rate_chg,total_cover,0.0,norway
NOR_5Y,5,LORO_COVID,COVID,loro,nor_rb_rate_level,total_cover,0.0,norway
NOR_5Y,5,LORO_COVID,COVID,loro,nor_unemp,total_cover,0.0,norway
NOR_5Y,5,LORO_COVID,COVID,loro,nor_usdnok_chg_1d,total_cover,46.0,norway
NOR_5Y,5,LORO_COVID,COVID,loro,nor_usdnok_level,total_cover,0.0,norway
NOR_5Y,5,LORO_COVID,COVID,loro,nor_usdnok_mom_1m,total_cover,0.0,norway
NOR_5Y,5,LORO_COVID,COVID,loro,nor_usdnok_mom_3m,total_cover,2497.0,norway
NOR_5Y,5,LORO_COVID,COVID,loro,nor_usdnok_rvol_20d,total_cover,22.0,norway
NOR_5Y,5,LORO_COVID,COVID,loro,swap_govt_spread,total_cover,195.0,norway
NOR_5Y,5,LORO_COVID,COVID,loro,xmpca_01,total_cover,0.0,cross_market
NOR_5Y,5,LORO_COVID,COVID,loro,xmpca_02,total_cover,17.0,cross_market
NOR_5Y,5,LORO_COVID,COVID,loro,xmpca_03,total_cover,0.0,cross_market
NOR_5Y,5,LORO_COVID,COVID,loro,xmpca_04,total_cover,0.0,cross_market
NOR_5Y,5,LORO_COVID,COVID,loro,xmpca_05,total_cover,131.0,cross_market
NOR_5Y,5,LORO_COVID,COVID,loro,xmpca_06,total_cover,0.0,cross_market
NOR_5Y,5,LORO_COVID,COVID,loro,xmpca_07,total_cover,0.0,cross_market
NOR_5Y,5,LORO_COVID,COVID,loro,xmpca_08,total_cover,0.0,cross_market
NOR_5Y,5,LORO_COVID,COVID,loro,xmpca_09,total_cover,23.0,cross_market
NOR_5Y,5,LORO_COVID,COVID,loro,xmpca_10,total_cover,0.0,cross_market
NOR_5Y,5,LORO_COVID,COVID,loro,xmpca_11,total_cover,0.0,cross_market
NOR_5Y,5,LORO_COVID,COVID,loro,xmpca_12,total_cover,46.0,cross_market
NOR_5Y,5,LORO_COVID,COVID,loro,chg_lag1,shap_mean_abs,0.0003443793684709817,momentum
NOR_5Y,5,LORO_COVID,COVID,loro,chg_lag2,shap_mean_abs,3.539065073709935e-05,momentum
NOR_5Y,5,LORO_COVID,COVID,loro,chg_lag3,shap_mean_abs,8.13613678474212e-06,momentum
NOR_5Y,5,LORO_COVID,COVID,loro,chg_lag4,shap_mean_abs,0.0,momentum
NOR_5Y,5,LORO_COVID,COVID,loro,chg_lag5,shap_mean_abs,8.200591400964186e-05,momentum
NOR_5Y,5,LORO_COVID,COVID,loro,carry_roll,shap_mean_abs,0.00016764193424023688,carry_roll
NOR_5Y,5,LORO_COVID,COVID,loro,mom_63d,shap_mean_abs,0.00041492408490739763,momentum
NOR_5Y,5,LORO_COVID,COVID,loro,mom_1m,shap_mean_abs,0.0,momentum
NOR_5Y,5,LORO_COVID,COVID,loro,mom_3m,shap_mean_abs,0.0,momentum
NOR_5Y,5,LORO_COVID,COVID,loro,mom_6m,shap_mean_abs,1.0703088264563121e-05,momentum
NOR_5Y,5,LORO_COVID,COVID,loro,mom_12m,shap_mean_abs,0.0,momentum
NOR_5Y,5,LORO_COVID,COVID,loro,dev_ma_3m,shap_mean_abs,0.00030156286084093153,curve
NOR_5Y,5,LORO_COVID,COVID,loro,dev_ma_12m,shap_mean_abs,6.681805189145962e-06,curve
NOR_5Y,5,LORO_COVID,COVID,loro,vol_20d,shap_mean_abs,0.0003234079049434513,vol
NOR_5Y,5,LORO_COVID,COVID,loro,vol_regime,shap_mean_abs,0.0,vol
NOR_5Y,5,LORO_COVID,COVID,loro,vol_zscore,shap_mean_abs,0.0,vol
NOR_5Y,5,LORO_COVID,COVID,loro,level_zscore,shap_mean_abs,0.0,curve
NOR_5Y,5,LORO_COVID,COVID,loro,slope_10_1,shap_mean_abs,0.00013134304026607424,curve
NOR_5Y,5,LORO_COVID,COVID,loro,slope_10_5,shap_mean_abs,0.0,curve
NOR_5Y,5,LORO_COVID,COVID,loro,slope_5_1,shap_mean_abs,0.00015329891175497323,curve
NOR_5Y,5,LORO_COVID,COVID,loro,sofr_mom_1m,shap_mean_abs,0.0003570293774828315,macro
NOR_5Y,5,LORO_COVID,COVID,loro,ibor_level,shap_mean_abs,0.0,macro
NOR_5Y,5,LORO_COVID,COVID,loro,ibor_chg_1d,shap_mean_abs,3.8806490920251235e-05,macro
NOR_5Y,5,LORO_COVID,COVID,loro,ibor_mom_1m,shap_mean_abs,4.986178100807592e-05,macro
NOR_5Y,5,LORO_COVID,COVID,loro,ibor_term_slope,shap_mean_abs,1.1925986655114684e-05,macro
NOR_5Y,5,LORO_COVID,COVID,loro,swap_ibor_basis,shap_mean_abs,6.045429108780809e-05,curve
NOR_5Y,5,LORO_COVID,COVID,loro,move_level,shap_mean_abs,1.2829284969484434e-05,vol
NOR_5Y,5,LORO_COVID,COVID,loro,move_zscore,shap_mean_abs,9.868495908449404e-06,vol
NOR_5Y,5,LORO_COVID,COVID,loro,vix_level,shap_mean_abs,0.000248938420554623,vol
NOR_5Y,5,LORO_COVID,COVID,loro,vix_zscore,shap_mean_abs,0.0,vol
NOR_5Y,5,LORO_COVID,COVID,loro,v2x_level,shap_mean_abs,0.0002556997933425009,vol
NOR_5Y,5,LORO_COVID,COVID,loro,vxn_level,shap_mean_abs,0.0,vol
NOR_5Y,5,LORO_COVID,COVID,loro,ovx_level,shap_mean_abs,0.00015976172289811075,vol
NOR_5Y,5,LORO_COVID,COVID,loro,gvz_level,shap_mean_abs,0.0002951780043076724,vol
NOR_5Y,5,LORO_COVID,COVID,loro,spx_mom_1m,shap_mean_abs,0.0,macro
NOR_5Y,5,LORO_COVID,COVID,loro,spx_mom_3m,shap_mean_abs,4.4956945203011855e-05,macro
NOR_5Y,5,LORO_COVID,COVID,loro,sx5e_mom_1m,shap_mean_abs,1.7519600078230724e-05,macro
NOR_5Y,5,LORO_COVID,COVID,loro,sx5e_mom_3m,shap_mean_abs,0.0,macro
NOR_5Y,5,LORO_COVID,COVID,loro,mxwo_mom_1m,shap_mean_abs,0.0,macro
NOR_5Y,5,LORO_COVID,COVID,loro,ndx_mom_1m,shap_mean_abs,6.066704372642562e-05,macro
NOR_5Y,5,LORO_COVID,COVID,loro,oil_mom_1m,shap_mean_abs,0.0005173863028176129,macro
NOR_5Y,5,LORO_COVID,COVID,loro,oil_mom_3m,shap_mean_abs,0.0,macro
NOR_5Y,5,LORO_COVID,COVID,loro,copper_mom_1m,shap_mean_abs,4.724532573163742e-06,macro
NOR_5Y,5,LORO_COVID,COVID,loro,opec_prod,shap_mean_abs,0.00030241129570640624,macro
NOR_5Y,5,LORO_COVID,COVID,loro,natgas_mom_1m,shap_mean_abs,0.0,macro
NOR_5Y,5,LORO_COVID,COVID,loro,be5y_level,shap_mean_abs,4.614957651938312e-05,macro
NOR_5Y,5,LORO_COVID,COVID,loro,be10y_level,shap_mean_abs,1.0046005627373233e-05,macro
NOR_5Y,5,LORO_COVID,COVID,loro,be_slope,shap_mean_abs,0.0,macro
NOR_5Y,5,LORO_COVID,COVID,loro,be5y_chg_1m,shap_mean_abs,0.0,macro
NOR_5Y,5,LORO_COVID,COVID,loro,ig_spread,shap_mean_abs,0.0,credit
NOR_5Y,5,LORO_COVID,COVID,loro,hy_spread,shap_mean_abs,0.0,credit
NOR_5Y,5,LORO_COVID,COVID,loro,ig_chg_1m,shap_mean_abs,0.0,credit
NOR_5Y,5,LORO_COVID,COVID,loro,hy_chg_1m,shap_mean_abs,0.0,credit
NOR_5Y,5,LORO_COVID,COVID,loro,cpi_yoy,shap_mean_abs,0.0,macro
NOR_5Y,5,LORO_COVID,COVID,loro,pce_core_chg,shap_mean_abs,0.00034489980316720903,macro
NOR_5Y,5,LORO_COVID,COVID,loro,nfp_change,shap_mean_abs,0.0052153198048472404,macro
NOR_5Y,5,LORO_COVID,COVID,loro,pmi_us,shap_mean_abs,0.0,macro
NOR_5Y,5,LORO_COVID,COVID,loro,pmi_eur,shap_mean_abs,0.0004636158118955791,macro
NOR_5Y,5,LORO_COVID,COVID,loro,unemp_eur,shap_mean_abs,0.0,macro
NOR_5Y,5,LORO_COVID,COVID,loro,cpi_nsa_level,shap_mean_abs,0.0,macro
NOR_5Y,5,LORO_COVID,COVID,loro,pce_core_level,shap_mean_abs,0.0,macro
NOR_5Y,5,LORO_COVID,COVID,loro,eur_3m,shap_mean_abs,0.0,macro
NOR_5Y,5,LORO_COVID,COVID,loro,eur_1w,shap_mean_abs,1.2097278158762492e-05,macro
NOR_5Y,5,LORO_COVID,COVID,loro,nor_ibor_1m,shap_mean_abs,0.0,norway
NOR_5Y,5,LORO_COVID,COVID,loro,nor_ibor_6m,shap_mean_abs,0.00020890211453661323,norway
NOR_5Y,5,LORO_COVID,COVID,loro,nor_ecb_dfr_chg,shap_mean_abs,0.0,norway
NOR_5Y,5,LORO_COVID,COVID,loro,nor_ecb_dfr_level,shap_mean_abs,0.0,norway
NOR_5Y,5,LORO_COVID,COVID,loro,nor_eurnok_chg_1d,shap_mean_abs,6.858818960608914e-05,norway
NOR_5Y,5,LORO_COVID,COVID,loro,nor_eurnok_level,shap_mean_abs,0.00024865471641533077,norway
NOR_5Y,5,LORO_COVID,COVID,loro,nor_eurnok_mom_1m,shap_mean_abs,0.0,norway
NOR_5Y,5,LORO_COVID,COVID,loro,nor_eurnok_mom_3m,shap_mean_abs,0.00025711534544825554,norway
NOR_5Y,5,LORO_COVID,COVID,loro,nor_eurnok_rvol_20d,shap_mean_abs,0.0,norway
NOR_5Y,5,LORO_COVID,COVID,loro,nor_govt_10y,shap_mean_abs,0.0,norway
NOR_5Y,5,LORO_COVID,COVID,loro,nor_govt_3y,shap_mean_abs,0.0,norway
NOR_5Y,5,LORO_COVID,COVID,loro,nor_govt_5y,shap_mean_abs,0.0,norway
NOR_5Y,5,LORO_COVID,COVID,loro,nor_i44_chg_1d,shap_mean_abs,0.0,norway
NOR_5Y,5,LORO_COVID,COVID,loro,nor_i44_level,shap_mean_abs,0.0,norway
NOR_5Y,5,LORO_COVID,COVID,loro,nor_i44_mom_1m,shap_mean_abs,0.00017138494877144694,norway
NOR_5Y,5,LORO_COVID,COVID,loro,nor_i44_mom_3m,shap_mean_abs,6.991816917434335e-05,norway
NOR_5Y,5,LORO_COVID,COVID,loro,nor_i44_rvol_20d,shap_mean_abs,0.0006135794101282954,norway
NOR_5Y,5,LORO_COVID,COVID,loro,nor_kpi_yoy,shap_mean_abs,7.093369640642777e-05,norway
NOR_5Y,5,LORO_COVID,COVID,loro,nor_kpijae_yoy,shap_mean_abs,0.0,norway
NOR_5Y,5,LORO_COVID,COVID,loro,nor_nibor_nowa_spread,shap_mean_abs,0.0,norway
NOR_5Y,5,LORO_COVID,COVID,loro,nor_nowa_level,shap_mean_abs,0.0,norway
NOR_5Y,5,LORO_COVID,COVID,loro,nor_polrate_chg_1d,shap_mean_abs,0.0,norway
NOR_5Y,5,LORO_COVID,COVID,loro,nor_polrate_days_since_chg,shap_mean_abs,6.225379911484197e-05,norway
NOR_5Y,5,LORO_COVID,COVID,loro,nor_polrate_level,shap_mean_abs,0.0,norway
NOR_5Y,5,LORO_COVID,COVID,loro,nor_rb_rate_chg,shap_mean_abs,0.0,norway
NOR_5Y,5,LORO_COVID,COVID,loro,nor_rb_rate_level,shap_mean_abs,0.0,norway
NOR_5Y,5,LORO_COVID,COVID,loro,nor_unemp,shap_mean_abs,0.0,norway
NOR_5Y,5,LORO_COVID,COVID,loro,nor_usdnok_chg_1d,shap_mean_abs,0.0003116374427918345,norway
NOR_5Y,5,LORO_COVID,COVID,loro,nor_usdnok_level,shap_mean_abs,0.0,norway
NOR_5Y,5,LORO_COVID,COVID,loro,nor_usdnok_mom_1m,shap_mean_abs,0.0,norway
NOR_5Y,5,LORO_COVID,COVID,loro,nor_usdnok_mom_3m,shap_mean_abs,0.000327993679093197,norway
NOR_5Y,5,LORO_COVID,COVID,loro,nor_usdnok_rvol_20d,shap_mean_abs,9.447053344047163e-06,norway
NOR_5Y,5,LORO_COVID,COVID,loro,swap_govt_spread,shap_mean_abs,8.173832611646503e-05,norway
NOR_5Y,5,LORO_COVID,COVID,loro,xmpca_01,shap_mean_abs,0.0,cross_market
NOR_5Y,5,LORO_COVID,COVID,loro,xmpca_02,shap_mean_abs,3.18664592668938e-06,cross_market
NOR_5Y,5,LORO_COVID,COVID,loro,xmpca_03,shap_mean_abs,0.0,cross_market
NOR_5Y,5,LORO_COVID,COVID,loro,xmpca_04,shap_mean_abs,0.0,cross_market
NOR_5Y,5,LORO_COVID,COVID,loro,xmpca_05,shap_mean_abs,4.852484562434256e-05,cross_market
NOR_5Y,5,LORO_COVID,COVID,loro,xmpca_06,shap_mean_abs,0.0,cross_market
NOR_5Y,5,LORO_COVID,COVID,loro,xmpca_07,shap_mean_abs,0.0,cross_market
NOR_5Y,5,LORO_COVID,COVID,loro,xmpca_08,shap_mean_abs,0.0,cross_market
NOR_5Y,5,LORO_COVID,COVID,loro,xmpca_09,shap_mean_abs,0.0009434659732505679,cross_market
NOR_5Y,5,LORO_COVID,COVID,loro,xmpca_10,shap_mean_abs,0.0,cross_market
NOR_5Y,5,LORO_COVID,COVID,loro,xmpca_11,shap_mean_abs,0.0,cross_market
NOR_5Y,5,LORO_COVID,COVID,loro,xmpca_12,shap_mean_abs,1.4788959560974035e-05,cross_market
NOR_5Y,5,LORO_Hiking,Hiking,loro,chg_lag1,gain,0.005446756258606911,momentum
NOR_5Y,5,LORO_Hiking,Hiking,loro,chg_lag2,gain,0.004867085255682468,momentum
NOR_5Y,5,LORO_Hiking,Hiking,loro,chg_lag3,gain,0.0007584799313917756,momentum
NOR_5Y,5,LORO_Hiking,Hiking,loro,chg_lag4,gain,0.0,momentum
NOR_5Y,5,LORO_Hiking,Hiking,loro,chg_lag5,gain,0.02203422039747238,momentum
NOR_5Y,5,LORO_Hiking,Hiking,loro,carry_roll,gain,0.017952652648091316,carry_roll
NOR_5Y,5,LORO_Hiking,Hiking,loro,mom_63d,gain,0.03548482060432434,momentum
NOR_5Y,5,LORO_Hiking,Hiking,loro,mom_1m,gain,0.06113549694418907,momentum
NOR_5Y,5,LORO_Hiking,Hiking,loro,mom_3m,gain,0.05793182924389839,momentum
NOR_5Y,5,LORO_Hiking,Hiking,loro,mom_6m,gain,0.014193415641784668,momentum
NOR_5Y,5,LORO_Hiking,Hiking,loro,mom_12m,gain,0.0,momentum
NOR_5Y,5,LORO_Hiking,Hiking,loro,dev_ma_3m,gain,0.020691893994808197,curve
NOR_5Y,5,LORO_Hiking,Hiking,loro,dev_ma_12m,gain,0.07642646133899689,curve
NOR_5Y,5,LORO_Hiking,Hiking,loro,vol_20d,gain,0.18681412935256958,vol
NOR_5Y,5,LORO_Hiking,Hiking,loro,vol_regime,gain,0.0,vol
NOR_5Y,5,LORO_Hiking,Hiking,loro,vol_zscore,gain,0.07661345601081848,vol
NOR_5Y,5,LORO_Hiking,Hiking,loro,level_zscore,gain,0.11373567581176758,curve
NOR_5Y,5,LORO_Hiking,Hiking,loro,slope_10_1,gain,0.03696742281317711,curve
NOR_5Y,5,LORO_Hiking,Hiking,loro,slope_10_5,gain,0.11513923853635788,curve
NOR_5Y,5,LORO_Hiking,Hiking,loro,slope_5_1,gain,0.0,curve
NOR_5Y,5,LORO_Hiking,Hiking,loro,sofr_mom_1m,gain,0.04741031676530838,macro
NOR_5Y,5,LORO_Hiking,Hiking,loro,ibor_level,gain,0.0,macro
NOR_5Y,5,LORO_Hiking,Hiking,loro,ibor_chg_1d,gain,0.06169460341334343,macro
NOR_5Y,5,LORO_Hiking,Hiking,loro,ibor_mom_1m,gain,0.09325030446052551,macro
NOR_5Y,5,LORO_Hiking,Hiking,loro,ibor_term_slope,gain,0.06225152686238289,macro
NOR_5Y,5,LORO_Hiking,Hiking,loro,swap_ibor_basis,gain,0.06268088519573212,curve
NOR_5Y,5,LORO_Hiking,Hiking,loro,move_level,gain,0.03821730241179466,vol
NOR_5Y,5,LORO_Hiking,Hiking,loro,move_zscore,gain,0.038669005036354065,vol
NOR_5Y,5,LORO_Hiking,Hiking,loro,vix_level,gain,0.09936890751123428,vol
NOR_5Y,5,LORO_Hiking,Hiking,loro,vix_zscore,gain,0.0,vol
NOR_5Y,5,LORO_Hiking,Hiking,loro,v2x_level,gain,0.017594724893569946,vol
NOR_5Y,5,LORO_Hiking,Hiking,loro,vxn_level,gain,0.0,vol
NOR_5Y,5,LORO_Hiking,Hiking,loro,ovx_level,gain,0.0,vol
NOR_5Y,5,LORO_Hiking,Hiking,loro,gvz_level,gain,0.0,vol
NOR_5Y,5,LORO_Hiking,Hiking,loro,spx_mom_1m,gain,0.03891166299581528,macro
NOR_5Y,5,LORO_Hiking,Hiking,loro,spx_mom_3m,gain,0.0,macro
NOR_5Y,5,LORO_Hiking,Hiking,loro,sx5e_mom_1m,gain,0.06645085662603378,macro
NOR_5Y,5,LORO_Hiking,Hiking,loro,sx5e_mom_3m,gain,0.04833369702100754,macro
NOR_5Y,5,LORO_Hiking,Hiking,loro,mxwo_mom_1m,gain,0.0,macro
NOR_5Y,5,LORO_Hiking,Hiking,loro,ndx_mom_1m,gain,0.027169890701770782,macro
NOR_5Y,5,LORO_Hiking,Hiking,loro,oil_mom_1m,gain,0.10557261854410172,macro
NOR_5Y,5,LORO_Hiking,Hiking,loro,oil_mom_3m,gain,0.0631190687417984,macro
NOR_5Y,5,LORO_Hiking,Hiking,loro,copper_mom_1m,gain,0.032645806670188904,macro
NOR_5Y,5,LORO_Hiking,Hiking,loro,opec_prod,gain,0.0,macro
NOR_5Y,5,LORO_Hiking,Hiking,loro,natgas_mom_1m,gain,0.0,macro
NOR_5Y,5,LORO_Hiking,Hiking,loro,be5y_level,gain,0.11958254873752594,macro
NOR_5Y,5,LORO_Hiking,Hiking,loro,be10y_level,gain,0.0,macro
NOR_5Y,5,LORO_Hiking,Hiking,loro,be_slope,gain,0.0,macro
NOR_5Y,5,LORO_Hiking,Hiking,loro,be5y_chg_1m,gain,0.0,macro
NOR_5Y,5,LORO_Hiking,Hiking,loro,ig_spread,gain,0.0,credit
NOR_5Y,5,LORO_Hiking,Hiking,loro,hy_spread,gain,0.0,credit
NOR_5Y,5,LORO_Hiking,Hiking,loro,ig_chg_1m,gain,0.0,credit
NOR_5Y,5,LORO_Hiking,Hiking,loro,hy_chg_1m,gain,0.0,credit
NOR_5Y,5,LORO_Hiking,Hiking,loro,cpi_yoy,gain,0.0,macro
NOR_5Y,5,LORO_Hiking,Hiking,loro,pce_core_chg,gain,0.06788049638271332,macro
NOR_5Y,5,LORO_Hiking,Hiking,loro,nfp_change,gain,0.0,macro
NOR_5Y,5,LORO_Hiking,Hiking,loro,pmi_us,gain,0.04750118404626846,macro
NOR_5Y,5,LORO_Hiking,Hiking,loro,pmi_eur,gain,0.05676200985908508,macro
NOR_5Y,5,LORO_Hiking,Hiking,loro,unemp_eur,gain,0.07791060209274292,macro
NOR_5Y,5,LORO_Hiking,Hiking,loro,cpi_nsa_level,gain,0.0,macro
NOR_5Y,5,LORO_Hiking,Hiking,loro,pce_core_level,gain,0.0,macro
NOR_5Y,5,LORO_Hiking,Hiking,loro,eur_3m,gain,0.04625202715396881,macro
NOR_5Y,5,LORO_Hiking,Hiking,loro,eur_1w,gain,0.0,macro
NOR_5Y,5,LORO_Hiking,Hiking,loro,nor_ibor_1m,gain,0.03290766477584839,norway
NOR_5Y,5,LORO_Hiking,Hiking,loro,nor_ibor_6m,gain,0.03277985006570816,norway
NOR_5Y,5,LORO_Hiking,Hiking,loro,nor_ecb_dfr_chg,gain,0.0,norway
NOR_5Y,5,LORO_Hiking,Hiking,loro,nor_ecb_dfr_level,gain,0.10873323678970337,norway
NOR_5Y,5,LORO_Hiking,Hiking,loro,nor_eurnok_chg_1d,gain,0.06941743940114975,norway
NOR_5Y,5,LORO_Hiking,Hiking,loro,nor_eurnok_level,gain,0.0,norway
NOR_5Y,5,LORO_Hiking,Hiking,loro,nor_eurnok_mom_1m,gain,0.003895880188792944,norway
NOR_5Y,5,LORO_Hiking,Hiking,loro,nor_eurnok_mom_3m,gain,0.0,norway
NOR_5Y,5,LORO_Hiking,Hiking,loro,nor_eurnok_rvol_20d,gain,0.06588313728570938,norway
NOR_5Y,5,LORO_Hiking,Hiking,loro,nor_govt_10y,gain,0.0,norway
NOR_5Y,5,LORO_Hiking,Hiking,loro,nor_govt_3y,gain,0.0,norway
NOR_5Y,5,LORO_Hiking,Hiking,loro,nor_govt_5y,gain,0.0,norway
NOR_5Y,5,LORO_Hiking,Hiking,loro,nor_i44_chg_1d,gain,0.10418244451284409,norway
NOR_5Y,5,LORO_Hiking,Hiking,loro,nor_i44_level,gain,0.0,norway
NOR_5Y,5,LORO_Hiking,Hiking,loro,nor_i44_mom_1m,gain,0.04809761047363281,norway
NOR_5Y,5,LORO_Hiking,Hiking,loro,nor_i44_mom_3m,gain,0.0,norway
NOR_5Y,5,LORO_Hiking,Hiking,loro,nor_i44_rvol_20d,gain,0.032416932284832,norway
NOR_5Y,5,LORO_Hiking,Hiking,loro,nor_kpi_yoy,gain,0.0,norway
NOR_5Y,5,LORO_Hiking,Hiking,loro,nor_kpijae_yoy,gain,0.0,norway
NOR_5Y,5,LORO_Hiking,Hiking,loro,nor_nibor_nowa_spread,gain,0.04469293728470802,norway
NOR_5Y,5,LORO_Hiking,Hiking,loro,nor_nowa_level,gain,0.06983333826065063,norway
NOR_5Y,5,LORO_Hiking,Hiking,loro,nor_polrate_chg_1d,gain,0.0,norway
NOR_5Y,5,LORO_Hiking,Hiking,loro,nor_polrate_days_since_chg,gain,0.0,norway
NOR_5Y,5,LORO_Hiking,Hiking,loro,nor_polrate_level,gain,0.0,norway
NOR_5Y,5,LORO_Hiking,Hiking,loro,nor_rb_rate_chg,gain,0.0,norway
NOR_5Y,5,LORO_Hiking,Hiking,loro,nor_rb_rate_level,gain,0.0,norway
NOR_5Y,5,LORO_Hiking,Hiking,loro,nor_unemp,gain,0.15390515327453613,norway
NOR_5Y,5,LORO_Hiking,Hiking,loro,nor_usdnok_chg_1d,gain,0.0,norway
NOR_5Y,5,LORO_Hiking,Hiking,loro,nor_usdnok_level,gain,0.07934844493865967,norway
NOR_5Y,5,LORO_Hiking,Hiking,loro,nor_usdnok_mom_1m,gain,0.0,norway
NOR_5Y,5,LORO_Hiking,Hiking,loro,nor_usdnok_mom_3m,gain,0.08691292256116867,norway
NOR_5Y,5,LORO_Hiking,Hiking,loro,nor_usdnok_rvol_20d,gain,0.009076930582523346,norway
NOR_5Y,5,LORO_Hiking,Hiking,loro,swap_govt_spread,gain,0.0,norway
NOR_5Y,5,LORO_Hiking,Hiking,loro,xmpca_01,gain,0.0,cross_market
NOR_5Y,5,LORO_Hiking,Hiking,loro,xmpca_02,gain,0.012441986240446568,cross_market
NOR_5Y,5,LORO_Hiking,Hiking,loro,xmpca_03,gain,0.0,cross_market
NOR_5Y,5,LORO_Hiking,Hiking,loro,xmpca_04,gain,0.0,cross_market
NOR_5Y,5,LORO_Hiking,Hiking,loro,xmpca_05,gain,0.0,cross_market
NOR_5Y,5,LORO_Hiking,Hiking,loro,xmpca_06,gain,0.0757053792476654,cross_market
NOR_5Y,5,LORO_Hiking,Hiking,loro,xmpca_07,gain,0.0,cross_market
NOR_5Y,5,LORO_Hiking,Hiking,loro,xmpca_08,gain,0.0,cross_market
NOR_5Y,5,LORO_Hiking,Hiking,loro,xmpca_09,gain,0.025046823546290398,cross_market
NOR_5Y,5,LORO_Hiking,Hiking,loro,xmpca_10,gain,0.0,cross_market
NOR_5Y,5,LORO_Hiking,Hiking,loro,xmpca_11,gain,0.061253517866134644,cross_market
NOR_5Y,5,LORO_Hiking,Hiking,loro,xmpca_12,gain,0.0,cross_market
NOR_5Y,5,LORO_Hiking,Hiking,loro,chg_lag1,weight,16.0,momentum
NOR_5Y,5,LORO_Hiking,Hiking,loro,chg_lag2,weight,24.0,momentum
NOR_5Y,5,LORO_Hiking,Hiking,loro,chg_lag3,weight,2.0,momentum
NOR_5Y,5,LORO_Hiking,Hiking,loro,chg_lag4,weight,0.0,momentum
NOR_5Y,5,LORO_Hiking,Hiking,loro,chg_lag5,weight,4.0,momentum
NOR_5Y,5,LORO_Hiking,Hiking,loro,carry_roll,weight,9.0,carry_roll
NOR_5Y,5,LORO_Hiking,Hiking,loro,mom_63d,weight,8.0,momentum
NOR_5Y,5,LORO_Hiking,Hiking,loro,mom_1m,weight,9.0,momentum
NOR_5Y,5,LORO_Hiking,Hiking,loro,mom_3m,weight,2.0,momentum
NOR_5Y,5,LORO_Hiking,Hiking,loro,mom_6m,weight,1.0,momentum
NOR_5Y,5,LORO_Hiking,Hiking,loro,mom_12m,weight,0.0,momentum
NOR_5Y,5,LORO_Hiking,Hiking,loro,dev_ma_3m,weight,6.0,curve
NOR_5Y,5,LORO_Hiking,Hiking,loro,dev_ma_12m,weight,1.0,curve
NOR_5Y,5,LORO_Hiking,Hiking,loro,vol_20d,weight,16.0,vol
NOR_5Y,5,LORO_Hiking,Hiking,loro,vol_regime,weight,0.0,vol
NOR_5Y,5,LORO_Hiking,Hiking,loro,vol_zscore,weight,2.0,vol
NOR_5Y,5,LORO_Hiking,Hiking,loro,level_zscore,weight,6.0,curve
NOR_5Y,5,LORO_Hiking,Hiking,loro,slope_10_1,weight,6.0,curve
NOR_5Y,5,LORO_Hiking,Hiking,loro,slope_10_5,weight,24.0,curve
NOR_5Y,5,LORO_Hiking,Hiking,loro,slope_5_1,weight,0.0,curve
NOR_5Y,5,LORO_Hiking,Hiking,loro,sofr_mom_1m,weight,14.0,macro
NOR_5Y,5,LORO_Hiking,Hiking,loro,ibor_level,weight,0.0,macro
NOR_5Y,5,LORO_Hiking,Hiking,loro,ibor_chg_1d,weight,16.0,macro
NOR_5Y,5,LORO_Hiking,Hiking,loro,ibor_mom_1m,weight,15.0,macro
NOR_5Y,5,LORO_Hiking,Hiking,loro,ibor_term_slope,weight,9.0,macro
NOR_5Y,5,LORO_Hiking,Hiking,loro,swap_ibor_basis,weight,2.0,curve
NOR_5Y,5,LORO_Hiking,Hiking,loro,move_level,weight,5.0,vol
NOR_5Y,5,LORO_Hiking,Hiking,loro,move_zscore,weight,12.0,vol
NOR_5Y,5,LORO_Hiking,Hiking,loro,vix_level,weight,4.0,vol
NOR_5Y,5,LORO_Hiking,Hiking,loro,vix_zscore,weight,0.0,vol
NOR_5Y,5,LORO_Hiking,Hiking,loro,v2x_level,weight,2.0,vol
NOR_5Y,5,LORO_Hiking,Hiking,loro,vxn_level,weight,0.0,vol
NOR_5Y,5,LORO_Hiking,Hiking,loro,ovx_level,weight,0.0,vol
NOR_5Y,5,LORO_Hiking,Hiking,loro,gvz_level,weight,0.0,vol
NOR_5Y,5,LORO_Hiking,Hiking,loro,spx_mom_1m,weight,14.0,macro
NOR_5Y,5,LORO_Hiking,Hiking,loro,spx_mom_3m,weight,0.0,macro
NOR_5Y,5,LORO_Hiking,Hiking,loro,sx5e_mom_1m,weight,3.0,macro
NOR_5Y,5,LORO_Hiking,Hiking,loro,sx5e_mom_3m,weight,5.0,macro
NOR_5Y,5,LORO_Hiking,Hiking,loro,mxwo_mom_1m,weight,0.0,macro
NOR_5Y,5,LORO_Hiking,Hiking,loro,ndx_mom_1m,weight,1.0,macro
NOR_5Y,5,LORO_Hiking,Hiking,loro,oil_mom_1m,weight,10.0,macro
NOR_5Y,5,LORO_Hiking,Hiking,loro,oil_mom_3m,weight,1.0,macro
NOR_5Y,5,LORO_Hiking,Hiking,loro,copper_mom_1m,weight,5.0,macro
NOR_5Y,5,LORO_Hiking,Hiking,loro,opec_prod,weight,0.0,macro
NOR_5Y,5,LORO_Hiking,Hiking,loro,natgas_mom_1m,weight,0.0,macro
NOR_5Y,5,LORO_Hiking,Hiking,loro,be5y_level,weight,5.0,macro
NOR_5Y,5,LORO_Hiking,Hiking,loro,be10y_level,weight,0.0,macro
NOR_5Y,5,LORO_Hiking,Hiking,loro,be_slope,weight,0.0,macro
NOR_5Y,5,LORO_Hiking,Hiking,loro,be5y_chg_1m,weight,0.0,macro
NOR_5Y,5,LORO_Hiking,Hiking,loro,ig_spread,weight,0.0,credit
NOR_5Y,5,LORO_Hiking,Hiking,loro,hy_spread,weight,0.0,credit
NOR_5Y,5,LORO_Hiking,Hiking,loro,ig_chg_1m,weight,0.0,credit
NOR_5Y,5,LORO_Hiking,Hiking,loro,hy_chg_1m,weight,0.0,credit
NOR_5Y,5,LORO_Hiking,Hiking,loro,cpi_yoy,weight,0.0,macro
NOR_5Y,5,LORO_Hiking,Hiking,loro,pce_core_chg,weight,2.0,macro
NOR_5Y,5,LORO_Hiking,Hiking,loro,nfp_change,weight,0.0,macro
NOR_5Y,5,LORO_Hiking,Hiking,loro,pmi_us,weight,1.0,macro
NOR_5Y,5,LORO_Hiking,Hiking,loro,pmi_eur,weight,1.0,macro
NOR_5Y,5,LORO_Hiking,Hiking,loro,unemp_eur,weight,1.0,macro
NOR_5Y,5,LORO_Hiking,Hiking,loro,cpi_nsa_level,weight,0.0,macro
NOR_5Y,5,LORO_Hiking,Hiking,loro,pce_core_level,weight,0.0,macro
NOR_5Y,5,LORO_Hiking,Hiking,loro,eur_3m,weight,2.0,macro
NOR_5Y,5,LORO_Hiking,Hiking,loro,eur_1w,weight,0.0,macro
NOR_5Y,5,LORO_Hiking,Hiking,loro,nor_ibor_1m,weight,1.0,norway
NOR_5Y,5,LORO_Hiking,Hiking,loro,nor_ibor_6m,weight,4.0,norway
NOR_5Y,5,LORO_Hiking,Hiking,loro,nor_ecb_dfr_chg,weight,0.0,norway
NOR_5Y,5,LORO_Hiking,Hiking,loro,nor_ecb_dfr_level,weight,1.0,norway
NOR_5Y,5,LORO_Hiking,Hiking,loro,nor_eurnok_chg_1d,weight,5.0,norway
NOR_5Y,5,LORO_Hiking,Hiking,loro,nor_eurnok_level,weight,0.0,norway
NOR_5Y,5,LORO_Hiking,Hiking,loro,nor_eurnok_mom_1m,weight,2.0,norway
NOR_5Y,5,LORO_Hiking,Hiking,loro,nor_eurnok_mom_3m,weight,0.0,norway
NOR_5Y,5,LORO_Hiking,Hiking,loro,nor_eurnok_rvol_20d,weight,2.0,norway
NOR_5Y,5,LORO_Hiking,Hiking,loro,nor_govt_10y,weight,0.0,norway
NOR_5Y,5,LORO_Hiking,Hiking,loro,nor_govt_3y,weight,0.0,norway
NOR_5Y,5,LORO_Hiking,Hiking,loro,nor_govt_5y,weight,0.0,norway
NOR_5Y,5,LORO_Hiking,Hiking,loro,nor_i44_chg_1d,weight,9.0,norway
NOR_5Y,5,LORO_Hiking,Hiking,loro,nor_i44_level,weight,0.0,norway
NOR_5Y,5,LORO_Hiking,Hiking,loro,nor_i44_mom_1m,weight,1.0,norway
NOR_5Y,5,LORO_Hiking,Hiking,loro,nor_i44_mom_3m,weight,0.0,norway
NOR_5Y,5,LORO_Hiking,Hiking,loro,nor_i44_rvol_20d,weight,2.0,norway
NOR_5Y,5,LORO_Hiking,Hiking,loro,nor_kpi_yoy,weight,0.0,norway
NOR_5Y,5,LORO_Hiking,Hiking,loro,nor_kpijae_yoy,weight,0.0,norway
NOR_5Y,5,LORO_Hiking,Hiking,loro,nor_nibor_nowa_spread,weight,1.0,norway
NOR_5Y,5,LORO_Hiking,Hiking,loro,nor_nowa_level,weight,7.0,norway
NOR_5Y,5,LORO_Hiking,Hiking,loro,nor_polrate_chg_1d,weight,0.0,norway
NOR_5Y,5,LORO_Hiking,Hiking,loro,nor_polrate_days_since_chg,weight,0.0,norway
NOR_5Y,5,LORO_Hiking,Hiking,loro,nor_polrate_level,weight,0.0,norway
NOR_5Y,5,LORO_Hiking,Hiking,loro,nor_rb_rate_chg,weight,0.0,norway
NOR_5Y,5,LORO_Hiking,Hiking,loro,nor_rb_rate_level,weight,0.0,norway
NOR_5Y,5,LORO_Hiking,Hiking,loro,nor_unemp,weight,1.0,norway
NOR_5Y,5,LORO_Hiking,Hiking,loro,nor_usdnok_chg_1d,weight,0.0,norway
NOR_5Y,5,LORO_Hiking,Hiking,loro,nor_usdnok_level,weight,5.0,norway
NOR_5Y,5,LORO_Hiking,Hiking,loro,nor_usdnok_mom_1m,weight,0.0,norway
NOR_5Y,5,LORO_Hiking,Hiking,loro,nor_usdnok_mom_3m,weight,8.0,norway
NOR_5Y,5,LORO_Hiking,Hiking,loro,nor_usdnok_rvol_20d,weight,1.0,norway
NOR_5Y,5,LORO_Hiking,Hiking,loro,swap_govt_spread,weight,0.0,norway
NOR_5Y,5,LORO_Hiking,Hiking,loro,xmpca_01,weight,0.0,cross_market
NOR_5Y,5,LORO_Hiking,Hiking,loro,xmpca_02,weight,3.0,cross_market
NOR_5Y,5,LORO_Hiking,Hiking,loro,xmpca_03,weight,0.0,cross_market
NOR_5Y,5,LORO_Hiking,Hiking,loro,xmpca_04,weight,0.0,cross_market
NOR_5Y,5,LORO_Hiking,Hiking,loro,xmpca_05,weight,0.0,cross_market
NOR_5Y,5,LORO_Hiking,Hiking,loro,xmpca_06,weight,4.0,cross_market
NOR_5Y,5,LORO_Hiking,Hiking,loro,xmpca_07,weight,0.0,cross_market
NOR_5Y,5,LORO_Hiking,Hiking,loro,xmpca_08,weight,0.0,cross_market
NOR_5Y,5,LORO_Hiking,Hiking,loro,xmpca_09,weight,8.0,cross_market
NOR_5Y,5,LORO_Hiking,Hiking,loro,xmpca_10,weight,0.0,cross_market
NOR_5Y,5,LORO_Hiking,Hiking,loro,xmpca_11,weight,2.0,cross_market
NOR_5Y,5,LORO_Hiking,Hiking,loro,xmpca_12,weight,0.0,cross_market
NOR_5Y,5,LORO_Hiking,Hiking,loro,chg_lag1,cover,27.0625,momentum
NOR_5Y,5,LORO_Hiking,Hiking,loro,chg_lag2,cover,5.708333492279053,momentum
NOR_5Y,5,LORO_Hiking,Hiking,loro,chg_lag3,cover,6.0,momentum
NOR_5Y,5,LORO_Hiking,Hiking,loro,chg_lag4,cover,0.0,momentum
NOR_5Y,5,LORO_Hiking,Hiking,loro,chg_lag5,cover,20.5,momentum
NOR_5Y,5,LORO_Hiking,Hiking,loro,carry_roll,cover,69.0,carry_roll
NOR_5Y,5,LORO_Hiking,Hiking,loro,mom_63d,cover,357.125,momentum
NOR_5Y,5,LORO_Hiking,Hiking,loro,mom_1m,cover,691.4444580078125,momentum
NOR_5Y,5,LORO_Hiking,Hiking,loro,mom_3m,cover,1033.5,momentum
NOR_5Y,5,LORO_Hiking,Hiking,loro,mom_6m,cover,19.0,momentum
NOR_5Y,5,LORO_Hiking,Hiking,loro,mom_12m,cover,0.0,momentum
NOR_5Y,5,LORO_Hiking,Hiking,loro,dev_ma_3m,cover,20.33333396911621,curve
NOR_5Y,5,LORO_Hiking,Hiking,loro,dev_ma_12m,cover,2703.0,curve
NOR_5Y,5,LORO_Hiking,Hiking,loro,vol_20d,cover,2414.625,vol
NOR_5Y,5,LORO_Hiking,Hiking,loro,vol_regime,cover,0.0,vol
NOR_5Y,5,LORO_Hiking,Hiking,loro,vol_zscore,cover,53.0,vol
NOR_5Y,5,LORO_Hiking,Hiking,loro,level_zscore,cover,646.1666870117188,curve
NOR_5Y,5,LORO_Hiking,Hiking,loro,slope_10_1,cover,1031.8333740234375,curve
NOR_5Y,5,LORO_Hiking,Hiking,loro,slope_10_5,cover,51.66666793823242,curve
NOR_5Y,5,LORO_Hiking,Hiking,loro,slope_5_1,cover,0.0,curve
NOR_5Y,5,LORO_Hiking,Hiking,loro,sofr_mom_1m,cover,1132.9285888671875,macro
NOR_5Y,5,LORO_Hiking,Hiking,loro,ibor_level,cover,0.0,macro
NOR_5Y,5,LORO_Hiking,Hiking,loro,ibor_chg_1d,cover,231.1875,macro
NOR_5Y,5,LORO_Hiking,Hiking,loro,ibor_mom_1m,cover,2508.666748046875,macro
NOR_5Y,5,LORO_Hiking,Hiking,loro,ibor_term_slope,cover,1994.4444580078125,macro
NOR_5Y,5,LORO_Hiking,Hiking,loro,swap_ibor_basis,cover,1649.0,curve
NOR_5Y,5,LORO_Hiking,Hiking,loro,move_level,cover,32.79999923706055,vol
NOR_5Y,5,LORO_Hiking,Hiking,loro,move_zscore,cover,66.0,vol
NOR_5Y,5,LORO_Hiking,Hiking,loro,vix_level,cover,27.0,vol
NOR_5Y,5,LORO_Hiking,Hiking,loro,vix_zscore,cover,0.0,vol
NOR_5Y,5,LORO_Hiking,Hiking,loro,v2x_level,cover,22.0,vol
NOR_5Y,5,LORO_Hiking,Hiking,loro,vxn_level,cover,0.0,vol
NOR_5Y,5,LORO_Hiking,Hiking,loro,ovx_level,cover,0.0,vol
NOR_5Y,5,LORO_Hiking,Hiking,loro,gvz_level,cover,0.0,vol
NOR_5Y,5,LORO_Hiking,Hiking,loro,spx_mom_1m,cover,621.7142944335938,macro
NOR_5Y,5,LORO_Hiking,Hiking,loro,spx_mom_3m,cover,0.0,macro
NOR_5Y,5,LORO_Hiking,Hiking,loro,sx5e_mom_1m,cover,1807.6666259765625,macro
NOR_5Y,5,LORO_Hiking,Hiking,loro,sx5e_mom_3m,cover,14.0,macro
NOR_5Y,5,LORO_Hiking,Hiking,loro,mxwo_mom_1m,cover,0.0,macro
NOR_5Y,5,LORO_Hiking,Hiking,loro,ndx_mom_1m,cover,24.0,macro
NOR_5Y,5,LORO_Hiking,Hiking,loro,oil_mom_1m,cover,2679.800048828125,macro
NOR_5Y,5,LORO_Hiking,Hiking,loro,oil_mom_3m,cover,2676.0,macro
NOR_5Y,5,LORO_Hiking,Hiking,loro,copper_mom_1m,cover,36.20000076293945,macro
NOR_5Y,5,LORO_Hiking,Hiking,loro,opec_prod,cover,0.0,macro
NOR_5Y,5,LORO_Hiking,Hiking,loro,natgas_mom_1m,cover,0.0,macro
NOR_5Y,5,LORO_Hiking,Hiking,loro,be5y_level,cover,27.0,macro
NOR_5Y,5,LORO_Hiking,Hiking,loro,be10y_level,cover,0.0,macro
NOR_5Y,5,LORO_Hiking,Hiking,loro,be_slope,cover,0.0,macro
NOR_5Y,5,LORO_Hiking,Hiking,loro,be5y_chg_1m,cover,0.0,macro
NOR_5Y,5,LORO_Hiking,Hiking,loro,ig_spread,cover,0.0,credit
NOR_5Y,5,LORO_Hiking,Hiking,loro,hy_spread,cover,0.0,credit
NOR_5Y,5,LORO_Hiking,Hiking,loro,ig_chg_1m,cover,0.0,credit
NOR_5Y,5,LORO_Hiking,Hiking,loro,hy_chg_1m,cover,0.0,credit
NOR_5Y,5,LORO_Hiking,Hiking,loro,cpi_yoy,cover,0.0,macro
NOR_5Y,5,LORO_Hiking,Hiking,loro,pce_core_chg,cover,696.5,macro
NOR_5Y,5,LORO_Hiking,Hiking,loro,nfp_change,cover,0.0,macro
NOR_5Y,5,LORO_Hiking,Hiking,loro,pmi_us,cover,2009.0,macro
NOR_5Y,5,LORO_Hiking,Hiking,loro,pmi_eur,cover,1175.0,macro
NOR_5Y,5,LORO_Hiking,Hiking,loro,unemp_eur,cover,646.0,macro
NOR_5Y,5,LORO_Hiking,Hiking,loro,cpi_nsa_level,cover,0.0,macro
NOR_5Y,5,LORO_Hiking,Hiking,loro,pce_core_level,cover,0.0,macro
NOR_5Y,5,LORO_Hiking,Hiking,loro,eur_3m,cover,731.0,macro
NOR_5Y,5,LORO_Hiking,Hiking,loro,eur_1w,cover,0.0,macro
NOR_5Y,5,LORO_Hiking,Hiking,loro,nor_ibor_1m,cover,20.0,norway
NOR_5Y,5,LORO_Hiking,Hiking,loro,nor_ibor_6m,cover,190.75,norway
NOR_5Y,5,LORO_Hiking,Hiking,loro,nor_ecb_dfr_chg,cover,0.0,norway
NOR_5Y,5,LORO_Hiking,Hiking,loro,nor_ecb_dfr_level,cover,279.0,norway
NOR_5Y,5,LORO_Hiking,Hiking,loro,nor_eurnok_chg_1d,cover,61.20000076293945,norway
NOR_5Y,5,LORO_Hiking,Hiking,loro,nor_eurnok_level,cover,0.0,norway
NOR_5Y,5,LORO_Hiking,Hiking,loro,nor_eurnok_mom_1m,cover,11.0,norway
NOR_5Y,5,LORO_Hiking,Hiking,loro,nor_eurnok_mom_3m,cover,0.0,norway
NOR_5Y,5,LORO_Hiking,Hiking,loro,nor_eurnok_rvol_20d,cover,1859.5,norway
NOR_5Y,5,LORO_Hiking,Hiking,loro,nor_govt_10y,cover,0.0,norway
NOR_5Y,5,LORO_Hiking,Hiking,loro,nor_govt_3y,cover,0.0,norway
NOR_5Y,5,LORO_Hiking,Hiking,loro,nor_govt_5y,cover,0.0,norway
NOR_5Y,5,LORO_Hiking,Hiking,loro,nor_i44_chg_1d,cover,50.0,norway
NOR_5Y,5,LORO_Hiking,Hiking,loro,nor_i44_level,cover,0.0,norway
NOR_5Y,5,LORO_Hiking,Hiking,loro,nor_i44_mom_1m,cover,48.0,norway
NOR_5Y,5,LORO_Hiking,Hiking,loro,nor_i44_mom_3m,cover,0.0,norway
NOR_5Y,5,LORO_Hiking,Hiking,loro,nor_i44_rvol_20d,cover,677.5,norway
NOR_5Y,5,LORO_Hiking,Hiking,loro,nor_kpi_yoy,cover,0.0,norway
NOR_5Y,5,LORO_Hiking,Hiking,loro,nor_kpijae_yoy,cover,0.0,norway
NOR_5Y,5,LORO_Hiking,Hiking,loro,nor_nibor_nowa_spread,cover,771.0,norway
NOR_5Y,5,LORO_Hiking,Hiking,loro,nor_nowa_level,cover,713.1428833007812,norway
NOR_5Y,5,LORO_Hiking,Hiking,loro,nor_polrate_chg_1d,cover,0.0,norway
NOR_5Y,5,LORO_Hiking,Hiking,loro,nor_polrate_days_since_chg,cover,0.0,norway
NOR_5Y,5,LORO_Hiking,Hiking,loro,nor_polrate_level,cover,0.0,norway
NOR_5Y,5,LORO_Hiking,Hiking,loro,nor_rb_rate_chg,cover,0.0,norway
NOR_5Y,5,LORO_Hiking,Hiking,loro,nor_rb_rate_level,cover,0.0,norway
NOR_5Y,5,LORO_Hiking,Hiking,loro,nor_unemp,cover,101.0,norway
NOR_5Y,5,LORO_Hiking,Hiking,loro,nor_usdnok_chg_1d,cover,0.0,norway
NOR_5Y,5,LORO_Hiking,Hiking,loro,nor_usdnok_level,cover,983.4000244140625,norway
NOR_5Y,5,LORO_Hiking,Hiking,loro,nor_usdnok_mom_1m,cover,0.0,norway
NOR_5Y,5,LORO_Hiking,Hiking,loro,nor_usdnok_mom_3m,cover,622.5,norway
NOR_5Y,5,LORO_Hiking,Hiking,loro,nor_usdnok_rvol_20d,cover,8.0,norway
NOR_5Y,5,LORO_Hiking,Hiking,loro,swap_govt_spread,cover,0.0,norway
NOR_5Y,5,LORO_Hiking,Hiking,loro,xmpca_01,cover,0.0,cross_market
NOR_5Y,5,LORO_Hiking,Hiking,loro,xmpca_02,cover,10.333333015441895,cross_market
NOR_5Y,5,LORO_Hiking,Hiking,loro,xmpca_03,cover,0.0,cross_market
NOR_5Y,5,LORO_Hiking,Hiking,loro,xmpca_04,cover,0.0,cross_market
NOR_5Y,5,LORO_Hiking,Hiking,loro,xmpca_05,cover,0.0,cross_market
NOR_5Y,5,LORO_Hiking,Hiking,loro,xmpca_06,cover,23.0,cross_market
NOR_5Y,5,LORO_Hiking,Hiking,loro,xmpca_07,cover,0.0,cross_market
NOR_5Y,5,LORO_Hiking,Hiking,loro,xmpca_08,cover,0.0,cross_market
NOR_5Y,5,LORO_Hiking,Hiking,loro,xmpca_09,cover,24.125,cross_market
NOR_5Y,5,LORO_Hiking,Hiking,loro,xmpca_10,cover,0.0,cross_market
NOR_5Y,5,LORO_Hiking,Hiking,loro,xmpca_11,cover,922.0,cross_market
NOR_5Y,5,LORO_Hiking,Hiking,loro,xmpca_12,cover,0.0,cross_market
NOR_5Y,5,LORO_Hiking,Hiking,loro,chg_lag1,total_gain,0.08714810013771057,momentum
NOR_5Y,5,LORO_Hiking,Hiking,loro,chg_lag2,total_gain,0.11681004613637924,momentum
NOR_5Y,5,LORO_Hiking,Hiking,loro,chg_lag3,total_gain,0.0015169598627835512,momentum
NOR_5Y,5,LORO_Hiking,Hiking,loro,chg_lag4,total_gain,0.0,momentum
NOR_5Y,5,LORO_Hiking,Hiking,loro,chg_lag5,total_gain,0.08813688158988953,momentum
NOR_5Y,5,LORO_Hiking,Hiking,loro,carry_roll,total_gain,0.1615738719701767,carry_roll
NOR_5Y,5,LORO_Hiking,Hiking,loro,mom_63d,total_gain,0.2838785648345947,momentum
NOR_5Y,5,LORO_Hiking,Hiking,loro,mom_1m,total_gain,0.5502194762229919,momentum
NOR_5Y,5,LORO_Hiking,Hiking,loro,mom_3m,total_gain,0.11586365848779678,momentum
NOR_5Y,5,LORO_Hiking,Hiking,loro,mom_6m,total_gain,0.014193415641784668,momentum
NOR_5Y,5,LORO_Hiking,Hiking,loro,mom_12m,total_gain,0.0,momentum
NOR_5Y,5,LORO_Hiking,Hiking,loro,dev_ma_3m,total_gain,0.12415136396884918,curve
NOR_5Y,5,LORO_Hiking,Hiking,loro,dev_ma_12m,total_gain,0.07642646133899689,curve
NOR_5Y,5,LORO_Hiking,Hiking,loro,vol_20d,total_gain,2.9890260696411133,vol
NOR_5Y,5,LORO_Hiking,Hiking,loro,vol_regime,total_gain,0.0,vol
NOR_5Y,5,LORO_Hiking,Hiking,loro,vol_zscore,total_gain,0.15322691202163696,vol
NOR_5Y,5,LORO_Hiking,Hiking,loro,level_zscore,total_gain,0.6824140548706055,curve
NOR_5Y,5,LORO_Hiking,Hiking,loro,slope_10_1,total_gain,0.22180452942848206,curve
NOR_5Y,5,LORO_Hiking,Hiking,loro,slope_10_5,total_gain,2.7633416652679443,curve
NOR_5Y,5,LORO_Hiking,Hiking,loro,slope_5_1,total_gain,0.0,curve
NOR_5Y,5,LORO_Hiking,Hiking,loro,sofr_mom_1m,total_gain,0.6637444496154785,macro
NOR_5Y,5,LORO_Hiking,Hiking,loro,ibor_level,total_gain,0.0,macro
NOR_5Y,5,LORO_Hiking,Hiking,loro,ibor_chg_1d,total_gain,0.9871136546134949,macro
NOR_5Y,5,LORO_Hiking,Hiking,loro,ibor_mom_1m,total_gain,1.398754596710205,macro
NOR_5Y,5,LORO_Hiking,Hiking,loro,ibor_term_slope,total_gain,0.5602637529373169,macro
NOR_5Y,5,LORO_Hiking,Hiking,loro,swap_ibor_basis,total_gain,0.12536177039146423,curve
NOR_5Y,5,LORO_Hiking,Hiking,loro,move_level,total_gain,0.1910865157842636,vol
NOR_5Y,5,LORO_Hiking,Hiking,loro,move_zscore,total_gain,0.4640280604362488,vol
NOR_5Y,5,LORO_Hiking,Hiking,loro,vix_level,total_gain,0.39747563004493713,vol
NOR_5Y,5,LORO_Hiking,Hiking,loro,vix_zscore,total_gain,0.0,vol
NOR_5Y,5,LORO_Hiking,Hiking,loro,v2x_level,total_gain,0.03518944978713989,vol
NOR_5Y,5,LORO_Hiking,Hiking,loro,vxn_level,total_gain,0.0,vol
NOR_5Y,5,LORO_Hiking,Hiking,loro,ovx_level,total_gain,0.0,vol
NOR_5Y,5,LORO_Hiking,Hiking,loro,gvz_level,total_gain,0.0,vol
NOR_5Y,5,LORO_Hiking,Hiking,loro,spx_mom_1m,total_gain,0.5447632670402527,macro
NOR_5Y,5,LORO_Hiking,Hiking,loro,spx_mom_3m,total_gain,0.0,macro
NOR_5Y,5,LORO_Hiking,Hiking,loro,sx5e_mom_1m,total_gain,0.19935257732868195,macro
NOR_5Y,5,LORO_Hiking,Hiking,loro,sx5e_mom_3m,total_gain,0.2416684925556183,macro
NOR_5Y,5,LORO_Hiking,Hiking,loro,mxwo_mom_1m,total_gain,0.0,macro
NOR_5Y,5,LORO_Hiking,Hiking,loro,ndx_mom_1m,total_gain,0.027169890701770782,macro
NOR_5Y,5,LORO_Hiking,Hiking,loro,oil_mom_1m,total_gain,1.055726170539856,macro
NOR_5Y,5,LORO_Hiking,Hiking,loro,oil_mom_3m,total_gain,0.0631190687417984,macro
NOR_5Y,5,LORO_Hiking,Hiking,loro,copper_mom_1m,total_gain,0.16322903335094452,macro
NOR_5Y,5,LORO_Hiking,Hiking,loro,opec_prod,total_gain,0.0,macro
NOR_5Y,5,LORO_Hiking,Hiking,loro,natgas_mom_1m,total_gain,0.0,macro
NOR_5Y,5,LORO_Hiking,Hiking,loro,be5y_level,total_gain,0.5979127287864685,macro
NOR_5Y,5,LORO_Hiking,Hiking,loro,be10y_level,total_gain,0.0,macro
NOR_5Y,5,LORO_Hiking,Hiking,loro,be_slope,total_gain,0.0,macro
NOR_5Y,5,LORO_Hiking,Hiking,loro,be5y_chg_1m,total_gain,0.0,macro
NOR_5Y,5,LORO_Hiking,Hiking,loro,ig_spread,total_gain,0.0,credit
NOR_5Y,5,LORO_Hiking,Hiking,loro,hy_spread,total_gain,0.0,credit
NOR_5Y,5,LORO_Hiking,Hiking,loro,ig_chg_1m,total_gain,0.0,credit
NOR_5Y,5,LORO_Hiking,Hiking,loro,hy_chg_1m,total_gain,0.0,credit
NOR_5Y,5,LORO_Hiking,Hiking,loro,cpi_yoy,total_gain,0.0,macro
NOR_5Y,5,LORO_Hiking,Hiking,loro,pce_core_chg,total_gain,0.13576099276542664,macro
NOR_5Y,5,LORO_Hiking,Hiking,loro,nfp_change,total_gain,0.0,macro
NOR_5Y,5,LORO_Hiking,Hiking,loro,pmi_us,total_gain,0.04750118404626846,macro
NOR_5Y,5,LORO_Hiking,Hiking,loro,pmi_eur,total_gain,0.05676200985908508,macro
NOR_5Y,5,LORO_Hiking,Hiking,loro,unemp_eur,total_gain,0.07791060209274292,macro
NOR_5Y,5,LORO_Hiking,Hiking,loro,cpi_nsa_level,total_gain,0.0,macro
NOR_5Y,5,LORO_Hiking,Hiking,loro,pce_core_level,total_gain,0.0,macro
NOR_5Y,5,LORO_Hiking,Hiking,loro,eur_3m,total_gain,0.09250405430793762,macro
NOR_5Y,5,LORO_Hiking,Hiking,loro,eur_1w,total_gain,0.0,macro
NOR_5Y,5,LORO_Hiking,Hiking,loro,nor_ibor_1m,total_gain,0.03290766477584839,norway
NOR_5Y,5,LORO_Hiking,Hiking,loro,nor_ibor_6m,total_gain,0.13111940026283264,norway
NOR_5Y,5,LORO_Hiking,Hiking,loro,nor_ecb_dfr_chg,total_gain,0.0,norway
NOR_5Y,5,LORO_Hiking,Hiking,loro,nor_ecb_dfr_level,total_gain,0.10873323678970337,norway
NOR_5Y,5,LORO_Hiking,Hiking,loro,nor_eurnok_chg_1d,total_gain,0.34708720445632935,norway
NOR_5Y,5,LORO_Hiking,Hiking,loro,nor_eurnok_level,total_gain,0.0,norway
NOR_5Y,5,LORO_Hiking,Hiking,loro,nor_eurnok_mom_1m,total_gain,0.007791760377585888,norway
NOR_5Y,5,LORO_Hiking,Hiking,loro,nor_eurnok_mom_3m,total_gain,0.0,norway
NOR_5Y,5,LORO_Hiking,Hiking,loro,nor_eurnok_rvol_20d,total_gain,0.13176627457141876,norway
NOR_5Y,5,LORO_Hiking,Hiking,loro,nor_govt_10y,total_gain,0.0,norway
NOR_5Y,5,LORO_Hiking,Hiking,loro,nor_govt_3y,total_gain,0.0,norway
NOR_5Y,5,LORO_Hiking,Hiking,loro,nor_govt_5y,total_gain,0.0,norway
NOR_5Y,5,LORO_Hiking,Hiking,loro,nor_i44_chg_1d,total_gain,0.937641978263855,norway
NOR_5Y,5,LORO_Hiking,Hiking,loro,nor_i44_level,total_gain,0.0,norway
NOR_5Y,5,LORO_Hiking,Hiking,loro,nor_i44_mom_1m,total_gain,0.04809761047363281,norway
NOR_5Y,5,LORO_Hiking,Hiking,loro,nor_i44_mom_3m,total_gain,0.0,norway
NOR_5Y,5,LORO_Hiking,Hiking,loro,nor_i44_rvol_20d,total_gain,0.064833864569664,norway
NOR_5Y,5,LORO_Hiking,Hiking,loro,nor_kpi_yoy,total_gain,0.0,norway
NOR_5Y,5,LORO_Hiking,Hiking,loro,nor_kpijae_yoy,total_gain,0.0,norway
NOR_5Y,5,LORO_Hiking,Hiking,loro,nor_nibor_nowa_spread,total_gain,0.04469293728470802,norway
NOR_5Y,5,LORO_Hiking,Hiking,loro,nor_nowa_level,total_gain,0.48883336782455444,norway
NOR_5Y,5,LORO_Hiking,Hiking,loro,nor_polrate_chg_1d,total_gain,0.0,norway
NOR_5Y,5,LORO_Hiking,Hiking,loro,nor_polrate_days_since_chg,total_gain,0.0,norway
NOR_5Y,5,LORO_Hiking,Hiking,loro,nor_polrate_level,total_gain,0.0,norway
NOR_5Y,5,LORO_Hiking,Hiking,loro,nor_rb_rate_chg,total_gain,0.0,norway
NOR_5Y,5,LORO_Hiking,Hiking,loro,nor_rb_rate_level,total_gain,0.0,norway
NOR_5Y,5,LORO_Hiking,Hiking,loro,nor_unemp,total_gain,0.15390515327453613,norway
NOR_5Y,5,LORO_Hiking,Hiking,loro,nor_usdnok_chg_1d,total_gain,0.0,norway
NOR_5Y,5,LORO_Hiking,Hiking,loro,nor_usdnok_level,total_gain,0.39674222469329834,norway
NOR_5Y,5,LORO_Hiking,Hiking,loro,nor_usdnok_mom_1m,total_gain,0.0,norway
NOR_5Y,5,LORO_Hiking,Hiking,loro,nor_usdnok_mom_3m,total_gain,0.6953033804893494,norway
NOR_5Y,5,LORO_Hiking,Hiking,loro,nor_usdnok_rvol_20d,total_gain,0.009076930582523346,norway
NOR_5Y,5,LORO_Hiking,Hiking,loro,swap_govt_spread,total_gain,0.0,norway
NOR_5Y,5,LORO_Hiking,Hiking,loro,xmpca_01,total_gain,0.0,cross_market
NOR_5Y,5,LORO_Hiking,Hiking,loro,xmpca_02,total_gain,0.03732595965266228,cross_market
NOR_5Y,5,LORO_Hiking,Hiking,loro,xmpca_03,total_gain,0.0,cross_market
NOR_5Y,5,LORO_Hiking,Hiking,loro,xmpca_04,total_gain,0.0,cross_market
NOR_5Y,5,LORO_Hiking,Hiking,loro,xmpca_05,total_gain,0.0,cross_market
NOR_5Y,5,LORO_Hiking,Hiking,loro,xmpca_06,total_gain,0.3028215169906616,cross_market
NOR_5Y,5,LORO_Hiking,Hiking,loro,xmpca_07,total_gain,0.0,cross_market
NOR_5Y,5,LORO_Hiking,Hiking,loro,xmpca_08,total_gain,0.0,cross_market
NOR_5Y,5,LORO_Hiking,Hiking,loro,xmpca_09,total_gain,0.20037458837032318,cross_market
NOR_5Y,5,LORO_Hiking,Hiking,loro,xmpca_10,total_gain,0.0,cross_market
NOR_5Y,5,LORO_Hiking,Hiking,loro,xmpca_11,total_gain,0.12250703573226929,cross_market
NOR_5Y,5,LORO_Hiking,Hiking,loro,xmpca_12,total_gain,0.0,cross_market
NOR_5Y,5,LORO_Hiking,Hiking,loro,chg_lag1,total_cover,433.0,momentum
NOR_5Y,5,LORO_Hiking,Hiking,loro,chg_lag2,total_cover,137.0,momentum
NOR_5Y,5,LORO_Hiking,Hiking,loro,chg_lag3,total_cover,12.0,momentum
NOR_5Y,5,LORO_Hiking,Hiking,loro,chg_lag4,total_cover,0.0,momentum
NOR_5Y,5,LORO_Hiking,Hiking,loro,chg_lag5,total_cover,82.0,momentum
NOR_5Y,5,LORO_Hiking,Hiking,loro,carry_roll,total_cover,621.0,carry_roll
NOR_5Y,5,LORO_Hiking,Hiking,loro,mom_63d,total_cover,2857.0,momentum
NOR_5Y,5,LORO_Hiking,Hiking,loro,mom_1m,total_cover,6223.0,momentum
NOR_5Y,5,LORO_Hiking,Hiking,loro,mom_3m,total_cover,2067.0,momentum
NOR_5Y,5,LORO_Hiking,Hiking,loro,mom_6m,total_cover,19.0,momentum
NOR_5Y,5,LORO_Hiking,Hiking,loro,mom_12m,total_cover,0.0,momentum
NOR_5Y,5,LORO_Hiking,Hiking,loro,dev_ma_3m,total_cover,122.0,curve
NOR_5Y,5,LORO_Hiking,Hiking,loro,dev_ma_12m,total_cover,2703.0,curve
NOR_5Y,5,LORO_Hiking,Hiking,loro,vol_20d,total_cover,38634.0,vol
NOR_5Y,5,LORO_Hiking,Hiking,loro,vol_regime,total_cover,0.0,vol
NOR_5Y,5,LORO_Hiking,Hiking,loro,vol_zscore,total_cover,106.0,vol
NOR_5Y,5,LORO_Hiking,Hiking,loro,level_zscore,total_cover,3877.0,curve
NOR_5Y,5,LORO_Hiking,Hiking,loro,slope_10_1,total_cover,6191.0,curve
NOR_5Y,5,LORO_Hiking,Hiking,loro,slope_10_5,total_cover,1240.0,curve
NOR_5Y,5,LORO_Hiking,Hiking,loro,slope_5_1,total_cover,0.0,curve
NOR_5Y,5,LORO_Hiking,Hiking,loro,sofr_mom_1m,total_cover,15861.0,macro
NOR_5Y,5,LORO_Hiking,Hiking,loro,ibor_level,total_cover,0.0,macro
NOR_5Y,5,LORO_Hiking,Hiking,loro,ibor_chg_1d,total_cover,3699.0,macro
NOR_5Y,5,LORO_Hiking,Hiking,loro,ibor_mom_1m,total_cover,37630.0,macro
NOR_5Y,5,LORO_Hiking,Hiking,loro,ibor_term_slope,total_cover,17950.0,macro
NOR_5Y,5,LORO_Hiking,Hiking,loro,swap_ibor_basis,total_cover,3298.0,curve
NOR_5Y,5,LORO_Hiking,Hiking,loro,move_level,total_cover,164.0,vol
NOR_5Y,5,LORO_Hiking,Hiking,loro,move_zscore,total_cover,792.0,vol
NOR_5Y,5,LORO_Hiking,Hiking,loro,vix_level,total_cover,108.0,vol
NOR_5Y,5,LORO_Hiking,Hiking,loro,vix_zscore,total_cover,0.0,vol
NOR_5Y,5,LORO_Hiking,Hiking,loro,v2x_level,total_cover,44.0,vol
NOR_5Y,5,LORO_Hiking,Hiking,loro,vxn_level,total_cover,0.0,vol
NOR_5Y,5,LORO_Hiking,Hiking,loro,ovx_level,total_cover,0.0,vol
NOR_5Y,5,LORO_Hiking,Hiking,loro,gvz_level,total_cover,0.0,vol
NOR_5Y,5,LORO_Hiking,Hiking,loro,spx_mom_1m,total_cover,8704.0,macro
NOR_5Y,5,LORO_Hiking,Hiking,loro,spx_mom_3m,total_cover,0.0,macro
NOR_5Y,5,LORO_Hiking,Hiking,loro,sx5e_mom_1m,total_cover,5423.0,macro
NOR_5Y,5,LORO_Hiking,Hiking,loro,sx5e_mom_3m,total_cover,70.0,macro
NOR_5Y,5,LORO_Hiking,Hiking,loro,mxwo_mom_1m,total_cover,0.0,macro
NOR_5Y,5,LORO_Hiking,Hiking,loro,ndx_mom_1m,total_cover,24.0,macro
NOR_5Y,5,LORO_Hiking,Hiking,loro,oil_mom_1m,total_cover,26798.0,macro
NOR_5Y,5,LORO_Hiking,Hiking,loro,oil_mom_3m,total_cover,2676.0,macro
NOR_5Y,5,LORO_Hiking,Hiking,loro,copper_mom_1m,total_cover,181.0,macro
NOR_5Y,5,LORO_Hiking,Hiking,loro,opec_prod,total_cover,0.0,macro
NOR_5Y,5,LORO_Hiking,Hiking,loro,natgas_mom_1m,total_cover,0.0,macro
NOR_5Y,5,LORO_Hiking,Hiking,loro,be5y_level,total_cover,135.0,macro
NOR_5Y,5,LORO_Hiking,Hiking,loro,be10y_level,total_cover,0.0,macro
NOR_5Y,5,LORO_Hiking,Hiking,loro,be_slope,total_cover,0.0,macro
NOR_5Y,5,LORO_Hiking,Hiking,loro,be5y_chg_1m,total_cover,0.0,macro
NOR_5Y,5,LORO_Hiking,Hiking,loro,ig_spread,total_cover,0.0,credit
NOR_5Y,5,LORO_Hiking,Hiking,loro,hy_spread,total_cover,0.0,credit
NOR_5Y,5,LORO_Hiking,Hiking,loro,ig_chg_1m,total_cover,0.0,credit
NOR_5Y,5,LORO_Hiking,Hiking,loro,hy_chg_1m,total_cover,0.0,credit
NOR_5Y,5,LORO_Hiking,Hiking,loro,cpi_yoy,total_cover,0.0,macro
NOR_5Y,5,LORO_Hiking,Hiking,loro,pce_core_chg,total_cover,1393.0,macro
NOR_5Y,5,LORO_Hiking,Hiking,loro,nfp_change,total_cover,0.0,macro
NOR_5Y,5,LORO_Hiking,Hiking,loro,pmi_us,total_cover,2009.0,macro
NOR_5Y,5,LORO_Hiking,Hiking,loro,pmi_eur,total_cover,1175.0,macro
NOR_5Y,5,LORO_Hiking,Hiking,loro,unemp_eur,total_cover,646.0,macro
NOR_5Y,5,LORO_Hiking,Hiking,loro,cpi_nsa_level,total_cover,0.0,macro
NOR_5Y,5,LORO_Hiking,Hiking,loro,pce_core_level,total_cover,0.0,macro
NOR_5Y,5,LORO_Hiking,Hiking,loro,eur_3m,total_cover,1462.0,macro
NOR_5Y,5,LORO_Hiking,Hiking,loro,eur_1w,total_cover,0.0,macro
NOR_5Y,5,LORO_Hiking,Hiking,loro,nor_ibor_1m,total_cover,20.0,norway
NOR_5Y,5,LORO_Hiking,Hiking,loro,nor_ibor_6m,total_cover,763.0,norway
NOR_5Y,5,LORO_Hiking,Hiking,loro,nor_ecb_dfr_chg,total_cover,0.0,norway
NOR_5Y,5,LORO_Hiking,Hiking,loro,nor_ecb_dfr_level,total_cover,279.0,norway
NOR_5Y,5,LORO_Hiking,Hiking,loro,nor_eurnok_chg_1d,total_cover,306.0,norway
NOR_5Y,5,LORO_Hiking,Hiking,loro,nor_eurnok_level,total_cover,0.0,norway
NOR_5Y,5,LORO_Hiking,Hiking,loro,nor_eurnok_mom_1m,total_cover,22.0,norway
NOR_5Y,5,LORO_Hiking,Hiking,loro,nor_eurnok_mom_3m,total_cover,0.0,norway
NOR_5Y,5,LORO_Hiking,Hiking,loro,nor_eurnok_rvol_20d,total_cover,3719.0,norway
NOR_5Y,5,LORO_Hiking,Hiking,loro,nor_govt_10y,total_cover,0.0,norway
NOR_5Y,5,LORO_Hiking,Hiking,loro,nor_govt_3y,total_cover,0.0,norway
NOR_5Y,5,LORO_Hiking,Hiking,loro,nor_govt_5y,total_cover,0.0,norway
NOR_5Y,5,LORO_Hiking,Hiking,loro,nor_i44_chg_1d,total_cover,450.0,norway
NOR_5Y,5,LORO_Hiking,Hiking,loro,nor_i44_level,total_cover,0.0,norway
NOR_5Y,5,LORO_Hiking,Hiking,loro,nor_i44_mom_1m,total_cover,48.0,norway
NOR_5Y,5,LORO_Hiking,Hiking,loro,nor_i44_mom_3m,total_cover,0.0,norway
NOR_5Y,5,LORO_Hiking,Hiking,loro,nor_i44_rvol_20d,total_cover,1355.0,norway
NOR_5Y,5,LORO_Hiking,Hiking,loro,nor_kpi_yoy,total_cover,0.0,norway
NOR_5Y,5,LORO_Hiking,Hiking,loro,nor_kpijae_yoy,total_cover,0.0,norway
NOR_5Y,5,LORO_Hiking,Hiking,loro,nor_nibor_nowa_spread,total_cover,771.0,norway
NOR_5Y,5,LORO_Hiking,Hiking,loro,nor_nowa_level,total_cover,4992.0,norway
NOR_5Y,5,LORO_Hiking,Hiking,loro,nor_polrate_chg_1d,total_cover,0.0,norway
NOR_5Y,5,LORO_Hiking,Hiking,loro,nor_polrate_days_since_chg,total_cover,0.0,norway
NOR_5Y,5,LORO_Hiking,Hiking,loro,nor_polrate_level,total_cover,0.0,norway
NOR_5Y,5,LORO_Hiking,Hiking,loro,nor_rb_rate_chg,total_cover,0.0,norway
NOR_5Y,5,LORO_Hiking,Hiking,loro,nor_rb_rate_level,total_cover,0.0,norway
NOR_5Y,5,LORO_Hiking,Hiking,loro,nor_unemp,total_cover,101.0,norway
NOR_5Y,5,LORO_Hiking,Hiking,loro,nor_usdnok_chg_1d,total_cover,0.0,norway
NOR_5Y,5,LORO_Hiking,Hiking,loro,nor_usdnok_level,total_cover,4917.0,norway
NOR_5Y,5,LORO_Hiking,Hiking,loro,nor_usdnok_mom_1m,total_cover,0.0,norway
NOR_5Y,5,LORO_Hiking,Hiking,loro,nor_usdnok_mom_3m,total_cover,4980.0,norway
NOR_5Y,5,LORO_Hiking,Hiking,loro,nor_usdnok_rvol_20d,total_cover,8.0,norway
NOR_5Y,5,LORO_Hiking,Hiking,loro,swap_govt_spread,total_cover,0.0,norway
NOR_5Y,5,LORO_Hiking,Hiking,loro,xmpca_01,total_cover,0.0,cross_market
NOR_5Y,5,LORO_Hiking,Hiking,loro,xmpca_02,total_cover,31.0,cross_market
NOR_5Y,5,LORO_Hiking,Hiking,loro,xmpca_03,total_cover,0.0,cross_market
NOR_5Y,5,LORO_Hiking,Hiking,loro,xmpca_04,total_cover,0.0,cross_market
NOR_5Y,5,LORO_Hiking,Hiking,loro,xmpca_05,total_cover,0.0,cross_market
NOR_5Y,5,LORO_Hiking,Hiking,loro,xmpca_06,total_cover,92.0,cross_market
NOR_5Y,5,LORO_Hiking,Hiking,loro,xmpca_07,total_cover,0.0,cross_market
NOR_5Y,5,LORO_Hiking,Hiking,loro,xmpca_08,total_cover,0.0,cross_market
NOR_5Y,5,LORO_Hiking,Hiking,loro,xmpca_09,total_cover,193.0,cross_market
NOR_5Y,5,LORO_Hiking,Hiking,loro,xmpca_10,total_cover,0.0,cross_market
NOR_5Y,5,LORO_Hiking,Hiking,loro,xmpca_11,total_cover,1844.0,cross_market
NOR_5Y,5,LORO_Hiking,Hiking,loro,xmpca_12,total_cover,0.0,cross_market
NOR_5Y,5,LORO_Hiking,Hiking,loro,chg_lag1,shap_mean_abs,0.00011429484584368765,momentum
NOR_5Y,5,LORO_Hiking,Hiking,loro,chg_lag2,shap_mean_abs,4.5508240873459727e-05,momentum
NOR_5Y,5,LORO_Hiking,Hiking,loro,chg_lag3,shap_mean_abs,9.554578355164267e-07,momentum
NOR_5Y,5,LORO_Hiking,Hiking,loro,chg_lag4,shap_mean_abs,0.0,momentum
NOR_5Y,5,LORO_Hiking,Hiking,loro,chg_lag5,shap_mean_abs,4.6907462092349306e-05,momentum
NOR_5Y,5,LORO_Hiking,Hiking,loro,carry_roll,shap_mean_abs,0.0003148811520077288,carry_roll
NOR_5Y,5,LORO_Hiking,Hiking,loro,mom_63d,shap_mean_abs,0.00013740283611696213,momentum
NOR_5Y,5,LORO_Hiking,Hiking,loro,mom_1m,shap_mean_abs,0.00038535569910891354,momentum
NOR_5Y,5,LORO_Hiking,Hiking,loro,mom_3m,shap_mean_abs,0.00016466499073430896,momentum
NOR_5Y,5,LORO_Hiking,Hiking,loro,mom_6m,shap_mean_abs,2.7213822249905206e-05,momentum
NOR_5Y,5,LORO_Hiking,Hiking,loro,mom_12m,shap_mean_abs,0.0,momentum
NOR_5Y,5,LORO_Hiking,Hiking,loro,dev_ma_3m,shap_mean_abs,4.104112304048613e-05,curve
NOR_5Y,5,LORO_Hiking,Hiking,loro,dev_ma_12m,shap_mean_abs,6.7704318098549265e-06,curve
NOR_5Y,5,LORO_Hiking,Hiking,loro,vol_20d,shap_mean_abs,0.006096529308706522,vol
NOR_5Y,5,LORO_Hiking,Hiking,loro,vol_regime,shap_mean_abs,0.0,vol
NOR_5Y,5,LORO_Hiking,Hiking,loro,vol_zscore,shap_mean_abs,5.35710460098926e-05,vol
NOR_5Y,5,LORO_Hiking,Hiking,loro,level_zscore,shap_mean_abs,0.00023906769638415426,curve
NOR_5Y,5,LORO_Hiking,Hiking,loro,slope_10_1,shap_mean_abs,0.0004954173928126693,curve
NOR_5Y,5,LORO_Hiking,Hiking,loro,slope_10_5,shap_mean_abs,0.0018220121273770928,curve
NOR_5Y,5,LORO_Hiking,Hiking,loro,slope_5_1,shap_mean_abs,0.0,curve
NOR_5Y,5,LORO_Hiking,Hiking,loro,sofr_mom_1m,shap_mean_abs,0.0011697616428136826,macro
NOR_5Y,5,LORO_Hiking,Hiking,loro,ibor_level,shap_mean_abs,0.0,macro
NOR_5Y,5,LORO_Hiking,Hiking,loro,ibor_chg_1d,shap_mean_abs,0.0004077692865394056,macro
NOR_5Y,5,LORO_Hiking,Hiking,loro,ibor_mom_1m,shap_mean_abs,0.00010481865319889039,macro
NOR_5Y,5,LORO_Hiking,Hiking,loro,ibor_term_slope,shap_mean_abs,0.0008702706545591354,macro
NOR_5Y,5,LORO_Hiking,Hiking,loro,swap_ibor_basis,shap_mean_abs,0.000603876484092325,curve
NOR_5Y,5,LORO_Hiking,Hiking,loro,move_level,shap_mean_abs,0.00015124856145121157,vol
NOR_5Y,5,LORO_Hiking,Hiking,loro,move_zscore,shap_mean_abs,0.00014717371959704906,vol
NOR_5Y,5,LORO_Hiking,Hiking,loro,vix_level,shap_mean_abs,9.640483040129766e-05,vol
NOR_5Y,5,LORO_Hiking,Hiking,loro,vix_zscore,shap_mean_abs,0.0,vol
NOR_5Y,5,LORO_Hiking,Hiking,loro,v2x_level,shap_mean_abs,1.8521244783187285e-05,vol
NOR_5Y,5,LORO_Hiking,Hiking,loro,vxn_level,shap_mean_abs,0.0,vol
NOR_5Y,5,LORO_Hiking,Hiking,loro,ovx_level,shap_mean_abs,0.0,vol
NOR_5Y,5,LORO_Hiking,Hiking,loro,gvz_level,shap_mean_abs,0.0,vol
NOR_5Y,5,LORO_Hiking,Hiking,loro,spx_mom_1m,shap_mean_abs,0.0002702083147596568,macro
NOR_5Y,5,LORO_Hiking,Hiking,loro,spx_mom_3m,shap_mean_abs,0.0,macro
NOR_5Y,5,LORO_Hiking,Hiking,loro,sx5e_mom_1m,shap_mean_abs,0.0007614946225658059,macro
NOR_5Y,5,LORO_Hiking,Hiking,loro,sx5e_mom_3m,shap_mean_abs,3.45294174621813e-05,macro
NOR_5Y,5,LORO_Hiking,Hiking,loro,mxwo_mom_1m,shap_mean_abs,0.0,macro
NOR_5Y,5,LORO_Hiking,Hiking,loro,ndx_mom_1m,shap_mean_abs,2.9472421374521218e-05,macro
NOR_5Y,5,LORO_Hiking,Hiking,loro,oil_mom_1m,shap_mean_abs,0.0008956747478805482,macro
NOR_5Y,5,LORO_Hiking,Hiking,loro,oil_mom_3m,shap_mean_abs,0.0002830129524227232,macro
NOR_5Y,5,LORO_Hiking,Hiking,loro,copper_mom_1m,shap_mean_abs,0.00012100851017748937,macro
NOR_5Y,5,LORO_Hiking,Hiking,loro,opec_prod,shap_mean_abs,0.0,macro
NOR_5Y,5,LORO_Hiking,Hiking,loro,natgas_mom_1m,shap_mean_abs,0.0,macro
NOR_5Y,5,LORO_Hiking,Hiking,loro,be5y_level,shap_mean_abs,6.401193968486041e-05,macro
NOR_5Y,5,LORO_Hiking,Hiking,loro,be10y_level,shap_mean_abs,0.0,macro
NOR_5Y,5,LORO_Hiking,Hiking,loro,be_slope,shap_mean_abs,0.0,macro
NOR_5Y,5,LORO_Hiking,Hiking,loro,be5y_chg_1m,shap_mean_abs,0.0,macro
NOR_5Y,5,LORO_Hiking,Hiking,loro,ig_spread,shap_mean_abs,0.0,credit
NOR_5Y,5,LORO_Hiking,Hiking,loro,hy_spread,shap_mean_abs,0.0,credit
NOR_5Y,5,LORO_Hiking,Hiking,loro,ig_chg_1m,shap_mean_abs,0.0,credit
NOR_5Y,5,LORO_Hiking,Hiking,loro,hy_chg_1m,shap_mean_abs,0.0,credit
NOR_5Y,5,LORO_Hiking,Hiking,loro,cpi_yoy,shap_mean_abs,0.0,macro
NOR_5Y,5,LORO_Hiking,Hiking,loro,pce_core_chg,shap_mean_abs,0.00012957678700331599,macro
NOR_5Y,5,LORO_Hiking,Hiking,loro,nfp_change,shap_mean_abs,0.0,macro
NOR_5Y,5,LORO_Hiking,Hiking,loro,pmi_us,shap_mean_abs,7.205014117062092e-05,macro
NOR_5Y,5,LORO_Hiking,Hiking,loro,pmi_eur,shap_mean_abs,0.0005950035993009806,macro
NOR_5Y,5,LORO_Hiking,Hiking,loro,unemp_eur,shap_mean_abs,0.00048361902008764446,macro
NOR_5Y,5,LORO_Hiking,Hiking,loro,cpi_nsa_level,shap_mean_abs,0.0,macro
NOR_5Y,5,LORO_Hiking,Hiking,loro,pce_core_level,shap_mean_abs,0.0,macro
NOR_5Y,5,LORO_Hiking,Hiking,loro,eur_3m,shap_mean_abs,3.996973828179762e-05,macro
NOR_5Y,5,LORO_Hiking,Hiking,loro,eur_1w,shap_mean_abs,0.0,macro
NOR_5Y,5,LORO_Hiking,Hiking,loro,nor_ibor_1m,shap_mean_abs,5.1954208174720407e-05,norway
NOR_5Y,5,LORO_Hiking,Hiking,loro,nor_ibor_6m,shap_mean_abs,0.00018826390441972762,norway
NOR_5Y,5,LORO_Hiking,Hiking,loro,nor_ecb_dfr_chg,shap_mean_abs,0.0,norway
NOR_5Y,5,LORO_Hiking,Hiking,loro,nor_ecb_dfr_level,shap_mean_abs,5.4814896429888904e-05,norway
NOR_5Y,5,LORO_Hiking,Hiking,loro,nor_eurnok_chg_1d,shap_mean_abs,0.00040094120777212083,norway
NOR_5Y,5,LORO_Hiking,Hiking,loro,nor_eurnok_level,shap_mean_abs,0.0,norway
NOR_5Y,5,LORO_Hiking,Hiking,loro,nor_eurnok_mom_1m,shap_mean_abs,9.456281986786053e-06,norway
NOR_5Y,5,LORO_Hiking,Hiking,loro,nor_eurnok_mom_3m,shap_mean_abs,0.0,norway
NOR_5Y,5,LORO_Hiking,Hiking,loro,nor_eurnok_rvol_20d,shap_mean_abs,2.900070649047848e-05,norway
NOR_5Y,5,LORO_Hiking,Hiking,loro,nor_govt_10y,shap_mean_abs,0.0,norway
NOR_5Y,5,LORO_Hiking,Hiking,loro,nor_govt_3y,shap_mean_abs,0.0,norway
NOR_5Y,5,LORO_Hiking,Hiking,loro,nor_govt_5y,shap_mean_abs,0.0,norway
NOR_5Y,5,LORO_Hiking,Hiking,loro,nor_i44_chg_1d,shap_mean_abs,0.00042087171459570527,norway
NOR_5Y,5,LORO_Hiking,Hiking,loro,nor_i44_level,shap_mean_abs,0.0,norway
NOR_5Y,5,LORO_Hiking,Hiking,loro,nor_i44_mom_1m,shap_mean_abs,6.16754186921753e-05,norway
NOR_5Y,5,LORO_Hiking,Hiking,loro,nor_i44_mom_3m,shap_mean_abs,0.0,norway
NOR_5Y,5,LORO_Hiking,Hiking,loro,nor_i44_rvol_20d,shap_mean_abs,3.7280580727383494e-05,norway
NOR_5Y,5,LORO_Hiking,Hiking,loro,nor_kpi_yoy,shap_mean_abs,0.0,norway
NOR_5Y,5,LORO_Hiking,Hiking,loro,nor_kpijae_yoy,shap_mean_abs,0.0,norway
NOR_5Y,5,LORO_Hiking,Hiking,loro,nor_nibor_nowa_spread,shap_mean_abs,0.000343801366398111,norway
NOR_5Y,5,LORO_Hiking,Hiking,loro,nor_nowa_level,shap_mean_abs,0.0024045270401984453,norway
NOR_5Y,5,LORO_Hiking,Hiking,loro,nor_polrate_chg_1d,shap_mean_abs,0.0,norway
NOR_5Y,5,LORO_Hiking,Hiking,loro,nor_polrate_days_since_chg,shap_mean_abs,0.0,norway
NOR_5Y,5,LORO_Hiking,Hiking,loro,nor_polrate_level,shap_mean_abs,0.0,norway
NOR_5Y,5,LORO_Hiking,Hiking,loro,nor_rb_rate_chg,shap_mean_abs,0.0,norway
NOR_5Y,5,LORO_Hiking,Hiking,loro,nor_rb_rate_level,shap_mean_abs,0.0,norway
NOR_5Y,5,LORO_Hiking,Hiking,loro,nor_unemp,shap_mean_abs,0.00010032710997620597,norway
NOR_5Y,5,LORO_Hiking,Hiking,loro,nor_usdnok_chg_1d,shap_mean_abs,0.0,norway
NOR_5Y,5,LORO_Hiking,Hiking,loro,nor_usdnok_level,shap_mean_abs,0.000411432032706216,norway
NOR_5Y,5,LORO_Hiking,Hiking,loro,nor_usdnok_mom_1m,shap_mean_abs,0.0,norway
NOR_5Y,5,LORO_Hiking,Hiking,loro,nor_usdnok_mom_3m,shap_mean_abs,0.001282657845877111,norway
NOR_5Y,5,LORO_Hiking,Hiking,loro,nor_usdnok_rvol_20d,shap_mean_abs,4.141029421589337e-06,norway
NOR_5Y,5,LORO_Hiking,Hiking,loro,swap_govt_spread,shap_mean_abs,0.0,norway
NOR_5Y,5,LORO_Hiking,Hiking,loro,xmpca_01,shap_mean_abs,0.0,cross_market
NOR_5Y,5,LORO_Hiking,Hiking,loro,xmpca_02,shap_mean_abs,1.2039025023113936e-05,cross_market
NOR_5Y,5,LORO_Hiking,Hiking,loro,xmpca_03,shap_mean_abs,0.0,cross_market
NOR_5Y,5,LORO_Hiking,Hiking,loro,xmpca_04,shap_mean_abs,0.0,cross_market
NOR_5Y,5,LORO_Hiking,Hiking,loro,xmpca_05,shap_mean_abs,0.0,cross_market
NOR_5Y,5,LORO_Hiking,Hiking,loro,xmpca_06,shap_mean_abs,9.66603183769621e-05,cross_market
NOR_5Y,5,LORO_Hiking,Hiking,loro,xmpca_07,shap_mean_abs,0.0,cross_market
NOR_5Y,5,LORO_Hiking,Hiking,loro,xmpca_08,shap_mean_abs,0.0,cross_market
NOR_5Y,5,LORO_Hiking,Hiking,loro,xmpca_09,shap_mean_abs,0.0009311259491369128,cross_market
NOR_5Y,5,LORO_Hiking,Hiking,loro,xmpca_10,shap_mean_abs,0.0,cross_market
NOR_5Y,5,LORO_Hiking,Hiking,loro,xmpca_11,shap_mean_abs,0.00010672628559404984,cross_market
NOR_5Y,5,LORO_Hiking,Hiking,loro,xmpca_12,shap_mean_abs,0.0,cross_market
